15000	147.13	-13
13853	149.03	-15.175
12753	151.55	-17.813
11700	158.47	-21.039
10695	169.39	-25.008
9736.6	183.3	-29.936
8827.1	199.97	-36.085
7966.7	219.36	-43.818
7156.2	241.64	-53.598
6396.6	266.94	-66.025
5688.9	295.33	-81.86
5034.3	326.67	-102.04
4433.7	360.35	-127.57
3888.1	395.03	-159.46
3398.3	428.21	-198.18
2964.7	455.94	-242.89
2587.2	474.02	-290.05
2264.5	482.05	-331.88
1993.8	483.44	-356.45
1770.3	483.44	-352.12
1587.1	483.44	-316.48
1436.1	483.44	-260.56
1309.3	483.44	-201.16
1200.4	483.44	-149.87
1104.9	483.44	-110.28
1019.4	483.44	-81.24
941.92	483.44	-60.273
871.08	483.44	-45.121
805.87	483.44	-34.078
745.62	483.44	-25.945
689.82	483.44	-19.893
638.07	483.44	-15.345
590.05	483.44	-11.898
545.51	483.44	-9.2678
504.21	483.44	-7.2479
465.94	483.44	-5.6892
430.48	483.44	-4.4815
397.67	483.44	-3.5426
367.32	483.44	-2.8101
339.26	483.44	-2.2371
313.33	483.44	-1.7876
289.39	483.44	-1.4338
267.29	483.44	-1.1545
246.9	483.44	-0.93311
228.09	483.44	-0.75703
210.76	483.44	-0.61643
194.79	483.44	-0.50364
180.08	483.44	-0.41281
166.55	483.44	-0.33936
154.09	483.44	-0.2797
142.64	483.44	-0.23105
132.11	483.44	-0.19123
122.44	483.44	-0.15852
113.56	483.44	-0.13156
105.41	483.44	-0.10926
97.946	483.44	-0.090785
91.105	483.44	-0.075423
84.843	483.44	-0.062629
79.12	483.44	-0.05196
73.893	483.44	-0.043049
69.127	483.44	-0.035595
64.788	483.44	-0.029359
60.843	483.44	-0.024143
57.263	483.44	-0.019784
54.02	483.44	-0.016149
51.088	483.44	-0.013123
48.443	483.44	-0.010613
46.059	483.44	-0.0085385
43.917	483.44	-0.0068322
41.995	483.44	-0.0054358
40.273	483.44	-0.0042996
38.733	483.44	-0.0033805
37.359	483.44	-0.0026419
36.134	483.44	-0.0020523
35.044	483.44	-0.0015849
34.075	483.44	-0.0012168
33.216	483.44	-0.00092881
32.453	483.44	-0.00070496
31.778	483.44	-0.00053198
31.181	483.44	-0.00039908
30.653	483.44	-0.00029759
30.187	483.44	-0.0002206
29.776	483.44	-0.0001626
29.413	483.44	-0.00011906
29.093	483.44	-8.6538e-05
28.811	483.44	-6.2364e-05
28.563	483.44	-4.4476e-05
28.345	483.44	-3.1301e-05
28.153	483.44	-2.164e-05
27.984	483.44	-1.459e-05
27.835	483.44	-9.4719e-06
27.705	483.44	-5.7764e-06
27.59	483.44	-3.1251e-06
27.49	483.44	-1.2386e-06
27.401	483.44	8.9624e-08
27.324	483.44	1.0118e-06
27.256	483.44	-5.2348e-06
27.196	483.44	-4.5886e-06
27.143	483.44	-4.07e-06
27.097	483.44	-3.6647e-06
27.057	483.44	-3.3415e-06
27.021	483.44	-3.0779e-06
26.99	483.44	-2.8577e-06
26.963	483.44	-2.6689e-06
26.939	483.44	-2.503e-06
26.918	483.44	-2.3541e-06
26.899	483.44	-2.2176e-06
26.883	483.44	-2.0905e-06
26.869	483.44	-1.9707e-06
26.856	483.44	-1.8568e-06
26.845	483.44	-1.748e-06
26.836	483.44	-1.6429e-06
26.827	483.44	-1.5405e-06
26.82	483.44	-1.441e-06
26.813	483.44	-1.3443e-06
26.807	483.44	-1.2507e-06
26.802	483.44	-1.1603e-06
26.798	483.44	-1.0732e-06
26.794	483.44	-9.8953e-07
26.79	483.44	-9.0936e-07
26.787	483.44	-8.3276e-07
26.784	483.44	-7.5987e-07
26.782	483.44	-6.9065e-07
26.78	483.44	-6.2525e-07
26.778	483.44	-5.6359e-07
26.776	483.44	-5.0572e-07
26.775	483.44	-4.5161e-07
26.773	483.44	-4.0123e-07
26.772	483.44	-3.5451e-07
26.771	483.44	-3.1139e-07
26.77	483.44	-2.7181e-07
26.769	483.44	-2.3564e-07
26.768	483.44	-2.0278e-07
26.767	483.44	-1.7311e-07
26.767	483.44	-1.4647e-07
26.766	483.44	-1.2274e-07
26.766	483.44	-1.0175e-07
26.765	483.44	-8.333e-08
26.765	483.44	-6.7329e-08
26.764	483.44	-5.3565e-08
26.764	483.44	-4.1865e-08
26.764	483.44	-3.205e-08
26.763	483.44	-2.3946e-08
26.763	483.44	-1.7377e-08
26.763	483.44	-1.2167e-08
26.763	483.44	-8.1466e-09
26.762	483.44	-5.1568e-09
26.762	483.44	-3.0282e-09
26.762	483.44	-1.6025e-09
26.762	483.44	-7.3018e-10
26.762	483.44	-2.6869e-10
26.761	483.44	-8.3291e-11
26.761	483.44	-4.737e-11
26.761	483.44	-4.2872e-11
26.761	483.44	3.9363e-11
26.761	483.44	2.9936e-10
26.761	483.44	8.2782e-10
26.761	483.44	1.706e-09
26.761	483.44	3.0056e-09
26.76	483.44	4.7889e-09
26.76	483.44	7.1086e-09
26.76	483.44	1.0008e-08
26.76	483.44	1.3522e-08
26.76	483.44	1.7676e-08
26.76	483.44	2.2485e-08
26.76	483.44	2.7959e-08
26.76	483.44	3.4097e-08
26.76	483.44	4.0891e-08
26.76	483.44	4.8326e-08
26.76	483.44	5.6381e-08
26.76	483.44	6.5023e-08
26.76	483.44	7.422e-08
26.76	483.44	8.393e-08
26.76	483.44	9.411e-08
26.76	483.44	1.0471e-07
26.76	483.44	1.1567e-07
26.76	483.44	1.2693e-07
26.76	483.44	1.3844e-07
26.76	483.44	1.5013e-07
26.76	483.44	1.6193e-07
26.76	483.44	1.7378e-07
26.76	483.44	1.856e-07
26.76	483.44	1.9733e-07
26.76	483.44	2.0891e-07
26.76	483.44	2.2025e-07
26.76	483.44	2.3129e-07
26.76	483.44	2.4198e-07
26.76	483.44	2.5223e-07
26.76	483.44	2.62e-07
26.76	483.44	2.7122e-07
26.76	483.44	2.7984e-07
26.76	483.44	2.8781e-07
26.76	483.44	2.9507e-07
26.76	483.44	3.0158e-07
26.76	483.44	3.0731e-07
26.76	483.44	3.1222e-07
26.76	483.44	3.1628e-07
26.76	483.44	3.1946e-07
26.76	483.44	3.2174e-07
26.76	483.44	3.2312e-07
26.76	483.44	3.2358e-07
