15000	93.322	-3.1653
14545	92.597	-3.3632
14097	92.056	-3.5768
13657	92.289	-3.8072
13224	93.167	-4.0562
12798	94.692	-4.3257
12379	96.616	-4.6177
11967	98.904	-4.9343
11562	101.54	-5.2783
11164	104.45	-5.6522
10774	107.66	-6.0593
10391	111.13	-6.5032
10014	114.89	-6.9876
9645.3	118.92	-7.5172
9283.5	123.25	-8.0966
8929	127.91	-8.7317
8581.7	132.8	-9.4283
8241.7	138.07	-10.194
7909.1	143.67	-11.036
7583.8	149.66	-11.964
7265.9	155.95	-12.988
6955.5	162.76	-14.118
6652.6	169.83	-15.369
6357.2	177.5	-16.753
6069.3	185.53	-18.287
5789.1	194.23	-19.989
5516.5	203.23	-21.88
5251.6	213.07	-23.98
4994.4	223.18	-26.316
4745	234.37	-28.915
4503.4	245.5	-31.808
4269.7	258.07	-35.025
4043.8	270.7	-38.604
3825.9	284.75	-42.581
3615.9	298.51	-46.991
3413.9	314.31	-51.874
3219.8	329.15	-57.266
3033.7	346.54	-63.196
2855.5	362.41	-69.687
2685.4	381.12	-76.75
2523.1	396.92	-84.373
2368.8	416.35	-92.521
2222.2	431.81	-101.13
2083.5	450.82	-110.09
1952.3	463.69	-119.24
1828.7	480.88	-128.38
1712.5	489.81	-137.23
1603.6	503.4	-145.5
1501.6	507.11	-152.81
1406.5	515.65	-158.86
1317.9	513.91	-163.23
1235.6	516.83	-165.76
1159.2	510.55	-166.08
1088.5	508.18	-164.35
1023	499.23	-160.35
962.33	492.28	-154.57
906.2	482.75	-146.92
854.21	472.84	-138.13
806.03	464.02	-128.19
761.3	453.45	-117.87
719.73	446.48	-107.16
681.03	436.42	-96.706
644.95	431.46	-86.448
611.25	423.4	-76.846
579.73	420.49	-67.793
550.21	414.71	-59.569
522.52	413.55	-52.03
496.51	410	-45.326
472.07	410.18	-39.301
449.06	408.42	-34.021
427.41	409.46	-29.345
407	408.91	-25.283
387.77	410.22	-21.721
369.63	410.26	-18.645
352.53	411.44	-15.968
336.4	411.62	-13.663
321.18	412.37	-11.666
306.83	412.23	-9.9511
293.31	412.34	-8.4719
280.56	411.46	-7.2031
268.54	410.61	-6.1128
257.23	409.13	-5.1796
246.58	407.31	-4.38
236.57	404.68	-3.6974
227.16	401.58	-3.1144
218.32	397.94	-2.6179
210.03	393.74	-2.1956
202.25	388.94	-1.8371
194.97	383.57	-1.5334
188.16	377.64	-1.2767
181.79	371.18	-1.0602
175.84	364.21	-0.87809
170.29	356.71	-0.72522
165.11	348.8	-0.5973
160.3	340.49	-0.49054
155.82	331.86	-0.40172
151.65	322.82	-0.32803
147.79	313.58	-0.26708
144.2	304.18	-0.21682
140.88	294.56	-0.17553
137.81	284.86	-0.1417
134.97	275.17	-0.11407
132.34	265.42	-0.091572
129.91	255.79	-0.073318
127.67	246.23	-0.05855
125.6	236.75	-0.046638
123.7	227.47	-0.037058
121.95	218.38	-0.029377
120.34	209.49	-0.023234
118.85	200.87	-0.018334
117.49	192.47	-0.014438
116.23	184.35	-0.011346
115.08	176.48	-0.0088997
114.02	168.9	-0.0069676
113.05	161.58	-0.0054452
112.16	154.54	-0.0042484
111.35	147.77	-0.0033092
110.6	141.3	-0.0025739
109.91	135.07	-0.0019989
109.28	129.1	-0.0015503
108.71	123.37	-0.0012008
108.18	117.9	-0.00092893
107.7	112.68	-0.00071769
107.25	107.67	-0.0005538
106.85	102.88	-0.00042683
106.48	98.306	-0.00032865
106.14	93.91	-0.00025282
105.83	89.732	-0.00019428
105.55	85.763	-0.00014917
105.29	81.956	-0.00011443
105.05	78.282	-8.7715e-05
104.83	74.788	-6.7183e-05
104.63	71.499	-5.142e-05
104.45	68.31	-3.9327e-05
104.29	65.259	-3.0056e-05
104.14	62.384	-2.2958e-05
104	59.604	-1.7525e-05
103.87	56.959	-1.3369e-05
103.75	54.428	-1.0192e-05
103.65	52.016	-7.766e-06
103.55	49.715	-5.9131e-06
103.46	47.51	-4.4997e-06
103.38	45.398	-3.4215e-06
103.31	43.391	-2.6e-06
103.24	41.474	-1.9744e-06
103.18	39.629	-1.4984e-06
103.12	37.878	-1.1368e-06
103.07	36.207	-8.6261e-07
103.03	34.596	-6.5556e-07
102.98	33.068	-5.0081e-07
102.94	31.607	-3.9731e-07
102.91	30.204	-3.1621e-07
102.87	28.873	-2.4964e-07
102.84	27.597	-1.985e-07
102.82	26.367	-1.5951e-07
102.79	25.203	-1.2987e-07
102.77	24.095	-1.0737e-07
102.75	23.024	-9.0304e-08
102.73	22.004	-7.7357e-08
102.71	21.035	-6.7524e-08
102.7	20.178	-6.0045e-08
102.68	19.215	-5.4292e-08
102.67	18.353	-4.9941e-08
102.66	17.551	-4.6516e-08
102.64	16.636	-4.3869e-08
102.63	16.025	-4.1751e-08
102.62	15.441	-3.9999e-08
102.62	14.64	-3.8535e-08
102.61	13.983	-3.7296e-08
102.6	13.371	-3.6181e-08
102.59	12.672	-3.5183e-08
102.59	12.205	-3.4249e-08
102.58	11.757	-3.3345e-08
102.58	11.146	-3.2463e-08
102.57	10.565	-3.1608e-08
102.57	10.174	-3.0763e-08
102.57	9.7255	-2.9906e-08
102.56	9.2859	-2.9063e-08
102.56	8.9431	-2.8205e-08
102.56	8.4756	-2.734e-08
102.55	8.0299	-2.6484e-08
102.55	7.7319	-2.5628e-08
102.55	7.3896	-2.4755e-08
102.55	7.0516	-2.3902e-08
102.54	6.7917	-2.3041e-08
102.54	6.4346	-2.2187e-08
102.54	6.0916	-2.1358e-08
102.54	5.8631	-2.054e-08
102.54	5.6011	-1.9722e-08
102.54	5.3433	-1.8932e-08
102.53	5.1413	-1.8146e-08
102.53	4.8681	-1.7377e-08
102.53	4.6073	-1.6639e-08
102.53	4.4312	-1.5919e-08
102.53	4.2619	-1.5207e-08
102.53	4.0332	-1.4516e-08
102.53	3.8441	-1.3855e-08
102.53	3.6679	-1.3205e-08
102.53	3.4685	-1.2586e-08
102.53	3.3319	-1.1987e-08
102.52	3.2008	-1.14e-08
102.52	3.0262	-1.0833e-08
102.52	2.8805	-1.0296e-08
102.52	2.744	-9.7711e-09
102.52	2.5911	-9.2743e-09
102.52	2.4858	-8.7969e-09
102.52	2.3835	-8.3312e-09
102.52	2.2491	-7.8849e-09
102.52	2.1371	-7.464e-09
102.52	2.0311	-7.0546e-09
102.52	1.9131	-6.6688e-09
102.52	1.8312	-6.3002e-09
102.52	1.7506	-5.9423e-09
102.52	1.647	-5.6006e-09
102.52	1.5594	-5.2798e-09
102.52	1.4776	-4.969e-09
102.52	1.3865	-4.6774e-09
102.52	1.3214	-4.3995e-09
102.52	1.2581	-4.1308e-09
102.52	1.1781	-3.8753e-09
102.52	1.1014	-3.636e-09
102.52	1.0456	-3.4089e-09
102.52	0.98433	-3.1895e-09
102.52	0.92443	-2.9845e-09
102.52	0.8743	-2.7872e-09
102.51	0.8132	-2.6e-09
102.51	0.75472	-2.4255e-09
102.51	0.711	-2.2603e-09
102.51	0.66398	-2.1014e-09
102.51	0.61829	-1.9536e-09
102.51	0.57939	-1.8117e-09
102.51	0.5339	-1.6778e-09
102.51	0.49087	-1.5536e-09
102.51	0.45798	-1.4365e-09
102.51	0.42301	-1.3244e-09
102.51	0.38959	-1.2207e-09
102.51	0.3613	-1.1217e-09
102.51	0.32893	-1.0288e-09
102.51	0.29869	-9.4317e-10
102.51	0.27543	-8.6296e-10
102.51	0.25319	-7.8672e-10
102.51	0.22871	-7.156e-10
102.51	0.20731	-6.5037e-10
102.51	0.18783	-5.8867e-10
102.51	0.16829	-5.3226e-10
102.51	0.15306	-4.7993e-10
102.51	0.13847	-4.3068e-10
102.51	0.12316	-3.8526e-10
102.51	0.11016	-3.4405e-10
102.51	0.098444	-3.0555e-10
102.51	0.086537	-2.7082e-10
102.51	0.077481	-2.3904e-10
102.51	0.069225	-2.096e-10
102.51	0.060306	-1.8286e-10
102.51	0.053155	-1.5903e-10
102.51	0.046855	-1.3718e-10
102.51	0.040668	-1.1787e-10
102.51	0.035918	-1.0058e-10
102.51	0.031881	-8.4947e-11
102.51	0.027857	-7.1126e-11
102.51	0.024148	-5.9159e-11
102.51	0.021364	-4.8692e-11
102.51	0.019213	-3.9469e-11
102.51	0.017295	-3.1669e-11
102.51	0.015791	-2.4921e-11
102.51	0.014578	-1.9251e-11
102.51	0.013654	-1.4618e-11
102.51	0.013224	-1.0824e-11
102.51	0.012959	-7.7306e-12
102.51	0.013243	-5.3434e-12
102.51	0.013637	-3.4955e-12
102.51	0.013815	-2.1422e-12
102.51	0.014537	-1.2149e-12
102.51	0.015773	-6.1059e-13
102.51	0.016887	-2.511e-13
102.51	0.018019	-7.8303e-14
102.51	0.019582	-1.9289e-14
102.51	0.021113	-1.353e-14
102.5	0.022624	-6.8202e-16
102.5	0.024786	7.4241e-14
102.5	0.026987	2.6682e-13
102.5	0.028491	6.2692e-13
102.5	0.030516	1.1906e-12
102.5	0.032794	2.0192e-12
102.5	0.034823	3.1253e-12
102.5	0.037427	4.5562e-12
102.5	0.039801	6.3758e-12
102.5	0.041838	8.5958e-12
102.5	0.044516	1.1199e-11
102.5	0.047167	1.4294e-11
102.5	0.049185	1.7806e-11
102.5	0.051725	2.1799e-11
102.5	0.054902	2.6367e-11
102.5	0.057233	3.1463e-11
102.5	0.059761	3.7011e-11
102.5	0.062272	4.3196e-11
102.5	0.064314	4.9829e-11
102.5	0.067422	5.7014e-11
102.5	0.070606	6.4883e-11
102.5	0.072701	7.3327e-11
102.5	0.075416	8.2198e-11
102.5	0.078119	9.1785e-11
102.5	0.079942	1.0178e-10
102.5	0.083089	1.1232e-10
102.5	0.086321	1.2359e-10
102.5	0.088218	1.3541e-10
102.5	0.089812	1.4758e-10
102.5	0.093204	1.6028e-10
102.5	0.095907	1.737e-10
102.5	0.09806	1.8741e-10
102.5	0.10137	2.0184e-10
102.5	0.10342	2.1676e-10
102.5	0.10486	2.319e-10
102.5	0.10803	2.4749e-10
102.5	0.1104	2.6378e-10
102.5	0.11252	2.8023e-10
102.5	0.11592	2.9734e-10
102.5	0.11754	3.1483e-10
102.5	0.11949	3.3244e-10
102.5	0.1218	3.5067e-10
102.5	0.12419	3.6892e-10
102.5	0.12627	3.878e-10
102.5	0.1274	4.0667e-10
102.5	0.13064	4.2583e-10
102.5	0.1327	4.4554e-10
102.5	0.13483	4.6515e-10
102.5	0.1379	4.8532e-10
102.5	0.13888	5.0568e-10
102.5	0.14088	5.2589e-10
102.5	0.1428	5.466e-10
102.5	0.14475	5.6712e-10
102.5	0.14669	5.8807e-10
102.5	0.14729	6.0881e-10
102.5	0.15033	6.2961e-10
102.5	0.15214	6.5081e-10
102.5	0.15397	6.7173e-10
102.5	0.15568	6.93e-10
102.5	0.15741	7.1395e-10
102.5	0.1604	7.3521e-10
102.5	0.1608	7.5645e-10
102.5	0.16236	7.7731e-10
102.5	0.16403	7.9845e-10
102.5	0.1656	8.1916e-10
102.5	0.16715	8.4014e-10
102.5	0.16724	8.6066e-10
102.5	0.17009	8.8103e-10
102.5	0.17155	9.0162e-10
102.5	0.17301	9.2171e-10
102.5	0.17438	9.4198e-10
102.5	0.17574	9.6171e-10
102.5	0.17851	9.8159e-10
102.5	0.17843	1.0012e-09
102.5	0.17962	1.0204e-09
102.5	0.18094	1.0396e-09
102.5	0.18217	1.0582e-09
102.5	0.18331	1.0769e-09
102.5	0.18299	1.095e-09
102.5	0.18569	1.1128e-09
102.5	0.18673	1.1306e-09
102.5	0.18781	1.1479e-09
102.5	0.18888	1.1651e-09
102.5	0.18985	1.1817e-09
102.5	0.1924	1.1983e-09
102.5	0.19191	1.2145e-09
102.5	0.19281	1.2301e-09
102.5	0.19372	1.2456e-09
102.5	0.19299	1.2605e-09
102.5	0.19545	1.2751e-09
102.5	0.19633	1.2895e-09
102.5	0.19715	1.3033e-09
102.5	0.19787	1.3169e-09
102.5	0.1986	1.3299e-09
102.5	0.20096	1.3427e-09
102.5	0.20013	1.3551e-09
102.5	0.20066	1.367e-09
102.5	0.2014	1.3785e-09
102.5	0.20197	1.3895e-09
102.5	0.20259	1.4003e-09
102.5	0.20157	1.4104e-09
102.5	0.20371	1.4201e-09
102.5	0.20423	1.4296e-09
102.5	0.20469	1.4384e-09
102.5	0.20519	1.447e-09
102.5	0.20557	1.4549e-09
102.5	0.20763	1.4626e-09
102.5	0.20643	1.4698e-09
102.5	0.2067	1.4764e-09
102.5	0.20712	1.4827e-09
102.5	0.20732	1.4885e-09
102.5	0.2077	1.4938e-09
102.5	0.2062	1.4987e-09
102.5	0.20803	1.503e-09
102.5	0.20827	1.507e-09
102.5	0.20824	1.5105e-09
102.5	0.20845	1.5135e-09
102.5	0.20818	1.5161e-09
102.5	0.20963	1.5182e-09
102.5	0.20742	1.5198e-09
102.5	0.20453	1.521e-09
102.5	0.19216	1.5217e-09
102.5	0.17979	1.5219e-09
