10000	170.11	-13.95
9594.5	171.97	-15.137
9199.1	174.15	-16.444
8813.7	177.12	-17.887
8438.2	180.84	-19.481
8072.8	185.67	-21.244
7717.2	191.02	-23.196
7371.5	197.21	-25.359
7035.8	203.78	-27.759
6710	211.1	-30.421
6394.1	218.71	-33.377
6088.2	227.18	-36.658
5792.2	235.71	-40.301
5506.3	245.3	-44.341
5230.3	254.66	-48.82
4964.4	265.17	-53.773
4708.5	275.19	-59.242
4462.8	286.64	-65.26
4227	296.9	-71.856
4001.3	309.08	-79.046
3785.6	319.14	-86.831
3580	331.48	-95.19
3384.2	340.8	-104.07
3198.4	352.69	-113.37
3022.4	360.18	-122.97
2856.1	370.82	-132.66
2699.2	375.11	-142.19
2551.7	383.07	-151.28
2413.3	383.56	-159.56
2283.7	387.69	-166.71
2162.6	383.56	-172.31
2049.7	383.21	-176.15
1944.4	374.84	-177.86
1846.5	369.89	-177.51
1755.5	358.62	-174.86
1670.8	349.35	-170.3
1592.1	336.79	-163.75
1518.8	324.43	-155.82
1450.5	312.04	-146.51
1386.7	298.07	-136.54
1327	286.9	-125.91
1271	272.91	-115.23
1218.4	263.14	-104.48
1168.8	250.5	-94.146
1122	242.84	-84.155
1077.6	232.46	-74.828
1035.5	226.78	-66.076
995.43	218.45	-58.085
957.22	214.36	-50.754
920.71	208.09	-44.173
885.78	205.29	-38.247
852.3	200.69	-33.002
820.18	198.79	-28.348
789.32	195.51	-24.276
759.65	194.29	-20.708
731.11	192.02	-17.618
703.63	191.38	-14.94
677.18	189.9	-12.64
651.7	189.66	-10.665
627.15	188.88	-8.9807
603.51	189.05	-7.5463
580.74	188.95	-6.3302
558.81	189.5	-5.3008
537.7	189.84	-4.4328
517.38	190.83	-3.7017
497.82	191.69	-3.0877
479.01	192.98	-2.5728
460.93	194.27	-2.1418
443.55	195.94	-1.7814
426.85	197.64	-1.4806
410.81	199.59	-1.2297
395.41	201.6	-1.0208
380.64	203.61	-0.84678
366.47	205.78	-0.7021
352.88	208.17	-0.58185
339.86	210.5	-0.48196
327.38	212.9	-0.39903
315.43	215.08	-0.33025
303.99	217.32	-0.27319
293.04	219.61	-0.22589
282.56	221.74	-0.1867
272.54	223.77	-0.15424
262.96	225.72	-0.12736
253.8	227.49	-0.10512
245.05	229.1	-0.086715
236.69	230.53	-0.071499
228.71	231.8	-0.058916
221.08	232.85	-0.048524
213.81	233.67	-0.039939
206.87	234.26	-0.032851
200.25	234.63	-0.027004
193.94	234.77	-0.022181
187.93	234.63	-0.018206
182.2	234.27	-0.014932
176.74	233.65	-0.012236
171.54	232.71	-0.010019
166.59	231.59	-0.0081962
161.89	230.21	-0.0066989
157.41	228.58	-0.0054699
153.16	226.7	-0.0044619
149.12	224.57	-0.0036359
145.27	222.24	-0.0029597
141.63	219.64	-0.0024068
138.17	216.9	-0.0019549
134.88	213.87	-0.0015861
131.77	210.74	-0.0012855
128.81	207.44	-0.0010406
126.01	203.87	-0.00084136
123.36	200.31	-0.00067948
120.85	196.58	-0.00054808
118.47	192.65	-0.00044159
116.22	188.66	-0.00035533
114.1	184.66	-0.00028561
112.08	180.52	-0.00022929
110.18	176.31	-0.00018385
108.38	172.15	-0.00014725
106.69	167.91	-0.0001178
105.08	163.67	-9.4126e-05
103.57	159.43	-7.5127e-05
102.14	155.22	-5.9898e-05
100.79	151.01	-4.7703e-05
99.521	146.83	-3.7951e-05
98.321	142.72	-3.0162e-05
97.191	138.64	-2.3945e-05
96.125	134.64	-1.8991e-05
95.121	130.69	-1.5048e-05
94.174	126.8	-1.1912e-05
93.283	123.02	-9.421e-06
92.444	119.3	-7.4439e-06
91.653	115.63	-5.877e-06
90.909	112.08	-4.6357e-06
90.209	108.62	-3.6537e-06
89.55	105.24	-2.8774e-06
88.93	101.95	-2.2643e-06
88.347	98.732	-1.7805e-06
87.798	95.621	-1.3991e-06
87.282	92.614	-1.0986e-06
86.796	89.677	-8.6196e-07
86.34	86.802	-6.7589e-07
85.911	84.037	-5.2962e-07
85.507	81.372	-4.1476e-07
85.128	78.765	-3.2458e-07
84.772	76.265	-2.5385e-07
84.437	73.822	-1.984e-07
84.122	71.454	-1.5497e-07
83.827	69.173	-1.2097e-07
83.549	66.922	-9.4348e-08
83.288	64.791	-7.3535e-08
83.042	62.759	-5.7272e-08
82.812	60.759	-4.4567e-08
82.596	58.792	-3.4652e-08
82.393	56.914	-2.6919e-08
82.202	55.106	-2.0895e-08
82.023	53.345	-1.6204e-08
81.854	51.646	-1.2554e-08
81.696	50.005	-9.715e-09
81.548	48.414	-7.5095e-09
81.409	46.872	-5.7977e-09
81.278	45.384	-4.4698e-09
81.155	43.948	-3.441e-09
81.04	42.709	-2.6448e-09
80.931	41.204	-2.0249e-09
80.83	39.89	-1.5541e-09
80.734	38.642	-1.1852e-09
80.645	37.123	-9.0586e-10
80.561	36.236	-6.9079e-10
80.482	35.366	-5.232e-10
80.408	33.984	-3.9528e-10
80.338	32.907	-2.9925e-10
80.273	31.878	-2.2501e-10
80.212	30.626	-1.6962e-10
80.155	29.907	-1.2768e-10
80.101	29.193	-9.5603e-11
80.05	28.053	-7.164e-11
80.003	26.949	-5.4061e-11
79.958	26.311	-4.0995e-11
79.916	25.501	-3.1201e-11
79.877	24.686	-2.4121e-11
79.84	24.105	-1.8852e-11
79.806	23.172	-1.5e-11
79.773	22.267	-1.2201e-11
79.743	21.733	-1.0085e-11
79.714	21.063	-8.3852e-12
79.687	20.398	-6.9407e-12
79.662	19.916	-5.6208e-12
79.639	19.14	-4.9581e-12
79.616	18.388	-4.7705e-12
79.596	17.958	-4.8867e-12
79.576	17.403	-5.2038e-12
79.558	16.85	-5.6377e-12
79.541	16.454	-6.1545e-12
79.525	15.814	-6.7021e-12
79.509	15.195	-7.2456e-12
79.495	14.836	-7.77e-12
79.482	14.487	-8.2682e-12
79.469	13.924	-8.7263e-12
79.458	13.482	-9.123e-12
79.447	13.063	-9.4712e-12
79.436	12.551	-9.7582e-12
79.427	12.256	-9.9874e-12
79.418	11.966	-1.0164e-11
79.409	11.5	-1.0283e-11
79.401	11.135	-1.0349e-11
79.393	10.787	-1.0364e-11
79.386	10.366	-1.0334e-11
79.38	10.118	-1.0261e-11
79.373	9.8764	-1.0146e-11
79.368	9.4937	-9.9965e-12
79.362	9.1916	-9.8171e-12
79.357	8.9029	-9.6054e-12
79.352	8.5513	-9.3726e-12
79.348	8.3478	-9.1199e-12
79.343	8.15	-8.8432e-12
79.339	7.8306	-8.552e-12
79.335	7.5779	-8.2529e-12
79.332	7.3388	-7.9388e-12
79.329	7.0483	-7.6248e-12
79.325	6.8793	-7.3052e-12
79.322	6.717	-6.9778e-12
79.32	6.4511	-6.6512e-12
79.317	6.1914	-6.3294e-12
79.315	6.0415	-6.011e-12
79.312	5.8534	-5.6931e-12
79.31	5.6636	-5.3842e-12
79.308	5.5247	-5.0779e-12
79.306	5.3053	-4.779e-12
79.304	5.0926	-4.494e-12
79.303	4.968	-4.2169e-12
79.301	4.8097	-3.9454e-12
79.3	4.6514	-3.6883e-12
79.298	4.5371	-3.4375e-12
79.297	4.3551	-3.1978e-12
79.295	4.1794	-2.9725e-12
79.294	4.0751	-2.7572e-12
79.293	3.9441	-2.5501e-12
79.292	3.8135	-2.3568e-12
79.291	3.7173	-2.1703e-12
79.29	3.5664	-1.9957e-12
79.289	3.4215	-1.833e-12
79.288	3.3349	-1.6807e-12
79.288	3.2503	-1.5352e-12
79.287	3.1183	-1.3993e-12
79.286	3.0129	-1.2745e-12
79.285	2.913	-1.1565e-12
79.285	2.7928	-1.0485e-12
79.284	2.7216	-9.4811e-13
79.284	2.6508	-8.5422e-13
79.283	2.541	-7.6737e-13
79.282	2.4549	-6.887e-13
79.282	2.3721	-6.1545e-13
79.282	2.2728	-5.4916e-13
79.281	2.2126	-4.8858e-13
79.281	2.1546	-4.3226e-13
79.28	2.0649	-3.8122e-13
79.28	1.9931	-3.3571e-13
79.279	1.9252	-2.9398e-13
79.279	1.8442	-2.5672e-13
79.279	1.7937	-2.2325e-13
79.279	1.7449	-1.9282e-13
79.278	1.6725	-1.6554e-13
79.278	1.6009	-1.4211e-13
79.278	1.5569	-1.2081e-13
79.277	1.5031	-1.0192e-13
79.277	1.4499	-8.5679e-14
79.277	1.4101	-7.1161e-14
79.277	1.3496	-5.8534e-14
79.276	1.2915	-4.789e-14
79.276	1.2561	-3.8702e-14
79.276	1.2122	-3.067e-14
79.276	1.1688	-2.4141e-14
79.276	1.1364	-1.8614e-14
79.276	1.0874	-1.4054e-14
79.275	1.0404	-1.0453e-14
79.275	1.0118	-7.5594e-15
79.275	0.97624	-5.1426e-15
79.275	0.94112	-3.4814e-15
79.275	0.91513	-2.0909e-15
79.275	0.87616	-1.3015e-15
79.274	0.83825	-6.4438e-16
79.274	0.81512	-2.9812e-16
79.274	0.79289	-1.0207e-16
79.274	0.75923	-1.8689e-17
79.274	0.73218	9.3435e-18
79.274	0.70717	1.3251e-17
79.274	0.67705	-9.9953e-18
79.274	0.65918	1.0159e-16
79.274	0.64169	3.7031e-16
79.273	0.61504	6.93e-16
79.273	0.59389	1.2232e-15
79.273	0.57416	1.9923e-15
79.273	0.55061	2.8865e-15
79.273	0.53691	4.1513e-15
79.273	0.52344	5.5971e-15
79.273	0.5025	7.4095e-15
79.273	0.48616	9.4462e-15
79.273	0.47117	1.1894e-14
79.273	0.45283	1.4638e-14
79.273	0.44198	1.7658e-14
79.273	0.43226	2.1191e-14
79.273	0.416	2.5015e-14
79.273	0.40342	2.9222e-14
79.273	0.39225	3.3831e-14
79.272	0.37766	3.8782e-14
79.272	0.3701	4.4137e-14
79.272	0.36304	4.997e-14
79.272	0.35046	5.6242e-14
79.272	0.33832	6.2801e-14
79.272	0.3324	6.9761e-14
79.272	0.32385	7.726e-14
79.272	0.31593	8.5028e-14
79.272	0.31108	9.3363e-14
79.272	0.30136	1.0211e-13
79.272	0.29201	1.1112e-13
79.272	0.28788	1.2052e-13
79.272	0.28184	1.3048e-13
79.272	0.27594	1.4068e-13
79.272	0.27249	1.5144e-13
79.272	0.26514	1.6257e-13
79.272	0.26007	1.7394e-13
79.272	0.25542	1.8588e-13
79.272	0.25086	1.9798e-13
79.272	0.24675	2.106e-13
79.272	0.24075	2.2338e-13
79.272	0.23894	2.3647e-13
79.272	0.23539	2.5013e-13
79.272	0.232	2.639e-13
79.272	0.23063	2.7821e-13
79.272	0.22584	2.9281e-13
79.272	0.22293	3.0746e-13
79.272	0.22036	3.2261e-13
79.272	0.2179	3.3778e-13
79.272	0.21557	3.5347e-13
79.272	0.21161	3.6914e-13
79.271	0.21135	3.8499e-13
79.271	0.20945	4.0134e-13
79.271	0.2077	4.1759e-13
79.271	0.20601	4.3429e-13
79.271	0.20443	4.5093e-13
79.271	0.20464	4.6795e-13
79.271	0.20174	4.851e-13
79.271	0.2005	5.0209e-13
79.271	0.19939	5.1949e-13
79.271	0.19832	5.3668e-13
79.271	0.19738	5.5415e-13
79.271	0.19494	5.7147e-13
79.271	0.19576	5.8878e-13
79.271	0.19499	6.0646e-13
79.271	0.19436	6.2377e-13
79.271	0.19384	6.4141e-13
79.271	0.19331	6.5872e-13
79.271	0.19442	6.7631e-13
79.271	0.1925	6.9378e-13
79.271	0.19216	7.109e-13
79.271	0.19193	7.2825e-13
79.271	0.19164	7.452e-13
79.271	0.19146	7.6227e-13
79.271	0.18981	7.7894e-13
79.271	0.19122	7.9546e-13
79.271	0.19112	8.1212e-13
79.271	0.19117	8.2827e-13
79.271	0.19117	8.4453e-13
79.271	0.19111	8.6028e-13
79.271	0.19273	8.7609e-13
79.271	0.19142	8.9165e-13
79.271	0.1915	9.0668e-13
79.271	0.1915	9.2176e-13
79.271	0.19007	9.3627e-13
79.271	0.19184	9.5051e-13
79.271	0.19215	9.6469e-13
79.271	0.19227	9.7833e-13
79.271	0.19242	9.9182e-13
79.271	0.19269	1.0048e-12
79.271	0.19442	1.0177e-12
79.271	0.19316	1.0301e-12
79.271	0.19335	1.042e-12
79.271	0.19362	1.0537e-12
79.271	0.19381	1.0649e-12
79.271	0.19413	1.0759e-12
79.271	0.19276	1.0862e-12
79.271	0.19454	1.0962e-12
79.271	0.19482	1.1059e-12
79.271	0.19502	1.1151e-12
79.271	0.19529	1.1239e-12
79.271	0.19545	1.1322e-12
79.271	0.19725	1.1402e-12
79.271	0.19592	1.1476e-12
79.271	0.19603	1.1545e-12
79.271	0.19628	1.1611e-12
79.271	0.19637	1.1672e-12
79.271	0.19662	1.1728e-12
79.271	0.19508	1.1779e-12
79.271	0.19672	1.1825e-12
79.271	0.19691	1.1867e-12
79.271	0.19682	1.1903e-12
79.271	0.19694	1.1936e-12
79.271	0.19664	1.1962e-12
79.271	0.19798	1.1985e-12
79.271	0.19587	1.2002e-12
79.271	0.19313	1.2015e-12
79.271	0.18142	1.2022e-12
79.271	0.16972	1.2024e-12
