15000	122.76	-6.2494
14481	123.23	-6.7036
13971	123.77	-7.1984
13472	125.02	-7.7384
12983	127.01	-8.3286
12504	129.66	-8.9745
12035	132.86	-9.6823
11576	136.53	-10.459
11127	140.61	-11.312
10688	145.09	-12.251
10259	149.97	-13.286
9839.5	155.22	-14.427
9430.3	160.88	-15.689
9031.3	166.93	-17.084
8642.3	173.41	-18.63
8263.5	180.29	-20.344
7894.8	187.62	-22.246
7536.3	195.36	-24.361
7188	203.63	-26.713
6850.1	212.32	-29.331
6522.5	221.53	-32.246
6205.3	231.16	-35.493
5898.4	241.38	-39.111
5602.1	251.95	-43.138
5316.2	263.12	-47.618
5040.9	274.6	-52.594
4776.1	286.71	-58.11
4521.9	298.93	-64.205
4278.3	311.69	-70.915
4045.3	324.29	-78.263
3822.8	337.36	-86.254
3610.9	349.82	-94.872
3409.4	362.46	-104.07
3218.4	373.81	-113.74
3037.6	384.97	-123.75
2867.1	394.1	-133.88
2706.4	402.55	-143.87
2555.6	407.92	-153.39
2414.2	411.98	-162.03
2282	413.82	-169.44
2158.6	415.14	-175.17
2043.7	415.14	-178.99
1936.8	415.14	-180.53
1837.4	415.14	-179.87
1745.1	415.14	-176.79
1659.3	415.14	-171.78
1579.6	415.14	-164.73
1505.5	415.14	-156.38
1436.4	415.14	-146.69
1372	415.14	-136.44
1311.8	415.14	-125.57
1255.3	415.14	-114.75
1202.3	415.14	-103.9
1152.5	415.14	-93.526
1105.4	415.14	-83.514
1060.9	415.14	-74.194
1018.8	415.14	-65.457
978.75	415.14	-57.496
940.66	415.14	-50.2
904.36	415.14	-43.666
869.71	415.14	-37.788
836.59	415.14	-32.591
804.89	415.14	-27.988
774.52	415.14	-23.966
745.4	415.14	-20.447
717.44	415.14	-17.403
690.6	415.14	-14.766
664.81	415.14	-12.504
640.02	415.14	-10.563
616.17	415.14	-8.9073
593.24	415.14	-7.497
571.16	415.14	-6.3012
549.92	415.14	-5.2882
529.47	415.14	-4.4335
509.77	415.14	-3.7127
490.81	415.14	-3.1066
472.55	415.14	-2.5972
454.95	415.14	-2.1703
438.01	415.14	-1.8124
421.68	415.14	-1.5128
405.95	415.14	-1.2625
390.8	415.14	-1.0533
376.19	415.14	-0.87857
362.11	415.14	-0.73277
348.55	415.14	-0.61112
335.48	415.14	-0.50967
322.87	415.14	-0.42507
310.73	415.14	-0.35456
299.02	415.14	-0.29576
287.74	415.14	-0.24677
276.86	415.14	-0.20592
266.38	415.14	-0.17187
256.28	415.14	-0.14348
246.54	415.14	-0.1198
237.17	415.14	-0.10006
228.13	415.14	-0.083589
219.43	415.14	-0.069845
211.04	415.14	-0.058379
202.97	415.14	-0.048803
195.2	415.14	-0.040807
187.72	415.14	-0.034129
180.53	415.14	-0.028548
173.61	415.14	-0.023884
166.96	415.14	-0.019985
160.56	415.14	-0.016723
154.42	415.14	-0.013995
148.52	415.14	-0.011713
142.86	415.14	-0.009802
137.43	415.14	-0.0082026
132.22	415.14	-0.0068635
127.22	415.14	-0.0057421
122.44	415.14	-0.0048027
117.86	415.14	-0.0040161
113.48	415.14	-0.003357
109.29	415.14	-0.0028051
105.28	415.14	-0.0023427
101.46	415.14	-0.0019557
97.805	415.14	-0.0016315
94.32	415.14	-0.0013602
90.996	415.14	-0.0011332
87.828	415.14	-0.00094332
84.811	415.14	-0.00078456
81.939	415.14	-0.00065193
79.207	415.14	-0.00054119
76.609	415.14	-0.00044878
74.14	415.14	-0.00037171
71.795	415.14	-0.00030752
69.568	415.14	-0.0002541
67.456	415.14	-0.00020969
65.453	415.14	-0.00017282
63.554	415.14	-0.00014223
61.755	415.14	-0.00011688
60.051	415.14	-9.5916e-05
58.438	415.14	-7.8594e-05
56.912	415.14	-6.4298e-05
55.469	415.14	-5.2522e-05
54.105	415.14	-4.2836e-05
52.815	415.14	-3.488e-05
51.597	415.14	-2.8357e-05
50.446	415.14	-2.3018e-05
49.36	415.14	-1.8652e-05
48.335	415.14	-1.5091e-05
47.368	415.14	-1.219e-05
46.456	415.14	-9.8313e-06
45.596	415.14	-7.9162e-06
44.785	415.14	-6.3641e-06
44.021	415.14	-5.1083e-06
43.301	415.14	-4.0939e-06
42.623	415.14	-3.2756e-06
41.985	415.14	-2.6167e-06
41.383	415.14	-2.087e-06
40.817	415.14	-1.6619e-06
40.284	415.14	-1.3214e-06
39.783	415.14	-1.049e-06
39.311	415.14	-8.3167e-07
38.867	415.14	-6.584e-07
38.45	415.14	-5.2045e-07
38.057	415.14	-4.1082e-07
37.688	415.14	-3.2382e-07
37.341	415.14	-2.5486e-07
37.015	415.14	-2.003e-07
36.708	415.14	-1.5688e-07
36.42	415.14	-1.2319e-07
36.149	415.14	-9.6202e-08
35.894	415.14	-7.5328e-08
35.655	415.14	-5.8895e-08
35.43	415.14	-4.5786e-08
35.219	415.14	-3.554e-08
35.021	415.14	-2.7663e-08
34.834	415.14	-2.1408e-08
34.659	415.14	-1.6614e-08
34.495	415.14	-1.2876e-08
34.341	415.14	-9.9229e-09
34.196	415.14	-7.6387e-09
34.06	415.14	-5.9001e-09
33.932	415.14	-4.5548e-09
33.812	415.14	-3.5005e-09
33.699	415.14	-2.7031e-09
33.594	415.14	-2.0809e-09
33.494	415.14	-1.6053e-09
33.401	415.14	-1.2474e-09
33.314	415.14	-9.7307e-10
33.232	415.14	-7.597e-10
33.154	415.14	-5.9852e-10
33.082	415.14	-4.7157e-10
33.014	415.14	-3.7134e-10
32.951	415.14	-2.9102e-10
32.891	415.14	-2.3435e-10
32.835	415.14	-1.9646e-10
32.782	415.14	-1.7301e-10
32.733	415.14	-1.5941e-10
32.686	415.14	-1.5327e-10
32.643	415.14	-1.5247e-10
32.602	415.14	-1.5525e-10
32.564	415.14	-1.6052e-10
32.528	415.14	-1.6731e-10
32.494	415.14	-1.7477e-10
32.462	415.14	-1.8262e-10
32.432	415.14	-1.9023e-10
32.405	415.14	-1.9741e-10
32.378	415.14	-2.0408e-10
32.354	415.14	-2.0996e-10
32.331	415.14	-2.1491e-10
32.309	415.14	-2.1901e-10
32.289	415.14	-2.2212e-10
32.27	415.14	-2.2432e-10
32.252	415.14	-2.2563e-10
32.235	415.14	-2.2606e-10
32.219	415.14	-2.2564e-10
32.205	415.14	-2.2442e-10
32.191	415.14	-2.2251e-10
32.178	415.14	-2.1994e-10
32.165	415.14	-2.1669e-10
32.154	415.14	-2.1289e-10
32.143	415.14	-2.0866e-10
32.133	415.14	-2.0392e-10
32.124	415.14	-1.9887e-10
32.115	415.14	-1.9352e-10
32.106	415.14	-1.8779e-10
32.098	415.14	-1.8184e-10
32.091	415.14	-1.7581e-10
32.084	415.14	-1.6963e-10
32.078	415.14	-1.6327e-10
32.071	415.14	-1.5695e-10
32.066	415.14	-1.5049e-10
32.06	415.14	-1.4405e-10
32.055	415.14	-1.3775e-10
32.05	415.14	-1.315e-10
32.046	415.14	-1.2525e-10
32.042	415.14	-1.1918e-10
32.038	415.14	-1.1314e-10
32.034	415.14	-1.0724e-10
32.031	415.14	-1.0159e-10
32.027	415.14	-9.6096e-11
32.024	415.14	-9.0673e-11
32.021	415.14	-8.5516e-11
32.019	415.14	-8.0474e-11
32.016	415.14	-7.5605e-11
32.014	415.14	-7.1011e-11
32.011	415.14	-6.6599e-11
32.009	415.14	-6.2316e-11
32.007	415.14	-5.8227e-11
32.005	415.14	-5.4383e-11
32.003	415.14	-5.0666e-11
32.002	415.14	-4.7195e-11
32	415.14	-4.3904e-11
31.999	415.14	-4.0735e-11
31.997	415.14	-3.7742e-11
31.996	415.14	-3.4962e-11
31.994	415.14	-3.2297e-11
31.993	415.14	-2.983e-11
31.992	415.14	-2.7516e-11
31.991	415.14	-2.531e-11
31.99	415.14	-2.3234e-11
31.989	415.14	-2.133e-11
31.988	415.14	-1.9527e-11
31.987	415.14	-1.7867e-11
31.987	415.14	-1.6321e-11
31.986	415.14	-1.4863e-11
31.985	415.14	-1.3508e-11
31.984	415.14	-1.2272e-11
31.984	415.14	-1.1128e-11
31.983	415.14	-1.0053e-11
31.982	415.14	-9.0777e-12
31.982	415.14	-8.1637e-12
31.981	415.14	-7.3257e-12
31.981	415.14	-6.569e-12
31.98	415.14	-5.8729e-12
31.98	415.14	-5.226e-12
31.98	415.14	-4.6453e-12
31.979	415.14	-4.1099e-12
31.979	415.14	-3.6246e-12
31.978	415.14	-3.1882e-12
31.978	415.14	-2.7952e-12
31.978	415.14	-2.435e-12
31.977	415.14	-2.1164e-12
31.977	415.14	-1.8248e-12
31.977	415.14	-1.5663e-12
31.976	415.14	-1.3394e-12
31.976	415.14	-1.1374e-12
31.976	415.14	-9.5686e-13
31.976	415.14	-7.9911e-13
31.976	415.14	-6.6274e-13
31.975	415.14	-5.4319e-13
31.975	415.14	-4.411e-13
31.975	415.14	-3.5356e-13
31.975	415.14	-2.7764e-13
31.975	415.14	-2.1624e-13
31.974	415.14	-1.6443e-13
31.974	415.14	-1.2186e-13
31.974	415.14	-8.8478e-14
31.974	415.14	-6.1734e-14
31.974	415.14	-4.1311e-14
31.974	415.14	-2.5832e-14
31.973	415.14	-1.5237e-14
31.973	415.14	-7.7408e-15
31.973	415.14	-3.8381e-15
31.973	415.14	-1.6653e-15
31.973	415.14	-3.8434e-16
31.973	415.14	6.2392e-17
31.973	415.14	-7.2362e-17
31.973	415.14	4.193e-16
31.973	415.14	1.7705e-15
31.972	415.14	4.2707e-15
31.972	415.14	8.7471e-15
31.972	415.14	1.5899e-14
31.972	415.14	2.5692e-14
31.972	415.14	3.8423e-14
31.972	415.14	5.4877e-14
31.972	415.14	7.4534e-14
31.972	415.14	9.9091e-14
31.972	415.14	1.2688e-13
31.972	415.14	1.5953e-13
31.972	415.14	1.9688e-13
31.972	415.14	2.3984e-13
31.972	415.14	2.8737e-13
31.972	415.14	3.4076e-13
31.972	415.14	3.9991e-13
31.971	415.14	4.6402e-13
31.971	415.14	5.3401e-13
31.971	415.14	6.0931e-13
31.971	415.14	6.9175e-13
31.971	415.14	7.7865e-13
31.971	415.14	8.7125e-13
31.971	415.14	9.7167e-13
31.971	415.14	1.0764e-12
31.971	415.14	1.1891e-12
31.971	415.14	1.3072e-12
31.971	415.14	1.4297e-12
31.971	415.14	1.5602e-12
31.971	415.14	1.6945e-12
31.971	415.14	1.8364e-12
31.971	415.14	1.9817e-12
31.971	415.14	2.1326e-12
31.971	415.14	2.2914e-12
31.971	415.14	2.4525e-12
31.971	415.14	2.6217e-12
31.971	415.14	2.7932e-12
31.971	415.14	2.9718e-12
31.971	415.14	3.1557e-12
31.971	415.14	3.3406e-12
31.971	415.14	3.533e-12
31.971	415.14	3.726e-12
31.971	415.14	3.9261e-12
31.971	415.14	4.1264e-12
31.971	415.14	4.33e-12
31.971	415.14	4.5401e-12
31.971	415.14	4.7493e-12
31.971	415.14	4.9646e-12
31.971	415.14	5.1792e-12
31.971	415.14	5.3988e-12
31.971	415.14	5.6201e-12
31.971	415.14	5.8396e-12
31.971	415.14	6.0635e-12
31.971	415.14	6.2852e-12
31.971	415.14	6.5108e-12
31.971	415.14	6.7333e-12
31.971	415.14	6.9555e-12
31.971	415.14	7.1816e-12
31.971	415.14	7.4034e-12
31.971	415.14	7.6277e-12
31.971	415.14	7.8475e-12
31.971	415.14	8.0693e-12
31.971	415.14	8.2896e-12
31.971	415.14	8.5042e-12
31.971	415.14	8.7203e-12
31.971	415.14	8.9303e-12
31.971	415.14	9.1375e-12
31.971	415.14	9.3451e-12
31.971	415.14	9.546e-12
31.971	415.14	9.7466e-12
31.971	415.14	9.9401e-12
31.971	415.14	1.0132e-11
31.971	415.14	1.0321e-11
31.971	415.14	1.0501e-11
31.971	415.14	1.068e-11
31.971	415.14	1.0851e-11
31.971	415.14	1.1019e-11
31.971	415.14	1.1179e-11
31.971	415.14	1.1333e-11
31.971	415.14	1.1485e-11
31.971	415.14	1.1627e-11
31.971	415.14	1.1766e-11
31.971	415.14	1.1896e-11
31.971	415.14	1.2022e-11
31.971	415.14	1.214e-11
31.971	415.14	1.225e-11
31.971	415.14	1.2355e-11
31.971	415.14	1.2451e-11
31.971	415.14	1.2541e-11
31.971	415.14	1.2622e-11
31.971	415.14	1.2696e-11
31.971	415.14	1.2764e-11
31.971	415.14	1.2822e-11
31.971	415.14	1.2874e-11
31.971	415.14	1.2918e-11
31.971	415.14	1.2954e-11
31.971	415.14	1.2982e-11
31.971	415.14	1.3002e-11
31.971	415.14	1.3014e-11
31.971	415.14	1.3018e-11
