15000	134.68	-11.739
14462	136.18	-12.61
13936	137.84	-13.559
13423	139.91	-14.591
12921	142.36	-15.715
12432	145.41	-16.94
11955	148.72	-18.275
11490	152.55	-19.731
11036	156.61	-21.323
10595	161.13	-23.056
10166	165.75	-24.951
9748.7	170.83	-27.018
9343.4	175.92	-29.271
8950.2	181.57	-31.729
8568.9	187.08	-34.403
8199.5	193.17	-37.311
7842.2	199.02	-40.469
7496.8	205.58	-43.888
7163.4	211.55	-47.58
6841.9	218.43	-51.553
6532.3	224.42	-55.811
6234.5	231.37	-60.347
5948.6	237.15	-65.15
5674.5	244.03	-70.197
5412	249.11	-75.451
5161.1	255.63	-80.859
4921.6	259.72	-86.353
4693.5	265.35	-91.846
4476.5	267.86	-97.226
4270.4	272.15	-102.38
4075	272.93	-107.15
3890	275.44	-111.42
3715.2	273.98	-115.02
3550.2	274.31	-117.84
3394.5	270.71	-119.71
3248	268.64	-120.62
3110	263.19	-120.44
2980.1	258.97	-119.23
2858	252.36	-116.94
2743.2	246.33	-113.75
2635.1	239.12	-109.63
2533.2	231.8	-104.85
2437.3	224.71	-99.407
2346.8	216.85	-93.602
2261.2	210.1	-87.437
2180.3	202.17	-81.182
2103.6	196.25	-74.835
2030.7	189.07	-68.617
1961.4	184.06	-62.522
1895.4	177.72	-56.703
1832.4	173.71	-51.136
1772.1	168.33	-45.929
1714.4	165.24	-41.047
1659.1	160.88	-36.552
1605.9	158.53	-32.406
1554.7	155.2	-28.638
1505.5	153.43	-25.209
1458	150.78	-22.128
1412.1	149.58	-19.356
1367.8	147.53	-16.888
1325	146.59	-14.689
1283.5	145.23	-12.748
1243.4	144.59	-11.034
1204.5	143.53	-9.5317
1166.9	143.15	-8.2151
1130.4	142.48	-7.068
1095	142.32	-6.0695
1060.8	141.9	-5.2043
1027.5	141.9	-4.4554
995.25	141.75	-3.8096
963.97	141.91	-3.2531
933.63	141.99	-2.7752
904.2	142.32	-2.3651
875.66	142.57	-2.0139
847.99	143.07	-1.7136
821.15	143.55	-1.4571
795.12	144.19	-1.2383
769.89	144.8	-1.0518
745.42	145.57	-0.89308
721.71	146.4	-0.75802
698.71	147.34	-0.64322
676.43	148.25	-0.54571
654.83	149.32	-0.4629
633.89	150.41	-0.39262
613.6	151.6	-0.33299
593.94	152.87	-0.28241
574.89	154.14	-0.23952
556.42	155.44	-0.20316
538.53	156.85	-0.17233
521.19	158.28	-0.1462
504.38	159.75	-0.12404
488.09	161.29	-0.10527
472.31	162.86	-0.089358
457.02	164.47	-0.075867
442.19	166.08	-0.06443
427.82	167.79	-0.054731
413.89	169.43	-0.046505
400.39	171.15	-0.039529
387.3	172.96	-0.03361
374.61	174.79	-0.028588
362.31	176.58	-0.024324
350.38	178.33	-0.020704
338.81	180.22	-0.01763
327.59	182.13	-0.015019
316.71	184.04	-0.012799
306.16	185.98	-0.010913
295.93	187.95	-0.0093082
286	189.94	-0.0079433
276.38	191.98	-0.0067819
267.04	194.03	-0.0057928
257.98	196.12	-0.0049503
249.2	198.24	-0.0042327
240.68	200.41	-0.0036208
232.42	202.59	-0.003099
224.4	204.82	-0.0026537
216.63	207.12	-0.0022736
209.09	209.41	-0.0019489
201.78	211.78	-0.0016715
194.7	214.18	-0.0014343
187.83	216.63	-0.0012315
181.17	219.18	-0.0010578
174.72	221.75	-0.00090913
168.47	224.32	-0.0007818
162.42	227	-0.0006726
156.56	229.8	-0.00057896
150.88	232.65	-0.00049859
145.39	235.5	-0.00042959
140.07	238.45	-0.00037031
134.93	241.55	-0.00031936
129.95	244.68	-0.00027553
125.14	247.88	-0.00023781
120.5	251.17	-0.00020534
116.01	254.51	-0.00017737
111.67	257.92	-0.00015326
107.49	261.54	-0.00013246
103.46	265.19	-0.00011452
99.565	268.8	-9.9041e-05
95.813	272.61	-8.5666e-05
92.199	276.55	-7.4111e-05
88.718	280.37	-6.4123e-05
85.368	284.37	-5.5488e-05
82.144	288.41	-4.8017e-05
79.044	292.4	-4.1551e-05
76.065	296.48	-3.5956e-05
73.203	300.55	-3.1111e-05
70.454	304.61	-2.6915e-05
67.817	308.65	-2.3281e-05
65.286	312.64	-2.0132e-05
62.86	316.57	-1.7404e-05
60.535	320.4	-1.504e-05
58.308	324.11	-1.2993e-05
56.176	327.75	-1.1218e-05
54.136	331.2	-9.6812e-06
52.184	334.45	-8.35e-06
50.318	337.52	-7.1974e-06
48.534	340.41	-6.1995e-06
46.831	343.03	-5.3359e-06
45.204	345.36	-4.5889e-06
43.651	347.45	-3.9432e-06
42.17	349.23	-3.3851e-06
40.757	351.47	-2.9032e-06
39.41	351.81	-2.483e-06
38.127	352.55	-2.1289e-06
36.904	352.97	-1.8166e-06
35.739	351.4	-1.5538e-06
34.63	352.82	-1.3274e-06
33.575	353.73	-1.1284e-06
32.571	350.98	-9.5791e-07
31.616	349.56	-8.149e-07
30.708	347.79	-6.8973e-07
29.845	343.92	-5.8498e-07
29.025	343.02	-4.9537e-07
28.246	341.76	-4.1731e-07
27.506	336.86	-3.5098e-07
26.803	331.66	-2.9575e-07
26.135	329.39	-2.4877e-07
25.502	325.34	-2.0813e-07
24.901	320.87	-1.7443e-07
24.33	317.67	-1.4539e-07
23.789	311.15	-1.2095e-07
23.276	304.53	-1.0079e-07
22.79	300.82	-8.3822e-08
22.328	295.22	-6.9313e-08
21.891	289.47	-5.7405e-08
21.476	285.26	-4.7268e-08
21.083	277.89	-3.8838e-08
20.711	270.48	-3.196e-08
20.358	265.92	-2.6243e-08
20.024	259.9	-2.142e-08
19.707	253.75	-1.7511e-08
19.408	249.04	-1.423e-08
19.124	241.57	-1.1539e-08
18.855	234.18	-9.3736e-09
18.601	229.51	-7.6001e-09
18.36	224.83	-6.1281e-09
18.132	217.59	-4.9337e-09
17.916	211.71	-3.983e-09
17.711	206.05	-3.2012e-09
17.518	199.15	-2.5823e-09
17.335	194.78	-2.0847e-09
17.162	190.5	-1.6788e-09
16.998	183.98	-1.3552e-09
16.843	178.7	-1.1017e-09
16.696	173.63	-8.9608e-10
16.558	167.57	-7.3497e-10
16.426	163.78	-6.0556e-10
16.302	160.02	-4.993e-10
16.185	154.32	-4.112e-10
16.074	149.77	-3.3631e-10
15.969	145.45	-2.7902e-10
15.869	140.2	-2.419e-10
15.775	136.99	-2.181e-10
15.686	133.86	-2.037e-10
15.602	129.02	-1.9706e-10
15.523	125.2	-1.9586e-10
15.448	121.56	-1.9866e-10
15.377	117.17	-2.0399e-10
15.31	114.45	-2.1125e-10
15.246	111.86	-2.1945e-10
15.186	107.87	-2.2792e-10
15.129	103.89	-2.3635e-10
15.076	101.55	-2.443e-10
15.025	98.661	-2.5162e-10
14.977	95.702	-2.5801e-10
14.932	93.566	-2.6355e-10
14.889	90.184	-2.6792e-10
14.848	86.891	-2.7113e-10
14.81	84.981	-2.7327e-10
14.773	82.548	-2.7407e-10
14.739	80.113	-2.7404e-10
14.707	78.364	-2.7288e-10
14.676	75.528	-2.7074e-10
14.647	72.783	-2.6766e-10
14.62	71.21	-2.6384e-10
14.594	69.176	-2.5908e-10
14.57	67.151	-2.5381e-10
14.546	65.713	-2.4774e-10
14.525	63.341	-2.4116e-10
14.504	61.043	-2.3419e-10
14.484	59.731	-2.2687e-10
14.466	58.464	-2.1902e-10
14.448	56.364	-2.1096e-10
14.432	54.731	-2.0281e-10
14.416	53.171	-1.9444e-10
14.401	51.247	-1.8601e-10
14.387	50.165	-1.7761e-10
14.374	49.097	-1.6906e-10
14.362	47.34	-1.6053e-10
14.35	45.974	-1.5228e-10
14.339	44.661	-1.44e-10
14.328	43.048	-1.3597e-10
14.318	42.151	-1.2811e-10
14.309	41.245	-1.2042e-10
14.3	39.762	-1.1287e-10
14.291	38.638	-1.057e-10
14.283	37.527	-9.8606e-11
14.276	36.158	-9.1981e-11
14.268	35.419	-8.5572e-11
14.262	34.669	-7.9336e-11
14.255	33.42	-7.3444e-11
14.249	32.211	-6.7816e-11
14.243	31.529	-6.2526e-11
14.238	30.621	-5.75e-11
14.233	29.732	-5.2727e-11
14.228	29.139	-4.8228e-11
14.223	28.083	-4.3936e-11
14.219	27.048	-4.0034e-11
14.215	26.481	-3.6359e-11
14.211	25.731	-3.2884e-11
14.207	24.983	-2.9702e-11
14.203	24.46	-2.6704e-11
14.2	23.571	-2.3952e-11
14.197	22.709	-2.14e-11
14.194	22.228	-1.9082e-11
14.191	21.599	-1.6916e-11
14.188	20.971	-1.4963e-11
14.186	20.529	-1.3141e-11
14.184	19.778	-1.15e-11
14.181	19.053	-1.0067e-11
14.179	18.648	-8.7443e-12
14.177	18.252	-7.5242e-12
14.175	17.592	-6.4537e-12
14.173	17.074	-5.5144e-12
14.171	16.586	-4.6562e-12
14.17	15.977	-3.9184e-12
14.168	15.63	-3.2733e-12
14.167	15.299	-2.6852e-12
14.165	14.741	-2.1874e-12
14.164	14.309	-1.7801e-12
14.163	13.898	-1.402e-12
14.161	13.38	-1.1105e-12
14.16	13.096	-8.56e-13
14.159	12.814	-6.3557e-13
14.158	12.343	-4.6855e-13
14.157	11.983	-3.4409e-13
14.156	11.638	-2.2815e-13
14.155	11.199	-1.571e-13
14.154	10.963	-9.8445e-14
14.154	10.728	-5.4655e-14
14.153	10.331	-2.9252e-14
14.152	10.029	-2.1003e-14
14.151	9.7311	-8.6759e-15
14.151	9.3721	1.5927e-15
14.15	9.1781	9.8892e-17
14.15	8.9746	-2.8335e-15
14.149	8.6451	2.1579e-15
14.148	8.3242	7.3763e-15
14.148	8.1418	1.8172e-14
14.147	7.9091	4.1621e-14
14.147	7.6762	6.4659e-14
14.147	7.5124	1.0844e-13
14.146	7.2352	1.5567e-13
14.146	6.9686	2.1786e-13
14.145	6.8208	2.9655e-13
14.145	6.6247	3.9111e-13
14.145	6.4319	4.9406e-13
14.144	6.296	6.1862e-13
14.144	6.067	7.5414e-13
14.144	5.8913	9.0712e-13
14.143	5.7262	1.0816e-12
14.143	5.5605	1.272e-12
14.143	5.4059	1.4801e-12
14.143	5.2107	1.7026e-12
14.142	5.1055	1.9456e-12
14.142	4.9657	2.215e-12
14.142	4.8281	2.4937e-12
14.142	4.7334	2.7919e-12
14.142	4.5686	3.1113e-12
14.141	4.4441	3.4446e-12
14.141	4.3274	3.7989e-12
14.141	4.2124	4.1659e-12
14.141	4.105	4.5589e-12
14.141	3.9666	4.9624e-12
14.141	3.8987	5.3819e-12
14.141	3.8026	5.8236e-12
14.14	3.7065	6.2777e-12
14.14	3.6178	6.7516e-12
14.14	3.5337	7.2336e-12
14.14	3.4795	7.7415e-12
14.14	3.3716	8.2643e-12
14.14	3.2951	8.7907e-12
14.14	3.2262	9.3401e-12
14.14	3.1582	9.8937e-12
14.14	3.0928	1.0468e-11
14.14	3.0053	1.1046e-11
14.139	2.972	1.1636e-11
14.139	2.9176	1.2244e-11
14.139	2.8639	1.2851e-11
14.139	2.8123	1.3482e-11
14.139	2.7641	1.411e-11
14.139	2.7421	1.4755e-11
14.139	2.678	1.5405e-11
14.139	2.6365	1.6054e-11
14.139	2.6004	1.6718e-11
14.139	2.5646	1.7377e-11
14.139	2.5322	1.8049e-11
14.139	2.4798	1.8714e-11
14.139	2.4707	1.9382e-11
14.139	2.4439	2.0062e-11
14.139	2.4179	2.073e-11
14.139	2.3945	2.1409e-11
14.139	2.3722	2.2077e-11
14.139	2.3707	2.2752e-11
14.139	2.3333	2.3424e-11
14.139	2.3154	2.4086e-11
14.139	2.2998	2.4749e-11
14.139	2.2662	2.5395e-11
14.139	2.2714	2.6038e-11
14.139	2.2592	2.668e-11
14.139	2.2473	2.7304e-11
14.139	2.2378	2.7934e-11
14.139	2.2281	2.8539e-11
14.139	2.2376	2.9141e-11
14.139	2.2125	2.9732e-11
14.139	2.2054	3.03e-11
14.139	2.2002	3.0868e-11
14.139	2.194	3.1408e-11
14.139	2.19	3.194e-11
14.139	2.1682	3.2451e-11
14.139	2.1814	3.2943e-11
14.139	2.1793	3.3429e-11
14.139	2.176	3.3884e-11
14.139	2.1743	3.4331e-11
14.139	2.1714	3.4749e-11
14.139	2.1873	3.5155e-11
14.139	2.1692	3.5539e-11
14.139	2.1671	3.5895e-11
14.139	2.1669	3.6235e-11
14.139	2.1651	3.6544e-11
14.139	2.1655	3.6836e-11
14.139	2.1469	3.71e-11
14.139	2.1627	3.7343e-11
14.139	2.1633	3.7562e-11
14.139	2.1609	3.7752e-11
14.139	2.1613	3.7925e-11
14.139	2.1568	3.8063e-11
14.139	2.1708	3.8183e-11
14.139	2.1469	3.8275e-11
14.139	2.1165	3.834e-11
14.139	1.988	3.8377e-11
14.139	1.8595	3.8392e-11
