25000	89.675	-4.2774
24261	89.819	-4.5406
23535	90.089	-4.8237
22821	90.769	-5.1283
22120	91.939	-5.4567
21430	93.406	-5.8106
20753	95.137	-6.1935
20089	97.271	-6.6064
19436	99.518	-7.0541
18796	101.96	-7.5379
18167	104.64	-8.0629
17552	107.57	-8.6321
16948	110.63	-9.251
16356	113.92	-9.9236
15777	117.36	-10.655
15210	121.08	-11.452
14655	124.98	-12.32
14113	129.11	-13.267
13583	133.33	-14.3
13065	137.93	-15.431
12560	142.65	-16.665
12067	147.67	-18.016
11587	152.97	-19.495
11119	158.45	-21.113
10664	163.97	-22.885
10221	170.15	-24.825
9791.2	176.15	-26.948
9373.7	182.79	-29.272
8969	189.25	-31.816
8576.9	196.38	-34.592
8197.5	203.17	-37.621
7830.9	210.8	-40.919
7476.9	217.81	-44.501
7135.7	225.82	-48.379
6807.2	232.9	-52.562
6491.4	241.15	-57.052
6188.1	248	-61.842
5897.4	256.34	-66.919
5619.2	262.6	-72.25
5353.4	270.5	-77.791
5099.9	275.76	-83.478
4858.4	282.9	-89.227
4628.9	286.48	-94.926
4411	292.11	-100.46
4204.6	293.44	-105.66
4009.3	296.97	-110.39
3824.9	295.6	-114.46
3650.9	296.44	-117.76
3487	292.37	-120.09
3332.7	290.06	-121.41
3187.6	283.54	-121.58
3051.2	278.68	-120.67
2923	270.36	-118.6
2802.5	263.03	-115.58
2689.3	254.09	-111.56
2582.7	245.25	-106.84
2482.4	236.43	-101.42
2387.9	226.9	-95.608
2298.7	218.66	-89.405
2214.4	209.36	-83.103
2134.6	202.3	-76.684
2058.9	193.85	-70.395
1987.1	188	-64.201
1918.8	180.81	-58.291
1853.7	176.37	-52.617
1791.6	170.46	-47.306
1732.3	166.94	-42.312
1675.5	162.3	-37.712
1621.1	159.83	-33.46
1568.9	156.22	-29.594
1518.7	154.41	-26.071
1470.5	151.8	-22.903
1424.1	150.62	-20.051
1379.4	148.76	-17.51
1336.3	148.06	-15.246
1294.8	146.73	-13.245
1254.6	146.33	-11.478
1215.9	145.6	-9.9272
1178.5	145.55	-8.5678
1142.3	145.15	-7.3824
1107.3	145.32	-6.3493
1073.5	145.26	-5.4533
1040.8	145.61	-4.6766
1009.2	145.77	-4.0059
978.59	146.23	-3.4272
948.98	146.57	-2.9292
920.31	147.13	-2.5009
892.58	147.6	-2.1336
865.73	148.21	-1.8187
839.73	148.7	-1.5493
814.57	149.36	-1.3189
790.22	149.96	-1.1222
766.64	150.58	-0.95428
743.81	151.21	-0.81116
721.71	151.84	-0.68921
700.31	152.41	-0.58534
679.59	153.02	-0.49699
659.54	153.57	-0.42183
640.12	154.15	-0.35794
621.32	154.64	-0.30365
603.13	155.17	-0.25752
585.51	155.62	-0.21836
568.47	156.06	-0.18511
551.97	156.46	-0.15689
536	156.79	-0.13294
520.54	157.08	-0.11264
505.59	157.34	-0.095406
491.13	157.61	-0.080797
477.13	157.76	-0.068412
463.6	157.9	-0.057913
450.51	157.95	-0.049014
437.85	157.96	-0.041473
425.62	157.94	-0.035085
413.79	157.82	-0.029672
402.37	157.72	-0.025088
391.33	157.46	-0.021205
380.67	157.16	-0.017919
370.37	156.85	-0.015136
360.43	156.43	-0.012782
350.84	155.96	-0.010789
341.59	155.42	-0.0091037
332.66	154.82	-0.0076783
324.06	154.15	-0.006473
315.76	153.4	-0.0054545
307.77	152.61	-0.0045939
300.07	151.73	-0.0038669
292.66	150.76	-0.0032534
285.53	149.75	-0.0027354
278.67	148.64	-0.0022985
272.07	147.47	-0.0019302
265.73	146.27	-0.0016198
259.64	144.95	-0.0013584
253.78	143.58	-0.0011383
248.16	142.12	-0.00095317
242.77	140.62	-0.00079751
237.6	139.04	-0.00066678
232.64	137.4	-0.00055698
227.88	135.72	-0.00046488
223.33	133.91	-0.00038768
218.96	132.09	-0.00032301
214.79	130.24	-0.00026889
210.79	128.33	-0.00022362
206.97	126.34	-0.00018581
203.32	124.3	-0.00015425
199.83	122.26	-0.00012793
196.49	120.14	-0.00010599
193.31	118.02	-8.7733e-05
190.27	115.85	-7.2556e-05
187.37	113.65	-5.9941e-05
184.6	111.48	-4.9473e-05
181.97	109.22	-4.0794e-05
179.45	107.04	-3.3605e-05
177.06	104.8	-2.7657e-05
174.78	102.51	-2.274e-05
172.6	100.33	-1.868e-05
170.54	98.068	-1.5329e-05
168.57	95.821	-1.2569e-05
166.7	93.587	-1.0296e-05
164.91	91.38	-8.4271e-06
163.22	89.233	-6.891e-06
161.61	87.358	-5.6301e-06
160.08	84.935	-4.5878e-06
158.63	82.809	-3.7486e-06
157.25	80.753	-3.0496e-06
155.94	78.138	-2.4877e-06
154.69	76.686	-2.0278e-06
153.51	75.244	-1.6457e-06
152.39	72.765	-1.3346e-06
151.33	70.841	-1.0853e-06
150.32	68.984	-8.7874e-07
149.36	66.65	-7.1349e-07
148.45	65.356	-5.7887e-07
147.59	64.07	-4.6762e-07
146.78	61.877	-3.7746e-07
146	59.757	-3.0557e-07
145.27	58.57	-2.472e-07
144.57	56.99	-1.9912e-07
143.92	55.419	-1.6087e-07
143.29	54.306	-1.2941e-07
142.7	52.413	-1.0402e-07
142.14	50.58	-8.3863e-08
141.61	49.555	-6.7563e-08
141.11	48.2	-5.4197e-08
140.63	46.851	-4.3602e-08
140.18	45.916	-3.4928e-08
139.76	44.313	-2.7959e-08
139.35	42.729	-2.2446e-08
138.97	41.855	-1.8006e-08
138.61	40.73	-1.4381e-08
138.27	39.583	-1.152e-08
137.94	38.762	-9.1876e-09
137.64	37.41	-7.3214e-09
137.35	36.092	-5.8513e-09
137.07	35.343	-4.6727e-09
136.81	34.618	-3.7148e-09
136.57	33.401	-2.951e-09
136.34	32.483	-2.3511e-09
136.12	31.59	-1.865e-09
135.91	30.457	-1.4839e-09
135.71	29.842	-1.18e-09
135.53	29.241	-9.3435e-10
135.35	28.21	-7.3957e-10
135.18	27.417	-5.8749e-10
135.03	26.663	-4.6494e-10
134.88	25.716	-3.6944e-10
134.74	25.197	-2.9368e-10
134.6	24.689	-2.3276e-10
134.48	23.821	-1.8464e-10
134.36	23.153	-1.4713e-10
134.25	22.514	-1.1684e-10
134.14	21.714	-9.293e-11
134.04	21.277	-7.3726e-11
133.95	20.854	-5.8977e-11
133.86	20.119	-4.791e-11
133.77	19.55	-3.9781e-11
133.69	19.017	-3.3674e-11
133.61	18.34	-2.9312e-11
133.54	17.972	-2.6207e-11
133.47	17.612	-2.4032e-11
133.41	16.99	-2.2602e-11
133.35	16.391	-2.1738e-11
133.29	16.057	-2.1273e-11
133.24	15.617	-2.1086e-11
133.19	15.181	-2.1101e-11
133.14	14.877	-2.1245e-11
133.09	14.355	-2.1467e-11
133.05	13.844	-2.1719e-11
133.01	13.563	-2.1976e-11
132.97	13.194	-2.222e-11
132.93	12.821	-2.2426e-11
132.9	12.568	-2.259e-11
132.87	12.121	-2.2699e-11
132.83	11.689	-2.275e-11
132.81	11.46	-2.2742e-11
132.78	11.136	-2.2677e-11
132.75	10.829	-2.255e-11
132.73	10.616	-2.2368e-11
132.7	10.234	-2.2129e-11
132.68	9.8695	-2.1845e-11
132.66	9.6699	-2.1516e-11
132.64	9.4794	-2.114e-11
132.62	9.1431	-2.0722e-11
132.61	8.8852	-2.0278e-11
132.59	8.6403	-1.9797e-11
132.57	8.3326	-1.9295e-11
132.56	8.1649	-1.8775e-11
132.54	8.0005	-1.8225e-11
132.53	7.7164	-1.766e-11
132.52	7.4988	-1.7093e-11
132.51	7.2916	-1.6508e-11
132.5	7.0298	-1.5925e-11
132.48	6.8891	-1.5342e-11
132.47	6.7501	-1.4747e-11
132.46	6.5091	-1.4154e-11
132.46	6.3261	-1.3575e-11
132.45	6.1508	-1.2991e-11
132.44	5.9289	-1.2425e-11
132.43	5.8092	-1.1867e-11
132.42	5.6922	-1.1311e-11
132.42	5.489	-1.0766e-11
132.41	5.2922	-1.0242e-11
132.41	5.1836	-9.7317e-12
132.4	5.0397	-9.2269e-12
132.39	4.8959	-8.7453e-12
132.39	4.7977	-8.272e-12
132.38	4.626	-7.8133e-12
132.38	4.4587	-7.3783e-12
132.38	4.3671	-6.9589e-12
132.37	4.2463	-6.5489e-12
132.37	4.1254	-6.1614e-12
132.36	4.0406	-5.7851e-12
132.36	3.8943	-5.4238e-12
132.36	3.7523	-5.0845e-12
132.35	3.6771	-4.7606e-12
132.35	3.5758	-4.4472e-12
132.35	3.4721	-4.1556e-12
132.35	3.4005	-3.8716e-12
132.34	3.279	-3.6024e-12
132.34	3.1581	-3.3525e-12
132.34	3.0935	-3.1158e-12
132.34	3.0308	-2.888e-12
132.33	2.9205	-2.6742e-12
132.33	2.8362	-2.4751e-12
132.33	2.7565	-2.2849e-12
132.33	2.6562	-2.1086e-12
132.33	2.6008	-1.9438e-12
132.33	2.5468	-1.787e-12
132.32	2.4542	-1.6397e-12
132.32	2.3832	-1.5041e-12
132.32	2.316	-1.3761e-12
132.32	2.2311	-1.2583e-12
132.32	2.1845	-1.149e-12
132.32	2.1388	-1.0452e-12
132.32	2.0606	-9.4969e-13
132.32	2.0006	-8.6189e-13
132.31	1.944	-7.7954e-13
132.31	1.8721	-7.0514e-13
132.31	1.8327	-6.3602e-13
132.31	1.7944	-5.7112e-13
132.31	1.7284	-5.1207e-13
132.31	1.6777	-4.5856e-13
132.31	1.6298	-4.0868e-13
132.31	1.57	-3.6345e-13
132.31	1.5363	-3.2311e-13
132.31	1.5036	-2.8501e-13
132.31	1.4487	-2.5103e-13
132.31	1.3947	-2.2035e-13
132.31	1.3654	-1.9278e-13
132.31	1.3264	-1.677e-13
132.31	1.2866	-1.4529e-13
132.31	1.2592	-1.2509e-13
132.3	1.2132	-1.0695e-13
132.3	1.168	-9.1325e-14
132.3	1.1429	-7.7451e-14
132.3	1.1102	-6.5018e-14
132.3	1.0774	-5.4314e-14
132.3	1.0547	-4.472e-14
132.3	1.0164	-3.6691e-14
132.3	0.98602	-2.9711e-14
132.3	0.95788	-2.3653e-14
132.3	0.92924	-1.8707e-14
132.3	0.90319	-1.4451e-14
132.3	0.87036	-1.105e-14
132.3	0.85161	-8.2634e-15
132.3	0.82788	-5.8489e-15
132.3	0.8041	-4.2762e-15
132.3	0.78759	-2.9426e-15
132.3	0.75944	-1.8226e-15
132.3	0.73783	-1.3062e-15
132.3	0.71761	-7.4819e-16
132.3	0.69755	-5.0411e-16
132.3	0.67868	-3.1239e-16
132.3	0.65487	-2.391e-16
132.3	0.6425	-2.5704e-16
132.3	0.62563	-2.7061e-16
132.3	0.60912	-2.1908e-16
132.3	0.5934	-1.7703e-16
132.3	0.57805	2.6461e-17
132.3	0.56808	3.3103e-16
132.3	0.54972	7.0146e-16
132.3	0.53621	1.2958e-15
132.3	0.52367	1.988e-15
132.3	0.51127	2.9207e-15
132.3	0.49968	3.9891e-15
132.3	0.48457	5.383e-15
132.3	0.47798	6.8626e-15
132.3	0.46793	8.6705e-15
132.3	0.45824	1.066e-14
132.3	0.44908	1.2915e-14
132.3	0.44026	1.5448e-14
132.3	0.43558	1.8189e-14
132.3	0.42443	2.1174e-14
132.3	0.41706	2.4365e-14
132.3	0.41025	2.7787e-14
132.3	0.40345	3.1448e-14
132.3	0.39746	3.5394e-14
132.3	0.38851	3.9392e-14
132.3	0.38619	4.3735e-14
132.3	0.38104	4.8328e-14
132.3	0.37631	5.2937e-14
132.3	0.37205	5.7854e-14
132.3	0.36768	6.2901e-14
132.3	0.36689	6.8139e-14
132.3	0.36045	7.3489e-14
132.3	0.35698	7.8918e-14
132.3	0.3541	8.4635e-14
132.3	0.34828	9.025e-14
132.3	0.3485	9.5951e-14
132.3	0.34625	1.0178e-13
132.3	0.344	1.0764e-13
132.3	0.34209	1.1354e-13
132.3	0.34022	1.1948e-13
132.3	0.34129	1.2541e-13
132.3	0.33718	1.3139e-13
132.3	0.33576	1.3718e-13
132.3	0.33462	1.4307e-13
132.3	0.33347	1.4877e-13
132.3	0.33261	1.5454e-13
132.3	0.32904	1.6002e-13
132.3	0.33092	1.654e-13
132.3	0.3304	1.7082e-13
132.3	0.32968	1.7591e-13
132.3	0.32926	1.8097e-13
132.3	0.32874	1.8574e-13
132.3	0.33104	1.904e-13
132.3	0.32816	1.9484e-13
132.3	0.32778	1.9901e-13
132.3	0.32766	2.0302e-13
132.3	0.32728	2.0671e-13
132.3	0.32729	2.1022e-13
132.3	0.32442	2.1335e-13
132.3	0.32677	2.1629e-13
132.3	0.32683	2.1892e-13
132.3	0.3264	2.2129e-13
132.3	0.32642	2.2331e-13
132.3	0.32571	2.2509e-13
132.3	0.32783	2.2653e-13
132.3	0.3242	2.277e-13
132.3	0.3196	2.2844e-13
132.3	0.30018	2.2892e-13
132.3	0.28076	2.291e-13
