20000	58.218	-1.2285
19523	57.215	-1.2882
19051	56.299	-1.3516
18586	56.035	-1.4189
18126	56.094	-1.4905
17671	56.593	-1.5666
17223	57.3	-1.6475
16780	58.228	-1.7338
16342	59.296	-1.8257
15911	60.515	-1.924
15485	61.871	-2.0287
15064	63.329	-2.1408
14650	64.908	-2.2606
14241	66.614	-2.389
13837	68.417	-2.5266
13439	70.337	-2.6743
13048	72.392	-2.8327
12661	74.53	-3.003
12281	76.825	-3.1862
11906	79.241	-3.3837
11537	81.775	-3.5963
11174	84.449	-3.826
10817	87.258	-4.0741
10465	90.229	-4.3421
10120	93.386	-4.6324
9779.8	96.677	-4.9472
9446	100.15	-5.2883
9118.1	103.87	-5.659
8796.2	107.71	-6.0621
8480.2	111.8	-6.5011
8170.3	116.13	-6.9794
7866.4	120.71	-7.5012
7568.6	125.45	-8.0709
7276.9	130.55	-8.6942
6991.2	135.94	-9.3771
6711.8	141.66	-10.125
6438.5	147.6	-10.946
6171.4	154.03	-11.848
5910.6	160.65	-12.839
5656	167.91	-13.931
5407.7	175.31	-15.134
5165.8	183.38	-16.46
4930.2	191.83	-17.924
4701	200.93	-19.542
4478.1	210.16	-21.329
4261.7	220.5	-23.305
4051.7	230.76	-25.49
3848.2	242.3	-27.907
3651.2	253.79	-30.578
3460.7	266.65	-33.527
3276.7	279.14	-36.786
3099.2	293.16	-40.375
2928.2	306.66	-44.326
2763.9	321.91	-48.655
2606	335.75	-53.392
2454.8	351.99	-58.54
2310	365.97	-64.116
2171.9	382.56	-70.099
2040.3	396	-76.465
1915.2	412.67	-83.172
1796.6	425.11	-90.133
1684.6	441.64	-97.234
1578.9	452.85	-104.32
1479.5	468.91	-111.22
1386.2	478.56	-117.68
1299	493.49	-123.5
1217.7	500.96	-128.37
1141.9	513.48	-132.1
1071.4	517.99	-134.38
1006	526.49	-135.18
945.35	527.66	-134.25
889.12	531.28	-131.77
836.99	528.91	-127.62
788.66	527.18	-122.21
743.8	522.44	-115.53
702.13	517.14	-108.11
663.37	511.34	-100
627.27	503.74	-91.737
593.6	498.02	-83.346
562.14	490.1	-75.291
532.71	485.17	-67.514
505.14	478.08	-60.339
479.28	474.2	-53.639
455.01	468.31	-47.608
432.2	465.45	-42.087
410.76	460.88	-37.185
390.6	458.62	-32.746
371.63	454.99	-28.831
353.78	452.96	-25.311
336.98	449.68	-22.21
321.19	447.39	-19.435
306.34	444.25	-16.989
292.38	441.4	-14.81
279.28	437.67	-12.889
266.99	434.19	-11.184
255.46	430.01	-9.6836
244.66	425.41	-8.3578
234.56	420.11	-7.1944
225.13	414.52	-6.1714
216.32	408.43	-5.2772
208.11	401.7	-4.4961
200.47	394.46	-3.8172
193.37	386.64	-3.2283
186.78	378.32	-2.7198
180.67	369.46	-2.2823
175.02	360.19	-1.9075
169.8	350.42	-1.5878
164.97	340.41	-1.3163
160.53	330.02	-1.0867
156.44	319.42	-0.89364
152.68	308.58	-0.73188
149.23	297.71	-0.59705
146.06	286.71	-0.48516
143.16	275.81	-0.39277
140.51	264.94	-0.3168
138.09	254.2	-0.25462
135.87	243.56	-0.20393
133.85	233.21	-0.16281
132.01	223.05	-0.12956
130.33	213.19	-0.10279
128.81	203.56	-0.081314
127.42	194.37	-0.064148
126.16	185.37	-0.050472
125.02	176.76	-0.039612
123.98	168.43	-0.031016
123.03	160.48	-0.02423
122.18	152.83	-0.018888
121.4	145.53	-0.014695
120.7	138.49	-0.01141
120.07	131.82	-0.0088431
119.49	125.42	-0.0068411
118.97	119.33	-0.0052833
118.5	113.5	-0.0040736
118.07	107.96	-0.0031367
117.69	102.68	-0.0024118
117.34	97.631	-0.0018519
117.02	92.813	-0.0014202
116.74	88.262	-0.0010879
116.48	83.908	-0.00083246
116.25	79.775	-0.00063634
116.04	75.815	-0.00048596
115.85	72.069	-0.00037078
115.68	68.497	-0.00028266
115.52	65.119	-0.00021532
115.38	61.894	-0.00016389
115.26	58.81	-0.00012465
115.14	55.884	-9.4738e-05
115.04	53.109	-7.1945e-05
114.95	50.466	-5.4591e-05
114.86	47.954	-4.1383e-05
114.79	45.562	-3.1339e-05
114.72	43.293	-2.3706e-05
114.66	41.134	-1.7913e-05
114.6	39.085	-1.3542e-05
114.55	37.13	-1.0772e-05
114.51	35.269	-8.2466e-06
114.47	33.503	-6.3172e-06
114.43	31.83	-4.8493e-06
114.4	30.238	-3.7345e-06
114.37	28.722	-2.8886e-06
114.34	27.384	-2.2471e-06
114.31	25.913	-1.7577e-06
114.29	24.6	-1.3932e-06
114.27	23.39	-1.113e-06
114.25	22.021	-9.0469e-07
114.24	21.085	-7.4699e-07
114.22	20.194	-6.2606e-07
114.21	19.026	-5.3501e-07
114.2	18.058	-4.6736e-07
114.19	17.161	-4.154e-07
114.18	16.162	-3.7664e-07
114.17	15.47	-3.4706e-07
114.16	14.811	-3.2402e-07
114.15	13.954	-3.0621e-07
114.15	13.139	-2.9231e-07
114.14	12.574	-2.8134e-07
114.13	11.948	-2.7264e-07
114.13	11.334	-2.6562e-07
114.13	10.847	-2.5899e-07
114.12	10.215	-2.5232e-07
114.12	9.6178	-2.4568e-07
114.11	9.2006	-2.3902e-07
114.11	8.7385	-2.3219e-07
114.11	8.2863	-2.2549e-07
114.1	7.9255	-2.1865e-07
114.1	7.4629	-2.1184e-07
114.1	7.023	-2.0515e-07
114.1	6.7141	-1.985e-07
114.1	6.3721	-1.9178e-07
114.09	6.0392	-1.8522e-07
114.09	5.7732	-1.7863e-07
114.09	5.4307	-1.7212e-07
114.09	5.1057	-1.658e-07
114.09	4.877	-1.5957e-07
114.09	4.6591	-1.5335e-07
114.09	4.3794	-1.4724e-07
114.09	4.1451	-1.4134e-07
114.08	3.9273	-1.3547e-07
114.08	3.6869	-1.2982e-07
114.08	3.5168	-1.243e-07
114.08	3.3535	-1.1883e-07
114.08	3.1468	-1.135e-07
114.08	2.9722	-1.084e-07
114.08	2.8093	-1.0336e-07
114.08	2.6307	-9.8548e-08
114.08	2.5034	-9.388e-08
114.08	2.3799	-8.9283e-08
114.08	2.2248	-8.4839e-08
114.08	2.0939	-8.061e-08
114.08	1.9717	-7.6459e-08
114.07	1.8378	-7.252e-08
114.07	1.7401	-6.8722e-08
114.07	1.6453	-6.5007e-08
114.07	1.5295	-6.1434e-08
114.07	1.4297	-5.8055e-08
114.07	1.337	-5.4758e-08
114.07	1.2367	-5.1646e-08
114.07	1.1609	-4.8663e-08
114.07	1.0875	-4.576e-08
114.07	1.001	-4.2985e-08
114.07	0.91878	-4.0375e-08
114.07	0.8553	-3.7879e-08
114.07	0.78826	-3.5462e-08
114.07	0.72379	-3.3194e-08
114.07	0.66813	-3.1e-08
114.07	0.60546	-2.8915e-08
114.07	0.54644	-2.6965e-08
114.07	0.4999	-2.5111e-08
114.07	0.4522	-2.3327e-08
114.07	0.40673	-2.1662e-08
114.07	0.36742	-2.0062e-08
114.07	0.32544	-1.855e-08
114.06	0.28637	-1.7145e-08
114.06	0.25516	-1.582e-08
114.06	0.22412	-1.4552e-08
114.06	0.19501	-1.3379e-08
114.06	0.17003	-1.2259e-08
114.06	0.14481	-1.121e-08
114.06	0.12163	-1.0243e-08
114.06	0.10279	-9.338e-09
114.06	0.085559	-8.4802e-09
114.06	0.068532	-7.6814e-09
114.06	0.053727	-6.9502e-09
114.06	0.041035	-6.2606e-09
114.06	0.029131	-5.6319e-09
114.06	0.019276	-5.0506e-09
114.06	0.010452	-4.5058e-09
114.06	0.0022568	-4.0052e-09
114.06	-0.0044866	-3.5528e-09
114.06	-0.010114	-3.1324e-09
114.06	-0.014852	-2.7551e-09
114.06	-0.01921	-2.4116e-09
114.06	-0.022807	-2.0953e-09
114.06	-0.025226	-1.8101e-09
114.06	-0.027226	-1.5576e-09
114.06	-0.028782	-1.328e-09
114.06	-0.02951	-1.1268e-09
114.06	-0.030102	-9.4829e-10
114.06	-0.030499	-7.8852e-10
114.06	-0.030011	-6.4886e-10
114.06	-0.028934	-5.2948e-10
114.06	-0.028126	-4.2652e-10
114.06	-0.027102	-3.3724e-10
114.05	-0.025462	-2.6307e-10
114.05	-0.023632	-2.0025e-10
114.05	-0.021629	-1.4874e-10
114.05	-0.019269	-1.0784e-10
114.05	-0.017028	-7.5479e-11
114.05	-0.014659	-5.0194e-11
114.05	-0.011857	-3.1702e-11
114.05	-0.0091544	-1.8351e-11
114.05	-0.0063093	-9.467e-12
114.05	-0.0031194	-4.2326e-12
114.05	1.8466e-05	-1.543e-12
114.05	0.0029599	-4.9623e-13
114.05	0.0061484	-3.372e-13
114.05	0.00959	-3.0154e-13
114.05	0.012884	3.2758e-13
114.05	0.016131	2.1863e-12
114.05	0.019646	5.8846e-12
114.05	0.023027	1.211e-11
114.05	0.026447	2.1371e-11
114.05	0.029896	3.3948e-11
114.05	0.033304	5.0716e-11
114.05	0.036664	7.1556e-11
114.05	0.04023	9.7087e-11
114.05	0.044074	1.2819e-10
114.05	0.047242	1.6481e-10
114.05	0.050612	2.0654e-10
114.05	0.05395	2.5496e-10
114.05	0.056887	3.0878e-10
114.05	0.06077	3.689e-10
114.05	0.064743	4.3661e-10
114.05	0.06772	5.1114e-10
114.05	0.070866	5.9124e-10
114.05	0.074197	6.7963e-10
114.05	0.07677	7.7351e-10
114.05	0.080617	8.7431e-10
114.05	0.08477	9.8382e-10
114.05	0.087206	1.1005e-09
114.05	0.090173	1.2222e-09
114.05	0.09334	1.353e-09
114.05	0.095598	1.4885e-09
114.05	0.099444	1.6308e-09
114.05	0.1034	1.7821e-09
114.05	0.10554	1.9402e-09
114.05	0.10747	2.1021e-09
114.05	0.11118	2.2706e-09
114.05	0.11406	2.4478e-09
114.05	0.11703	2.6282e-09
114.05	0.12056	2.8177e-09
114.05	0.12245	3.0128e-09
114.05	0.12436	3.2105e-09
114.05	0.12787	3.4133e-09
114.05	0.13042	3.6247e-09
114.05	0.13306	3.8376e-09
114.05	0.1366	4.0586e-09
114.05	0.13827	4.2842e-09
114.05	0.14063	4.5107e-09
114.05	0.14302	4.7447e-09
114.05	0.14551	4.9789e-09
114.05	0.14778	5.2204e-09
114.05	0.14868	5.4613e-09
114.04	0.15229	5.7055e-09
114.04	0.15477	5.9564e-09
114.04	0.15683	6.206e-09
114.04	0.16022	6.462e-09
114.04	0.16113	6.7201e-09
114.04	0.16313	6.9762e-09
114.04	0.16544	7.238e-09
114.04	0.16731	7.4971e-09
114.04	0.16922	7.7618e-09
114.04	0.16984	8.023e-09
114.04	0.17299	8.2852e-09
114.04	0.17513	8.552e-09
114.04	0.17706	8.8149e-09
114.04	0.17849	9.0821e-09
114.04	0.18026	9.3449e-09
114.04	0.18357	9.6117e-09
114.04	0.18405	9.8777e-09
114.04	0.18545	1.0139e-08
114.04	0.18722	1.0403e-08
114.04	0.18888	1.0662e-08
114.04	0.19023	1.0924e-08
114.04	0.19033	1.118e-08
114.04	0.19342	1.1435e-08
114.04	0.19486	1.1692e-08
114.04	0.19629	1.1942e-08
114.04	0.19767	1.2194e-08
114.04	0.19907	1.244e-08
114.04	0.20202	1.2688e-08
114.04	0.20178	1.2932e-08
114.04	0.20301	1.317e-08
114.04	0.20428	1.3408e-08
114.04	0.20547	1.364e-08
114.04	0.20674	1.3872e-08
114.04	0.20621	1.4096e-08
114.04	0.20895	1.4318e-08
114.04	0.21006	1.4539e-08
114.04	0.21115	1.4753e-08
114.04	0.21219	1.4966e-08
114.04	0.21326	1.5172e-08
114.04	0.21592	1.5377e-08
114.04	0.21519	1.5578e-08
114.04	0.21608	1.5771e-08
114.04	0.21701	1.5963e-08
114.04	0.21615	1.6148e-08
114.04	0.21874	1.6328e-08
114.04	0.21956	1.6506e-08
114.04	0.22032	1.6676e-08
114.04	0.22112	1.6845e-08
114.04	0.22186	1.7006e-08
114.04	0.22433	1.7164e-08
114.04	0.22326	1.7318e-08
114.04	0.22385	1.7463e-08
114.04	0.22458	1.7607e-08
114.04	0.22511	1.7742e-08
114.04	0.22579	1.7875e-08
114.04	0.22444	1.8e-08
114.04	0.22679	1.812e-08
114.04	0.22741	1.8237e-08
114.04	0.22781	1.8346e-08
114.04	0.22823	1.8452e-08
114.04	0.2286	1.855e-08
114.04	0.23087	1.8644e-08
114.04	0.22947	1.8733e-08
114.04	0.22973	1.8815e-08
114.04	0.23014	1.8893e-08
114.04	0.23031	1.8964e-08
114.04	0.23069	1.903e-08
114.04	0.22898	1.9089e-08
114.04	0.23098	1.9143e-08
114.04	0.23127	1.9192e-08
114.04	0.23118	1.9235e-08
114.04	0.23137	1.9273e-08
114.04	0.23108	1.9304e-08
114.04	0.23266	1.933e-08
114.04	0.2302	1.935e-08
114.04	0.22699	1.9365e-08
114.04	0.21325	1.9373e-08
114.04	0.19951	1.9376e-08
