20000	47.677	-0.84515
19571	47.005	-0.88184
19146	46.387	-0.92047
18727	46.183	-0.96126
18312	46.229	-1.0043
17901	46.534	-1.0497
17496	46.987	-1.0977
17095	47.587	-1.1484
16699	48.286	-1.2021
16307	49.092	-1.2589
15921	49.966	-1.319
15539	50.938	-1.3828
15161	51.98	-1.4505
14789	53.091	-1.5224
14420	54.286	-1.5986
14057	55.53	-1.6796
13698	56.85	-1.7659
13345	58.268	-1.8576
12995	59.718	-1.9553
12651	61.257	-2.0594
12311	62.9	-2.1705
11976	64.58	-2.2891
11646	66.352	-2.4158
11320	68.242	-2.551
10999	70.188	-2.6959
10683	72.24	-2.8509
10372	74.384	-3.0171
10065	76.621	-3.1951
9763.6	78.927	-3.3863
9466.7	81.4	-3.5918
9174.7	83.991	-3.8124
8887.5	86.669	-4.0499
8605.2	89.476	-4.3057
8327.7	92.458	-4.5809
8055.1	95.506	-4.8783
7787.5	98.794	-5.1989
7524.7	102.16	-5.5455
7266.9	105.74	-5.9201
7014	109.46	-6.3254
6766	113.39	-6.7642
6523.1	117.46	-7.2401
6285.1	121.81	-7.7557
6052.1	126.27	-8.316
5824.1	131.05	-8.9237
5601.2	136.02	-9.5853
5383.3	141.37	-10.304
5170.4	146.67	-11.086
4962.6	152.56	-11.937
4759.9	158.58	-12.864
4562.3	165	-13.875
4369.7	171.52	-14.974
4182.3	178.73	-16.174
3999.9	185.81	-17.48
3822.7	193.65	-18.904
3650.6	201.56	-20.453
3483.6	210.25	-22.14
3321.7	218.81	-23.972
3164.9	228.42	-25.963
3013.2	237.61	-28.119
2866.6	248.1	-30.453
2725	258.06	-32.972
2588.5	269.4	-35.683
2457	279.99	-38.589
2330.5	292.25	-41.692
2208.9	303.34	-44.988
2092.2	316.36	-48.47
1980.2	327.78	-52.121
1873.1	341.34	-55.92
1770.6	352.66	-59.832
1672.7	366.41	-63.821
1579.3	377.05	-67.828
1490.3	390.26	-71.798
1405.6	399.63	-75.649
1325	411.48	-79.316
1248.5	418.66	-82.691
1175.9	428.31	-85.713
1107	432.72	-88.261
1041.8	439.21	-90.301
980.09	440.32	-91.709
921.73	443.3	-92.501
866.58	441.82	-92.576
814.51	441.38	-92.015
765.39	438.04	-90.737
719.08	435.59	-88.898
675.44	431.62	-86.441
634.36	428.62	-83.585
595.72	426.14	-80.271
559.39	424.16	-76.757
525.26	424.37	-72.979
493.23	424.86	-69.179
463.19	428.49	-65.274
435.05	432.39	-61.47
408.72	439.54	-57.661
384.1	446.71	-54.014
361.1	456.76	-50.417
339.65	466.58	-46.998
319.66	478.57	-43.66
301.05	489.87	-40.489
283.75	502.45	-37.415
267.69	514.16	-34.5
252.79	526.04	-31.69
238.99	536.29	-29.026
226.21	546.24	-26.477
214.4	554.37	-24.07
203.49	561.29	-21.785
193.43	566.28	-19.64
184.15	569.58	-17.623
175.61	570.61	-15.745
167.75	569.87	-13.998
160.52	567.03	-12.386
153.89	562.31	-10.906
147.8	555.67	-9.5549
142.21	547.27	-8.329
137.1	537.28	-7.2247
132.41	525.83	-6.2351
128.12	513.16	-5.3546
124.2	499.36	-4.5758
120.61	484.79	-3.8917
117.33	469.39	-3.2941
114.34	453.6	-2.7755
111.61	437.39	-2.328
109.12	421.11	-1.9443
106.84	404.69	-1.617
104.77	388.35	-1.3394
102.88	372.26	-1.1051
101.17	356.45	-0.90851
99.6	340.84	-0.7442
98.175	325.83	-0.60757
96.878	311.14	-0.49439
95.698	297.08	-0.40111
94.625	283.35	-0.32445
93.65	270.18	-0.26173
92.763	257.55	-0.21058
91.958	245.54	-0.16901
91.226	233.92	-0.13532
90.56	222.9	-0.10811
89.957	212.32	-0.086191
89.408	202.24	-0.068578
88.91	192.6	-0.054461
88.458	183.47	-0.043174
88.048	174.7	-0.034164
87.676	166.4	-0.02699
87.338	158.45	-0.021287
87.031	150.91	-0.016764
86.753	143.72	-0.013184
86.501	136.89	-0.010354
86.273	130.33	-0.0081202
86.065	124.14	-0.0063606
85.877	118.23	-0.0049758
85.707	112.59	-0.003888
85.552	107.22	-0.0030346
85.412	102.12	-0.0023659
85.285	97.251	-0.0018426
85.17	92.598	-0.0014336
85.066	88.174	-0.0011142
84.971	83.99	-0.00086504
84.886	79.976	-0.00067088
84.808	76.171	-0.00051975
84.738	72.528	-0.00040223
84.674	69.062	-0.00031088
84.616	66.005	-0.00023996
84.564	62.631	-0.00018456
84.516	59.592	-0.00014231
84.473	56.781	-0.00010906
84.434	53.622	-8.375e-05
84.399	51.451	-6.6214e-05
84.367	49.378	-5.0787e-05
84.338	46.643	-3.8899e-05
84.311	44.366	-2.9881e-05
84.287	42.262	-2.283e-05
84.266	39.906	-1.75e-05
84.246	38.287	-1.3403e-05
84.228	36.726	-1.0217e-05
84.212	34.692	-7.7901e-06
84.198	32.756	-5.9717e-06
84.184	31.413	-4.5886e-06
84.172	29.921	-3.5255e-06
84.161	28.459	-2.7375e-06
84.151	27.295	-2.1371e-06
84.142	25.775	-1.6906e-06
84.134	24.327	-1.3649e-06
84.126	23.332	-1.1247e-06
84.12	22.214	-9.4651e-07
84.113	21.12	-8.1962e-07
84.108	20.255	-7.2724e-07
84.103	19.118	-6.6242e-07
84.098	18.04	-6.2165e-07
84.094	17.296	-5.9772e-07
84.09	16.459	-5.8075e-07
84.086	15.645	-5.6414e-07
84.083	15.001	-5.4735e-07
84.08	14.15	-5.3063e-07
84.077	13.346	-5.1428e-07
84.074	12.791	-4.9803e-07
84.072	12.257	-4.8166e-07
84.07	11.557	-4.6539e-07
84.068	10.98	-4.4952e-07
84.066	10.443	-4.3353e-07
84.064	9.8383	-4.1798e-07
84.063	9.4184	-4.0259e-07
84.061	9.0203	-3.8718e-07
84.06	8.4985	-3.7198e-07
84.059	8.0609	-3.5724e-07
84.058	7.6579	-3.4251e-07
84.056	7.2079	-3.2826e-07
84.055	6.8915	-3.1428e-07
84.054	6.5885	-3.0036e-07
84.054	6.1978	-2.8674e-07
84.053	5.8701	-2.7364e-07
84.052	5.5641	-2.6064e-07
84.051	5.226	-2.4818e-07
84.05	4.986	-2.3604e-07
84.05	4.7546	-2.2405e-07
84.049	4.4608	-2.1241e-07
84.048	4.2124	-2.013e-07
84.048	3.9805	-1.9037e-07
84.047	3.7253	-1.7997e-07
84.047	3.5414	-1.6992e-07
84.046	3.3643	-1.6007e-07
84.046	3.1422	-1.5059e-07
84.045	2.9316	-1.4162e-07
84.045	2.777	-1.3299e-07
84.044	2.6085	-1.2459e-07
84.044	2.4436	-1.1666e-07
84.043	2.3073	-1.0895e-07
84.043	2.1421	-1.016e-07
84.042	1.984	-9.4689e-08
84.042	1.8671	-8.8107e-08
84.041	1.7406	-8.1744e-08
84.041	1.6179	-7.5798e-08
84.041	1.5149	-7.0068e-08
84.04	1.3942	-6.4643e-08
84.04	1.2803	-5.9597e-08
84.039	1.1934	-5.4832e-08
84.039	1.1019	-5.0269e-08
84.039	1.0147	-4.6045e-08
84.038	0.94079	-4.2014e-08
84.038	0.85731	-3.8237e-08
84.038	0.7796	-3.4762e-08
84.037	0.71945	-3.1516e-08
84.037	0.6623	-2.8443e-08
84.037	0.59976	-2.5588e-08
84.036	0.54581	-2.2983e-08
84.036	0.49708	-2.0534e-08
84.036	0.44777	-1.831e-08
84.036	0.40951	-1.6262e-08
84.035	0.37378	-1.4353e-08
84.035	0.33588	-1.2608e-08
84.035	0.30336	-1.1043e-08
84.034	0.27435	-9.5985e-09
84.034	0.2457	-8.3128e-09
84.034	0.22375	-7.1535e-09
84.033	0.20346	-6.0972e-09
84.033	0.18224	-5.1558e-09
84.033	0.1645	-4.3339e-09
84.033	0.14907	-3.5974e-09
84.032	0.13391	-2.9632e-09
84.032	0.12265	-2.4114e-09
84.032	0.11256	-1.9286e-09
84.032	0.10225	-1.5175e-09
84.031	0.093286	-1.1766e-09
84.031	0.086826	-8.9282e-10
84.031	0.080678	-6.5683e-10
84.031	0.075673	-4.7047e-10
84.03	0.072118	-3.2207e-10
84.03	0.068035	-2.0941e-10
84.03	0.064843	-1.2829e-10
84.03	0.06333	-7.5469e-11
84.03	0.061944	-4.6101e-11
84.029	0.061395	-3.1184e-11
84.029	0.061346	-2.5919e-11
84.029	0.061183	-2.648e-11
84.029	0.061455	-2.8847e-11
84.028	0.062718	-2.9371e-11
84.028	0.064357	-2.4458e-11
84.028	0.066027	-1.0938e-11
84.028	0.068463	1.4852e-11
84.028	0.070479	5.5863e-11
84.028	0.072474	1.1392e-10
84.027	0.075652	1.9216e-10
84.027	0.079117	2.9486e-10
84.027	0.081789	4.2335e-10
84.027	0.085368	5.7717e-10
84.027	0.088689	7.6333e-10
84.026	0.091331	9.7777e-10
84.026	0.096152	1.2249e-09
84.026	0.10062	1.5111e-09
84.026	0.10353	1.8341e-09
84.026	0.10776	2.1892e-09
84.026	0.11196	2.589e-09
84.026	0.11508	3.0217e-09
84.025	0.1201	3.4944e-09
84.025	0.12524	4.0165e-09
84.025	0.12844	4.5808e-09
84.025	0.13296	5.1786e-09
84.025	0.13722	5.8287e-09
84.025	0.14044	6.5115e-09
84.025	0.14599	7.2367e-09
84.025	0.1512	8.0173e-09
84.024	0.15454	8.8417e-09
84.024	0.15895	9.6957e-09
84.024	0.16311	1.0607e-08
84.024	0.16604	1.1546e-08
84.024	0.17172	1.2526e-08
84.024	0.17755	1.3564e-08
84.024	0.18039	1.4644e-08
84.024	0.18274	1.5746e-08
84.024	0.18862	1.6888e-08
84.023	0.19284	1.8087e-08
84.023	0.19693	1.9304e-08
84.023	0.20269	2.0578e-08
84.023	0.20507	2.1889e-08
84.023	0.20722	2.3213e-08
84.023	0.21304	2.457e-08
84.023	0.21703	2.5982e-08
84.023	0.22086	2.7402e-08
84.023	0.22631	2.8876e-08
84.023	0.22827	3.0379e-08
84.023	0.23214	3.1885e-08
84.023	0.23605	3.3443e-08
84.023	0.23956	3.4999e-08
84.022	0.24285	3.6607e-08
84.022	0.24456	3.8205e-08
84.022	0.25031	3.9828e-08
84.022	0.25364	4.1495e-08
84.022	0.25679	4.3154e-08
84.022	0.26211	4.4857e-08
84.022	0.26368	4.6572e-08
84.022	0.26685	4.8277e-08
84.022	0.2698	5.0016e-08
84.022	0.27319	5.1743e-08
84.022	0.27634	5.3504e-08
84.022	0.27676	5.5245e-08
84.022	0.28206	5.6989e-08
84.022	0.28494	5.8768e-08
84.022	0.28759	6.0523e-08
84.022	0.29068	6.2306e-08
84.022	0.29355	6.4065e-08
84.022	0.29825	6.5848e-08
84.022	0.29865	6.7631e-08
84.022	0.30154	6.9378e-08
84.022	0.30418	7.1151e-08
84.022	0.30624	7.2891e-08
84.022	0.30875	7.4649e-08
84.022	0.30888	7.6372e-08
84.021	0.31374	7.8084e-08
84.021	0.31588	7.9809e-08
84.021	0.31808	8.15e-08
84.021	0.32004	8.32e-08
84.021	0.32247	8.4862e-08
84.021	0.32725	8.6533e-08
84.021	0.32656	8.8186e-08
84.021	0.32854	8.9795e-08
84.021	0.33052	9.1412e-08
84.021	0.33242	9.2981e-08
84.021	0.33433	9.4558e-08
84.021	0.33341	9.6085e-08
84.021	0.33789	9.7594e-08
84.021	0.33962	9.9099e-08
84.021	0.34124	1.0056e-07
84.021	0.34291	1.0201e-07
84.021	0.34451	1.0342e-07
84.021	0.34874	1.0482e-07
84.021	0.34756	1.062e-07
84.021	0.34894	1.0752e-07
84.021	0.35043	1.0884e-07
84.021	0.34888	1.101e-07
84.021	0.35302	1.1134e-07
84.021	0.35435	1.1256e-07
84.021	0.35557	1.1374e-07
84.021	0.35676	1.149e-07
84.021	0.35787	1.16e-07
84.021	0.36186	1.171e-07
84.021	0.36016	1.1816e-07
84.021	0.36106	1.1916e-07
84.021	0.3621	1.2015e-07
84.021	0.36299	1.2109e-07
84.021	0.36403	1.2201e-07
84.021	0.36181	1.2288e-07
84.021	0.36554	1.2371e-07
84.021	0.36643	1.2452e-07
84.021	0.36713	1.2528e-07
84.021	0.36784	1.2601e-07
84.021	0.36844	1.2669e-07
84.021	0.37204	1.2735e-07
84.021	0.36971	1.2797e-07
84.021	0.37015	1.2854e-07
84.021	0.37078	1.2908e-07
84.021	0.37103	1.2957e-07
84.021	0.37161	1.3003e-07
84.021	0.36886	1.3045e-07
84.021	0.37206	1.3082e-07
84.021	0.37248	1.3117e-07
84.021	0.37238	1.3147e-07
84.021	0.37268	1.3173e-07
84.021	0.37215	1.3195e-07
84.021	0.37471	1.3213e-07
84.021	0.37075	1.3227e-07
84.021	0.36556	1.3237e-07
84.021	0.34344	1.3243e-07
84.021	0.32132	1.3245e-07
