35000	67.419	-2.1881
34101	67.098	-2.3048
33215	66.866	-2.4292
32341	66.986	-2.5617
31480	67.504	-2.7036
30631	68.361	-2.8553
29794	69.381	-3.0174
28969	70.595	-3.191
28157	72.004	-3.3771
27357	73.494	-3.5768
26569	75.182	-3.7913
25794	77.031	-4.0215
25031	78.935	-4.2697
24280	80.978	-4.5366
23541	83.196	-4.8239
22815	85.535	-5.1345
22101	88.025	-5.4695
21399	90.599	-5.8318
20710	93.279	-6.224
20033	96.189	-6.6485
19369	99.232	-7.1084
18717	102.4	-7.6077
18078	105.79	-8.1507
17451	109.33	-8.74
16837	112.95	-9.3821
16236	116.93	-10.081
15647	121	-10.844
15071	125.27	-11.676
14508	129.76	-12.586
13957	134.47	-13.58
13420	139.3	-14.669
12895	144.64	-15.86
12384	149.83	-17.165
11885	155.6	-18.597
11400	161.5	-20.166
10927	167.73	-21.887
10468	173.93	-23.778
10022	180.86	-25.85
9589.8	187.58	-28.125
9170.5	195.02	-30.614
8764.4	202.15	-33.345
8371.7	210.17	-36.33
7992.3	217.64	-39.586
7626.3	226.17	-43.134
7273.6	233.86	-46.986
6934.3	242.76	-51.152
6608.2	250.33	-55.637
6295.4	259.4	-60.436
5995.7	266.59	-65.535
5709.2	275.48	-70.906
5435.5	281.7	-76.501
5174.8	289.9	-82.255
4926.7	294.63	-88.078
4691.1	301.46	-93.858
4467.7	303.74	-99.455
4256.2	308.58	-104.72
4056.5	308.05	-109.47
3868	309.89	-113.55
3690.5	306.05	-116.76
3523.5	304.74	-119.01
3366.6	298.24	-120.13
3219.2	293.7	-120.15
3080.8	284.97	-118.95
2951	277.73	-116.72
2829.1	268.08	-113.41
2714.7	259.01	-109.29
2607.2	249.31	-104.36
2506.1	239.3	-98.958
2410.9	230.28	-93.055
2321.2	220.34	-86.981
2236.4	212.54	-80.696
2156.3	203.61	-74.481
2080.4	197.31	-68.28
2008.4	189.65	-62.327
1940	184.67	-56.554
1874.9	178.32	-51.121
1812.8	174.56	-45.97
1753.5	169.46	-41.201
1696.8	166.66	-36.759
1642.5	162.86	-32.699
1590.4	160.76	-28.972
1540.5	157.87	-25.601
1492.4	156.51	-22.544
1446.2	154.26	-19.805
1401.8	153.39	-17.346
1358.9	151.95	-15.16
1317.6	151.42	-13.214
1277.7	150.54	-11.496
1239.2	150.31	-9.9796
1202.1	149.71	-8.6482
1166.2	149.68	-7.4803
1131.4	149.38	-6.4604
1097.9	149.52	-5.5708
1065.4	149.42	-4.7973
1034	149.62	-4.1256
1003.6	149.66	-3.544
974.18	149.91	-3.0409
945.71	150.03	-2.6066
918.15	150.31	-2.2321
891.47	150.5	-1.9099
865.64	150.75	-1.6327
840.63	150.94	-1.3948
816.42	151.18	-1.1906
792.97	151.34	-1.0157
770.27	151.54	-0.86597
748.3	151.65	-0.7378
727.03	151.81	-0.62831
706.44	151.9	-0.53472
686.51	151.97	-0.45486
667.22	151.98	-0.38672
648.55	151.96	-0.32863
630.49	151.89	-0.27913
613.02	151.79	-0.23697
596.13	151.6	-0.20109
579.78	151.44	-0.17055
563.98	151.19	-0.14459
548.71	150.85	-0.12251
533.95	150.51	-0.10375
519.69	150.09	-0.087828
505.91	149.65	-0.074307
492.61	149.1	-0.062834
479.77	148.52	-0.053104
467.38	147.94	-0.044856
455.42	147.14	-0.037866
443.89	146.38	-0.031947
432.77	145.61	-0.026936
422.05	144.68	-0.022697
411.72	143.78	-0.019113
401.78	142.79	-0.016082
392.21	141.63	-0.013524
382.99	140.54	-0.011364
374.13	139.35	-0.009542
365.61	138.08	-0.0080058
357.42	136.77	-0.0067116
349.55	135.38	-0.005622
341.99	133.93	-0.0047054
334.74	132.44	-0.003935
327.78	130.89	-0.0032877
321.1	129.27	-0.0027444
314.7	127.62	-0.0022889
308.57	125.9	-0.0019072
302.69	124.14	-0.0015877
297.07	122.34	-0.0013205
291.68	120.47	-0.0010971
286.53	118.58	-0.00091067
281.61	116.66	-0.00075518
276.9	114.68	-0.00062561
272.4	112.69	-0.00051778
268.1	110.69	-0.00042809
264	108.63	-0.00035361
260.09	106.56	-0.00029179
256.35	104.46	-0.00024054
252.79	102.38	-0.0001981
249.39	100.3	-0.00016298
246.16	98.183	-0.00013396
243.07	96.096	-0.00011
240.14	93.986	-9.0246e-05
237.34	91.906	-7.3966e-05
234.68	89.8	-6.0568e-05
232.15	87.724	-4.9554e-05
229.74	85.984	-4.0503e-05
227.45	83.652	-3.3018e-05
225.27	81.623	-2.6989e-05
223.2	79.609	-2.1964e-05
221.23	77.081	-1.7924e-05
219.37	75.758	-1.4614e-05
217.59	74.377	-1.1864e-05
215.91	71.905	-9.6236e-06
214.31	70.075	-7.8284e-06
212.79	68.308	-6.3404e-06
211.35	66.002	-5.15e-06
209.98	64.75	-4.18e-06
208.68	63.502	-3.378e-06
207.45	61.376	-2.7278e-06
206.29	59.293	-2.209e-06
205.18	58.126	-1.7876e-06
204.13	56.58	-1.4403e-06
203.14	55.031	-1.1639e-06
202.2	53.952	-9.3644e-07
201.3	52.099	-7.53e-07
200.46	50.285	-6.0732e-07
199.66	49.275	-4.8949e-07
198.9	47.947	-3.9285e-07
198.18	46.618	-3.1621e-07
197.5	45.686	-2.5345e-07
196.85	44.097	-2.0301e-07
196.24	42.547	-1.6309e-07
195.66	41.689	-1.3094e-07
195.12	40.553	-1.0467e-07
194.6	39.415	-8.3925e-08
194.11	38.624	-6.7001e-08
193.64	37.275	-5.3453e-08
193.21	35.961	-4.2771e-08
192.79	35.226	-3.42e-08
192.4	34.518	-2.7227e-08
192.02	33.309	-2.166e-08
191.67	32.376	-1.7281e-08
191.34	31.493	-1.3727e-08
191.02	30.377	-1.0936e-08
190.73	29.765	-8.7059e-09
190.44	29.158	-6.8989e-09
190.18	28.133	-5.4629e-09
189.92	27.347	-4.3388e-09
189.69	26.592	-3.4304e-09
189.46	25.656	-2.7206e-09
189.25	25.147	-2.1563e-09
189.05	24.64	-1.7016e-09
188.85	23.776	-1.3421e-09
188.67	23.111	-1.0621e-09
188.5	22.461	-8.37e-10
188.34	21.668	-6.62e-10
188.19	21.244	-5.2337e-10
188.05	20.816	-4.1189e-10
187.91	20.08	-3.2351e-10
187.78	19.517	-2.5445e-10
187.66	18.984	-2.0047e-10
187.54	18.312	-1.5976e-10
187.43	17.946	-1.2859e-10
187.33	17.587	-1.0454e-10
187.23	16.965	-8.6475e-11
187.14	16.365	-7.3224e-11
187.05	16.038	-6.3443e-11
186.97	15.598	-5.6231e-11
186.89	15.16	-5.1181e-11
186.82	14.859	-4.7622e-11
186.75	14.337	-4.5238e-11
186.69	13.826	-4.3741e-11
186.62	13.549	-4.2839e-11
186.56	13.18	-4.235e-11
186.51	12.81	-4.2151e-11
186.46	12.554	-4.2121e-11
186.41	12.109	-4.2182e-11
186.36	11.679	-4.227e-11
186.32	11.445	-4.2342e-11
186.27	11.136	-4.2368e-11
186.23	10.822	-4.2324e-11
186.2	10.603	-4.2192e-11
186.16	10.227	-4.1969e-11
186.13	9.8619	-4.1655e-11
186.1	9.6662	-4.1245e-11
186.07	9.4751	-4.0736e-11
186.04	9.1388	-4.0135e-11
186.01	8.8842	-3.9464e-11
185.99	8.6383	-3.8703e-11
185.96	8.3251	-3.7886e-11
185.94	8.1613	-3.7009e-11
185.92	8.0015	-3.6062e-11
185.9	7.7118	-3.5067e-11
185.88	7.4967	-3.405e-11
185.86	7.2912	-3.2982e-11
185.84	7.0269	-3.1907e-11
185.83	6.8889	-3.0813e-11
185.81	6.7494	-2.9688e-11
185.8	6.5088	-2.8555e-11
185.79	6.3248	-2.7438e-11
185.77	6.1499	-2.6304e-11
185.76	5.9289	-2.5195e-11
185.75	5.8091	-2.4096e-11
185.74	5.6915	-2.2993e-11
185.73	5.4887	-2.1908e-11
185.72	5.292	-2.0858e-11
185.71	5.1836	-1.983e-11
185.7	5.0404	-1.8811e-11
185.69	4.8967	-1.7834e-11
185.68	4.7963	-1.6869e-11
185.68	4.6251	-1.5931e-11
185.67	4.4586	-1.5039e-11
185.66	4.3673	-1.4178e-11
185.66	4.246	-1.3334e-11
185.65	4.1238	-1.2535e-11
185.65	4.0388	-1.1756e-11
185.64	3.8937	-1.101e-11
185.64	3.7544	-1.0306e-11
185.63	3.6765	-9.6335e-12
185.63	3.5725	-8.9818e-12
185.62	3.471	-8.3723e-12
185.62	3.3994	-7.7842e-12
185.61	3.2756	-7.2258e-12
185.61	3.1563	-6.7046e-12
185.61	3.092	-6.2118e-12
185.6	3.0274	-5.7398e-12
185.6	2.9171	-5.2935e-12
185.6	2.834	-4.8811e-12
185.6	2.7533	-4.487e-12
185.59	2.6524	-4.1234e-12
185.59	2.5971	-3.7822e-12
185.59	2.5427	-3.4579e-12
185.59	2.4516	-3.1552e-12
185.58	2.3806	-2.8776e-12
185.58	2.3106	-2.615e-12
185.58	2.2249	-2.3757e-12
185.58	2.179	-2.153e-12
185.58	2.134	-1.9435e-12
185.57	2.0555	-1.7499e-12
185.57	1.9949	-1.5747e-12
185.57	1.9378	-1.4101e-12
185.57	1.8663	-1.2618e-12
185.57	1.8263	-1.1262e-12
185.57	1.7875	-9.9996e-13
185.57	1.7217	-8.8457e-13
185.57	1.6707	-7.8158e-13
185.56	1.6226	-6.8624e-13
185.56	1.5623	-6.0169e-13
185.56	1.5288	-5.2516e-13
185.56	1.4961	-4.5506e-13
185.56	1.4407	-3.9247e-13
185.56	1.387	-3.3768e-13
185.56	1.3572	-2.8844e-13
185.56	1.3177	-2.4458e-13
185.56	1.2781	-2.0605e-13
185.56	1.2505	-1.7218e-13
185.56	1.2044	-1.4238e-13
185.56	1.1595	-1.1708e-13
185.56	1.1346	-9.5213e-14
185.56	1.1014	-7.6387e-14
185.55	1.0685	-6.0554e-14
185.55	1.0455	-4.7267e-14
185.55	1.0069	-3.6203e-14
185.55	0.97694	-2.7144e-14
185.55	0.94892	-2.0099e-14
185.55	0.9209	-1.4498e-14
185.55	0.89433	-1.0256e-14
185.55	0.86135	-6.9245e-15
185.55	0.84341	-4.7875e-15
185.55	0.81925	-3.2127e-15
185.55	0.79536	-2.2548e-15
185.55	0.77909	-1.7434e-15
185.55	0.75123	-1.5248e-15
185.55	0.7296	-1.5144e-15
185.55	0.70942	-1.5039e-15
185.55	0.68989	-1.451e-15
185.55	0.67098	-1.203e-15
185.55	0.64736	-8.1571e-16
185.55	0.63513	-7.8086e-18
185.55	0.61838	1.2314e-15
185.55	0.60231	2.9412e-15
185.55	0.58673	5.1498e-15
185.55	0.57151	8.0233e-15
185.55	0.5618	1.1532e-14
185.55	0.54373	1.5582e-14
185.55	0.53046	2.0393e-14
185.55	0.51812	2.6038e-14
185.55	0.50598	3.2329e-14
185.55	0.49477	3.9564e-14
185.55	0.47993	4.7262e-14
185.55	0.47356	5.5919e-14
185.55	0.46382	6.5486e-14
185.55	0.45433	7.5682e-14
185.55	0.44557	8.6841e-14
185.55	0.43713	9.8575e-14
185.55	0.43259	1.1127e-13
185.55	0.42166	1.2479e-13
185.55	0.41444	1.3871e-13
185.55	0.40797	1.5365e-13
185.55	0.40157	1.6899e-13
185.55	0.39583	1.8531e-13
185.55	0.38717	2.0192e-13
185.55	0.38505	2.1911e-13
185.55	0.38024	2.3717e-13
185.55	0.37579	2.555e-13
185.55	0.37162	2.7448e-13
185.55	0.36759	2.9368e-13
185.55	0.36694	3.1359e-13
185.55	0.36077	3.3383e-13
185.55	0.35749	3.5397e-13
185.55	0.3547	3.748e-13
185.55	0.34937	3.9542e-13
185.55	0.34986	4.1621e-13
185.55	0.34755	4.3742e-13
185.55	0.34556	4.5839e-13
185.55	0.34384	4.7966e-13
185.55	0.34207	5.0054e-13
185.55	0.34344	5.2165e-13
185.55	0.33938	5.4262e-13
185.55	0.33812	5.6297e-13
185.55	0.33722	5.8349e-13
185.55	0.33616	6.0327e-13
185.55	0.33537	6.2305e-13
185.55	0.33193	6.4215e-13
185.55	0.33396	6.6069e-13
185.55	0.33351	6.7904e-13
185.55	0.33294	6.9657e-13
185.55	0.33266	7.1375e-13
185.55	0.33219	7.3002e-13
185.55	0.33461	7.4584e-13
185.55	0.33178	7.6097e-13
185.55	0.33143	7.7505e-13
185.55	0.33141	7.8855e-13
185.55	0.33113	8.0095e-13
185.55	0.33118	8.1274e-13
185.55	0.32832	8.2339e-13
185.55	0.33076	8.331e-13
185.55	0.33084	8.4208e-13
185.55	0.33044	8.4982e-13
185.55	0.33051	8.5672e-13
185.55	0.32984	8.6249e-13
185.55	0.33198	8.6746e-13
185.55	0.32833	8.7109e-13
185.55	0.32368	8.7386e-13
185.55	0.30402	8.7542e-13
185.55	0.28436	8.76e-13
