30000	79.029	-2.9788
29166	79.113	-3.151
28346	79.228	-3.3351
27538	79.678	-3.533
26743	80.502	-3.7452
25960	81.655	-3.9728
25191	83.067	-4.2181
24434	84.699	-4.4818
23689	86.542	-4.766
22958	88.577	-5.0723
22239	90.77	-5.403
21532	93.117	-5.7606
20839	95.656	-6.147
20158	98.377	-6.5656
19489	101.25	-7.019
18834	104.27	-7.5105
18191	107.47	-8.0447
17560	110.86	-8.6242
16943	114.46	-9.2554
16338	118.26	-9.9426
15747	122.24	-10.691
15168	126.37	-11.508
14602	130.72	-12.399
14049	135.31	-13.373
13509	140.2	-14.437
12982	145.3	-15.601
12468	150.58	-16.874
11968	156.03	-18.27
11480	161.81	-19.799
11006	167.86	-21.473
10545	174.23	-23.308
10097	180.76	-25.317
9662.2	187.57	-27.518
9241	194.56	-29.926
8833.1	201.89	-32.556
8438.6	209.34	-35.428
8057.5	217.11	-38.556
7689.8	224.91	-41.954
7335.3	232.99	-45.636
6994.3	240.98	-49.606
6666.5	249.23	-53.868
6351.9	257.22	-58.416
6050.5	265.34	-63.235
5762.1	272.89	-68.294
5486.6	280.43	-73.549
5224	287.11	-78.938
4973.9	293.57	-84.377
4736.3	298.75	-89.765
4510.7	303.45	-94.971
4297.1	306.46	-99.863
4095	308.73	-104.27
3904.1	309.78	-108.07
3724	310.48	-111.06
3554.3	310.48	-113.17
3394.6	310.48	-114.25
3244.3	310.48	-114.29
3103	310.48	-113.22
2970.1	310.48	-111.15
2845.2	310.48	-108.07
2727.6	310.48	-104.2
2617	310.48	-99.539
2512.8	310.48	-94.393
2414.5	310.48	-88.758
2321.6	310.48	-82.928
2233.8	310.48	-76.894
2150.7	310.48	-70.906
2071.9	310.48	-64.934
1997	310.48	-59.186
1925.7	310.48	-53.616
1857.8	310.48	-48.37
1793	310.48	-43.402
1731.1	310.48	-38.804
1671.8	310.48	-34.53
1615.1	310.48	-30.63
1560.6	310.48	-27.06
1508.4	310.48	-23.839
1458.1	310.48	-20.928
1409.8	310.48	-18.329
1363.2	310.48	-16.004
1318.4	310.48	-13.945
1275.2	310.48	-12.12
1233.5	310.48	-10.514
1193.3	310.48	-9.1022
1154.4	310.48	-7.8678
1116.9	310.48	-6.789
1080.6	310.48	-5.8504
1045.6	310.48	-5.0344
1011.7	310.48	-4.3277
978.93	310.48	-3.7158
947.24	310.48	-3.1878
916.58	310.48	-2.7323
886.91	310.48	-2.3403
858.2	310.48	-2.0031
830.41	310.48	-1.7135
803.5	310.48	-1.465
777.45	310.48	-1.252
752.23	310.48	-1.0695
727.81	310.48	-0.91335
704.16	310.48	-0.77978
681.25	310.48	-0.66554
659.06	310.48	-0.56795
637.57	310.48	-0.48459
616.75	310.48	-0.41341
596.59	310.48	-0.35265
577.05	310.48	-0.30079
558.13	310.48	-0.25656
539.8	310.48	-0.21881
522.04	310.48	-0.18662
504.84	310.48	-0.15917
488.18	310.48	-0.13576
472.05	310.48	-0.11579
456.42	310.48	-0.098769
441.29	310.48	-0.084252
426.63	310.48	-0.071873
412.44	310.48	-0.061316
398.7	310.48	-0.052312
385.41	310.48	-0.044633
372.54	310.48	-0.038084
360.08	310.48	-0.032498
348.03	310.48	-0.027732
336.38	310.48	-0.023665
325.1	310.48	-0.020196
314.21	310.48	-0.017236
303.67	310.48	-0.014709
293.49	310.48	-0.012553
283.65	310.48	-0.010713
274.14	310.48	-0.0091416
264.97	310.48	-0.0078004
256.11	310.48	-0.0066556
247.55	310.48	-0.0056779
239.3	310.48	-0.0048434
231.35	310.48	-0.0041306
223.68	310.48	-0.0035221
216.28	310.48	-0.0030026
209.16	310.48	-0.0025591
202.29	310.48	-0.0021804
195.68	310.48	-0.0018572
189.32	310.48	-0.0015814
183.2	310.48	-0.001346
177.32	310.48	-0.0011451
171.66	310.48	-0.00097381
166.22	310.48	-0.00082766
160.99	310.48	-0.0007031
155.97	310.48	-0.00059693
151.15	310.48	-0.00050648
146.52	310.48	-0.00042945
142.09	310.48	-0.00036389
137.83	310.48	-0.0003081
133.75	310.48	-0.00026066
129.84	310.48	-0.00022036
126.1	310.48	-0.00018612
122.51	310.48	-0.00015706
119.08	310.48	-0.00013241
115.8	310.48	-0.00011152
112.65	310.48	-9.3837e-05
109.65	310.48	-7.8873e-05
106.78	310.48	-6.6223e-05
104.04	310.48	-5.5541e-05
101.42	310.48	-4.6529e-05
98.926	310.48	-3.8933e-05
96.542	310.48	-3.2539e-05
94.269	310.48	-2.7112e-05
92.101	310.48	-2.2643e-05
90.035	310.48	-1.8817e-05
88.066	310.48	-1.5674e-05
86.192	310.48	-1.3038e-05
84.407	310.48	-1.079e-05
82.709	310.48	-8.9171e-06
81.094	310.48	-7.3859e-06
79.558	310.48	-6.087e-06
78.097	310.48	-5.0281e-06
76.71	310.48	-4.1473e-06
75.392	310.48	-3.4034e-06
74.14	310.48	-2.7888e-06
72.952	310.48	-2.2904e-06
71.824	310.48	-1.8783e-06
70.754	310.48	-1.5325e-06
69.74	310.48	-1.2531e-06
68.778	310.48	-1.0194e-06
67.866	310.48	-8.2808e-07
67.002	310.48	-6.7421e-07
66.184	310.48	-5.4814e-07
65.408	310.48	-4.4334e-07
64.674	310.48	-3.594e-07
63.98	310.48	-2.8985e-07
63.322	310.48	-2.3342e-07
62.7	310.48	-1.8842e-07
62.111	310.48	-1.5188e-07
61.555	310.48	-1.2179e-07
61.028	310.48	-9.7903e-08
60.53	310.48	-7.8294e-08
60.06	310.48	-6.2532e-08
59.615	310.48	-5.007e-08
59.195	310.48	-4.0046e-08
58.798	310.48	-3.1873e-08
58.423	310.48	-2.5343e-08
58.069	310.48	-2.0214e-08
57.735	310.48	-1.6051e-08
57.419	310.48	-1.2791e-08
57.121	310.48	-1.0192e-08
56.839	310.48	-8.0898e-09
56.574	310.48	-6.422e-09
56.323	310.48	-5.1147e-09
56.086	310.48	-4.0461e-09
55.863	310.48	-3.2296e-09
55.652	310.48	-2.6017e-09
55.454	310.48	-2.1129e-09
55.266	310.48	-1.7414e-09
55.089	310.48	-1.4655e-09
54.922	310.48	-1.2556e-09
54.765	310.48	-1.103e-09
54.616	310.48	-9.9161e-10
54.476	310.48	-9.1055e-10
54.344	310.48	-8.5402e-10
54.22	310.48	-8.1622e-10
54.103	310.48	-7.9095e-10
53.992	310.48	-7.7544e-10
53.888	310.48	-7.6627e-10
53.789	310.48	-7.6115e-10
53.697	310.48	-7.5856e-10
53.609	310.48	-7.5721e-10
53.527	310.48	-7.5611e-10
53.449	310.48	-7.5449e-10
53.376	310.48	-7.5197e-10
53.307	310.48	-7.4809e-10
53.242	310.48	-7.4272e-10
53.18	310.48	-7.3585e-10
53.123	310.48	-7.274e-10
53.068	310.48	-7.1717e-10
53.017	310.48	-7.0559e-10
52.968	310.48	-6.9231e-10
52.923	310.48	-6.7768e-10
52.88	310.48	-6.6209e-10
52.839	310.48	-6.4544e-10
52.801	310.48	-6.2754e-10
52.765	310.48	-6.0911e-10
52.731	310.48	-5.8973e-10
52.699	310.48	-5.6977e-10
52.669	310.48	-5.4972e-10
52.64	310.48	-5.2938e-10
52.613	310.48	-5.0852e-10
52.588	310.48	-4.8756e-10
52.564	310.48	-4.6696e-10
52.542	310.48	-4.4613e-10
52.52	310.48	-4.2582e-10
52.5	310.48	-4.0573e-10
52.482	310.48	-3.8564e-10
52.464	310.48	-3.6593e-10
52.447	310.48	-3.4698e-10
52.431	310.48	-3.2816e-10
52.416	310.48	-3.1015e-10
52.402	310.48	-2.9268e-10
52.389	310.48	-2.7546e-10
52.376	310.48	-2.5886e-10
52.364	310.48	-2.4311e-10
52.353	310.48	-2.2772e-10
52.343	310.48	-2.1319e-10
52.333	310.48	-1.9926e-10
52.323	310.48	-1.8573e-10
52.315	310.48	-1.7283e-10
52.306	310.48	-1.6074e-10
52.298	310.48	-1.4926e-10
52.291	310.48	-1.3819e-10
52.284	310.48	-1.2786e-10
52.277	310.48	-1.1796e-10
52.271	310.48	-1.0862e-10
52.265	310.48	-9.9963e-11
52.259	310.48	-9.1828e-11
52.254	310.48	-8.4062e-11
52.249	310.48	-7.6914e-11
52.244	310.48	-7.0119e-11
52.24	310.48	-6.3787e-11
52.236	310.48	-5.7978e-11
52.232	310.48	-5.2581e-11
52.228	310.48	-4.7495e-11
52.224	310.48	-4.2854e-11
52.221	310.48	-3.8508e-11
52.218	310.48	-3.4495e-11
52.215	310.48	-3.087e-11
52.212	310.48	-2.7539e-11
52.209	310.48	-2.4435e-11
52.206	310.48	-2.1608e-11
52.204	310.48	-1.9074e-11
52.202	310.48	-1.6736e-11
52.199	310.48	-1.4649e-11
52.197	310.48	-1.2765e-11
52.195	310.48	-1.1044e-11
52.194	310.48	-9.5016e-12
52.192	310.48	-8.1458e-12
52.19	310.48	-6.9219e-12
52.189	310.48	-5.8591e-12
52.187	310.48	-4.914e-12
52.186	310.48	-4.0825e-12
52.184	310.48	-3.3557e-12
52.183	310.48	-2.7386e-12
52.182	310.48	-2.2013e-12
52.181	310.48	-1.7497e-12
52.179	310.48	-1.3696e-12
52.178	310.48	-1.0483e-12
52.177	310.48	-7.8529e-13
52.177	310.48	-5.7738e-13
52.176	310.48	-4.09e-13
52.175	310.48	-2.8122e-13
52.174	310.48	-1.8487e-13
52.173	310.48	-1.1638e-13
52.173	310.48	-6.7421e-14
52.172	310.48	-3.854e-14
52.171	310.48	-2.2512e-14
52.171	310.48	-1.4797e-14
52.17	310.48	-1.3012e-14
52.169	310.48	-1.2649e-14
52.169	310.48	-1.2121e-14
52.168	310.48	-6.7741e-15
52.168	310.48	4.7939e-15
52.167	310.48	2.739e-14
52.167	310.48	6.1192e-14
52.167	310.48	1.0832e-13
52.166	310.48	1.741e-13
52.166	310.48	2.5546e-13
52.165	310.48	3.5733e-13
52.165	310.48	4.7893e-13
52.165	310.48	6.2571e-13
52.164	310.48	7.941e-13
52.164	310.48	9.8638e-13
52.164	310.48	1.2079e-12
52.164	310.48	1.4522e-12
52.163	310.48	1.7282e-12
52.163	310.48	2.0337e-12
52.163	310.48	2.3609e-12
52.163	310.48	2.7241e-12
52.163	310.48	3.1103e-12
52.162	310.48	3.532e-12
52.162	310.48	3.9768e-12
52.162	310.48	4.4516e-12
52.162	310.48	4.9631e-12
52.162	310.48	5.4958e-12
52.162	310.48	6.0665e-12
52.161	310.48	6.6571e-12
52.161	310.48	7.2859e-12
52.161	310.48	7.9431e-12
52.161	310.48	8.6172e-12
52.161	310.48	9.3297e-12
52.161	310.48	1.0057e-11
52.161	310.48	1.0821e-11
52.161	310.48	1.1598e-11
52.161	310.48	1.2397e-11
52.16	310.48	1.3233e-11
52.16	310.48	1.4078e-11
52.16	310.48	1.4956e-11
52.16	310.48	1.584e-11
52.16	310.48	1.6757e-11
52.16	310.48	1.769e-11
52.16	310.48	1.8625e-11
52.16	310.48	1.959e-11
52.16	310.48	2.0553e-11
52.16	310.48	2.1542e-11
52.16	310.48	2.2526e-11
52.16	310.48	2.3519e-11
52.16	310.48	2.4535e-11
52.16	310.48	2.5541e-11
52.16	310.48	2.6566e-11
52.16	310.48	2.758e-11
52.16	310.48	2.8609e-11
52.16	310.48	2.9638e-11
52.16	310.48	3.0648e-11
52.16	310.48	3.1671e-11
52.16	310.48	3.2672e-11
52.16	310.48	3.3666e-11
52.16	310.48	3.4668e-11
52.16	310.48	3.5643e-11
52.159	310.48	3.6621e-11
52.159	310.48	3.757e-11
52.159	310.48	3.8519e-11
52.159	310.48	3.9451e-11
52.159	310.48	4.0351e-11
52.159	310.48	4.1244e-11
52.159	310.48	4.2101e-11
52.159	310.48	4.2951e-11
52.159	310.48	4.376e-11
52.159	310.48	4.4547e-11
52.159	310.48	4.5318e-11
52.159	310.48	4.6049e-11
52.159	310.48	4.6761e-11
52.159	310.48	4.7431e-11
52.159	310.48	4.8081e-11
52.159	310.48	4.8696e-11
52.159	310.48	4.9267e-11
52.159	310.48	4.9812e-11
52.159	310.48	5.0312e-11
52.159	310.48	5.0784e-11
52.159	310.48	5.121e-11
52.159	310.48	5.1599e-11
52.159	310.48	5.1954e-11
52.159	310.48	5.2263e-11
52.159	310.48	5.2537e-11
52.159	310.48	5.2766e-11
52.159	310.48	5.2957e-11
52.159	310.48	5.3105e-11
52.159	310.48	5.3209e-11
52.159	310.48	5.3273e-11
52.159	310.48	5.3294e-11
