32000	83.207	-2.9506
31117	79.244	-3.1189
30245	75.554	-3.2987
29386	73.809	-3.4927
28538	73.686	-3.7002
27703	74.34	-3.9242
26878	75.456	-4.1646
26066	76.966	-4.4249
25266	78.785	-4.7054
24477	80.836	-5.0092
23700	83.091	-5.3376
22935	85.592	-5.6938
22182	88.339	-6.0803
21441	91.279	-6.5006
20712	94.394	-6.9575
19995	97.745	-7.4564
19290	101.34	-8.0004
18598	105.15	-8.5955
17918	109.17	-9.2464
17250	113.48	-9.9608
16594	118.09	-10.745
15952	123	-11.607
15322	128.18	-12.558
14704	133.67	-13.607
14100	139.5	-14.766
13508	145.69	-16.051
12930	152.31	-17.476
12365	159.33	-19.058
11813	166.78	-20.819
11275	174.7	-22.785
10750	183.16	-24.981
10239	192.06	-27.438
9741.2	201.49	-30.191
9258.2	211.43	-33.282
8789	222.09	-36.756
8334.5	233.34	-40.666
7894.3	245.34	-45.076
7469.1	257.84	-50.041
7058.5	271.15	-55.651
6663.3	284.91	-61.969
6283.1	299.57	-69.111
5918.7	314.57	-77.152
5569.9	330.52	-86.205
5237.2	346.54	-96.342
4920.4	363.52	-107.67
4620.3	380.22	-120.25
4336.5	397.91	-134.12
4069.6	414.67	-149.24
3819.4	432.25	-165.5
3586.2	448	-182.65
3369.8	464.26	-200.33
3170.4	477.25	-217.96
2987.6	489.62	-234.71
2821.1	496.51	-249.56
2670.4	501.53	-261.23
2534.9	502.81	-268.53
2413.7	504.63	-270
2306	504.63	-265.06
2210.5	504.63	-252.92
2126.1	504.63	-234.92
2051.5	504.63	-211.43
1985.3	504.63	-185.75
1926.3	504.63	-158.65
1873.5	504.63	-133.32
1825.8	504.63	-109.88
1782.4	504.63	-89.906
1742.6	504.63	-72.859
1706	504.63	-58.986
1671.9	504.63	-47.587
1640.2	504.63	-38.478
1610.4	504.63	-31.094
1582.5	504.63	-25.211
1556.1	504.63	-20.456
1531.2	504.63	-16.651
1507.6	504.63	-13.57
1485.3	504.63	-11.089
1464	504.63	-9.0734
1443.9	504.63	-7.4414
1424.7	504.63	-6.1103
1406.5	504.63	-5.0271
1389.2	504.63	-4.1407
1372.7	504.63	-3.4164
1357	504.63	-2.8219
1342.1	504.63	-2.3345
1327.9	504.63	-1.9334
1314.4	504.63	-1.6035
1301.6	504.63	-1.3314
1289.4	504.63	-1.1069
1277.8	504.63	-0.92139
1266.8	504.63	-0.76795
1256.4	504.63	-0.64081
1246.4	504.63	-0.53538
1237	504.63	-0.44782
1228.1	504.63	-0.37503
1219.7	504.63	-0.31442
1211.6	504.63	-0.26391
1204.1	504.63	-0.22174
1196.9	504.63	-0.18651
1190.1	504.63	-0.15704
1183.6	504.63	-0.13235
1177.6	504.63	-0.11164
1171.8	504.63	-0.09426
1166.4	504.63	-0.079647
1161.2	504.63	-0.067354
1156.4	504.63	-0.057
1151.8	504.63	-0.048273
1147.5	504.63	-0.040907
1143.4	504.63	-0.034688
1139.5	504.63	-0.029429
1135.9	504.63	-0.024983
1132.5	504.63	-0.021218
1129.3	504.63	-0.018029
1126.2	504.63	-0.015325
1123.4	504.63	-0.013033
1120.7	504.63	-0.011088
1118.1	504.63	-0.0094361
1115.7	504.63	-0.0080331
1113.5	504.63	-0.0068408
1111.4	504.63	-0.0058272
1109.4	504.63	-0.004965
1107.5	504.63	-0.0042313
1105.7	504.63	-0.0036069
1104.1	504.63	-0.0030754
1102.5	504.63	-0.0026226
1101	504.63	-0.0022369
1099.7	504.63	-0.0019083
1098.4	504.63	-0.0016282
1097.2	504.63	-0.0013894
1096	504.63	-0.0011858
1094.9	504.63	-0.0010122
1093.9	504.63	-0.00086405
1093	504.63	-0.00073769
1092.1	504.63	-0.00062986
1091.2	504.63	-0.00053785
1090.5	504.63	-0.00045931
1089.7	504.63	-0.00039228
1089	504.63	-0.00033504
1088.4	504.63	-0.00028618
1087.8	504.63	-0.00024445
1087.2	504.63	-0.00020881
1086.7	504.63	-0.00017837
1086.1	504.63	-0.00015237
1085.7	504.63	-0.00013016
1085.2	504.63	-0.00011118
1084.8	504.63	-9.4977e-05
1084.4	504.63	-8.1128e-05
1084.1	504.63	-6.9296e-05
1083.7	504.63	-5.9186e-05
1083.4	504.63	-5.0548e-05
1083.1	504.63	-4.3167e-05
1082.8	504.63	-3.6862e-05
1082.5	504.63	-3.1474e-05
1082.3	504.63	-2.6872e-05
1082	504.63	-2.2939e-05
1081.8	504.63	-1.958e-05
1081.6	504.63	-1.671e-05
1081.4	504.63	-1.4259e-05
1081.2	504.63	-1.2165e-05
1081.1	504.63	-1.0377e-05
1080.9	504.63	-8.8503e-06
1080.8	504.63	-7.5466e-06
1080.6	504.63	-6.4256e-06
1080.5	504.63	-5.4835e-06
1080.4	504.63	-4.6664e-06
1080.2	504.63	-3.9799e-06
1080.1	504.63	-3.393e-06
1080	504.63	-2.8842e-06
1079.9	504.63	-2.4506e-06
1079.9	504.63	-2.0866e-06
1079.8	504.63	-1.7711e-06
1079.7	504.63	-1.5064e-06
1079.6	504.63	-1.2806e-06
1079.5	504.63	-1.0852e-06
1079.5	504.63	-9.1902e-07
1079.4	504.63	-7.799e-07
1079.4	504.63	-6.6132e-07
1079.3	504.63	-5.5879e-07
1079.3	504.63	-4.729e-07
1079.2	504.63	-3.9869e-07
1079.2	504.63	-3.3564e-07
1079.1	504.63	-2.8292e-07
1079.1	504.63	-2.3805e-07
1079.1	504.63	-1.9932e-07
1079	504.63	-1.6695e-07
1079	504.63	-1.3904e-07
1079	504.63	-1.1538e-07
1078.9	504.63	-9.564e-08
1078.9	504.63	-7.8883e-08
1078.9	504.63	-6.4456e-08
1078.9	504.63	-5.2432e-08
1078.8	504.63	-4.2095e-08
1078.8	504.63	-3.3362e-08
1078.8	504.63	-2.6103e-08
1078.8	504.63	-1.9965e-08
1078.8	504.63	-1.4705e-08
1078.8	504.63	-1.0281e-08
1078.7	504.63	-6.6175e-09
1078.7	504.63	-3.4907e-09
1078.7	504.63	-9.1363e-10
1078.7	504.63	1.2292e-09
1078.7	504.63	3.0717e-09
1078.7	504.63	-1.0507e-08
1078.7	504.63	-2.0825e-08
1078.7	504.63	-1.9395e-08
1078.6	504.63	-1.8196e-08
1078.6	504.63	-1.7145e-08
1078.6	504.63	-1.6214e-08
1078.6	504.63	-1.54e-08
1078.6	504.63	-1.4696e-08
1078.6	504.63	-1.4065e-08
1078.6	504.63	-1.3514e-08
1078.6	504.63	-1.3021e-08
1078.6	504.63	-1.2571e-08
1078.6	504.63	-1.2165e-08
1078.6	504.63	-1.18e-08
1078.6	504.63	-1.146e-08
1078.6	504.63	-1.1151e-08
1078.6	504.63	-1.0863e-08
1078.6	504.63	-1.0589e-08
1078.6	504.63	-1.033e-08
1078.6	504.63	-1.0087e-08
1078.6	504.63	-9.8552e-09
1078.6	504.63	-9.6283e-09
1078.6	504.63	-9.4121e-09
1078.6	504.63	-9.1983e-09
1078.6	504.63	-8.9899e-09
1078.6	504.63	-8.7892e-09
1078.6	504.63	-8.5925e-09
1078.5	504.63	-8.3956e-09
1078.5	504.63	-8.2044e-09
1078.5	504.63	-8.0122e-09
1078.5	504.63	-7.8217e-09
1078.5	504.63	-7.6353e-09
1078.5	504.63	-7.4496e-09
1078.5	504.63	-7.2608e-09
1078.5	504.63	-7.0753e-09
1078.5	504.63	-6.8874e-09
1078.5	504.63	-6.6997e-09
1078.5	504.63	-6.5159e-09
1078.5	504.63	-6.3327e-09
1078.5	504.63	-6.1475e-09
1078.5	504.63	-5.9633e-09
1078.5	504.63	-5.7832e-09
1078.5	504.63	-5.6015e-09
1078.5	504.63	-5.4241e-09
1078.5	504.63	-5.2481e-09
1078.5	504.63	-5.0712e-09
1078.5	504.63	-4.896e-09
1078.5	504.63	-4.7256e-09
1078.5	504.63	-4.5544e-09
1078.5	504.63	-4.3883e-09
1078.5	504.63	-4.2245e-09
1078.5	504.63	-4.0606e-09
1078.5	504.63	-3.8992e-09
1078.5	504.63	-3.7431e-09
1078.5	504.63	-3.5872e-09
1078.5	504.63	-3.4369e-09
1078.5	504.63	-3.2894e-09
1078.5	504.63	-3.1427e-09
1078.5	504.63	-2.9994e-09
1078.5	504.63	-2.8614e-09
1078.5	504.63	-2.7268e-09
1078.5	504.63	-2.5933e-09
1078.5	504.63	-2.4656e-09
1078.5	504.63	-2.3392e-09
1078.5	504.63	-2.2165e-09
1078.5	504.63	-2.0993e-09
1078.5	504.63	-1.9857e-09
1078.5	504.63	-1.874e-09
1078.5	504.63	-1.7676e-09
1078.5	504.63	-1.6633e-09
1078.5	504.63	-1.5627e-09
1078.5	504.63	-1.4674e-09
1078.5	504.63	-1.3756e-09
1078.5	504.63	-1.2861e-09
1078.5	504.63	-1.2017e-09
1078.5	504.63	-1.1195e-09
1078.5	504.63	-1.0409e-09
1078.5	504.63	-9.6708e-10
1078.5	504.63	-8.9669e-10
1078.5	504.63	-8.2863e-10
1078.5	504.63	-7.64e-10
1078.5	504.63	-7.037e-10
1078.5	504.63	-6.4572e-10
1078.5	504.63	-5.9179e-10
1078.5	504.63	-5.4095e-10
1078.5	504.63	-4.9236e-10
1078.5	504.63	-4.4676e-10
1078.5	504.63	-4.0473e-10
1078.5	504.63	-3.6484e-10
1078.5	504.63	-3.2825e-10
1078.5	504.63	-2.9424e-10
1078.5	504.63	-2.6221e-10
1078.5	504.63	-2.3263e-10
1078.5	504.63	-2.0583e-10
1078.5	504.63	-1.8084e-10
1078.5	504.63	-1.5835e-10
1078.5	504.63	-1.3787e-10
1078.5	504.63	-1.1899e-10
1078.5	504.63	-1.0197e-10
1078.5	504.63	-8.6926e-11
1078.5	504.63	-7.3283e-11
1078.5	504.63	-6.1394e-11
1078.5	504.63	-5.0918e-11
1078.5	504.63	-4.161e-11
1078.5	504.63	-3.355e-11
1078.5	504.63	-2.6746e-11
1078.5	504.63	-2.0962e-11
1078.5	504.63	-1.604e-11
1078.5	504.63	-1.2044e-11
1078.5	504.63	-8.7573e-12
1078.5	504.63	-6.1596e-12
1078.5	504.63	-4.1917e-12
1078.5	504.63	-2.7264e-12
1078.5	504.63	-1.671e-12
1078.5	504.63	-9.8215e-13
1078.5	504.63	-5.6133e-13
1078.5	504.63	-3.4772e-13
1078.5	504.63	-2.7026e-13
1078.5	504.63	-2.5868e-13
1078.5	504.63	-2.4984e-13
1078.5	504.63	-1.8158e-13
1078.5	504.63	1.5021e-15
1078.5	504.63	3.5363e-13
1078.5	504.63	9.3701e-13
1078.5	504.63	1.7815e-12
1078.5	504.63	2.9605e-12
1078.5	504.63	4.5064e-12
1078.5	504.63	6.4255e-12
1078.5	504.63	8.8157e-12
1078.5	504.63	1.1635e-11
1078.5	504.63	1.5003e-11
1078.5	504.63	1.8841e-11
1078.5	504.63	2.3221e-11
1078.5	504.63	2.8246e-11
1078.5	504.63	3.3778e-11
1078.5	504.63	4.0005e-11
1078.5	504.63	4.6745e-11
1078.5	504.63	5.4223e-11
1078.5	504.63	6.2342e-11
1078.5	504.63	7.096e-11
1078.5	504.63	8.0355e-11
1078.5	504.63	9.0228e-11
1078.5	504.63	1.0089e-10
1078.5	504.63	1.12e-10
1078.5	504.63	1.2371e-10
1078.5	504.63	1.3621e-10
1078.5	504.63	1.491e-10
1078.5	504.63	1.6276e-10
1078.5	504.63	1.7675e-10
1078.5	504.63	1.9151e-10
1078.5	504.63	2.0677e-10
1078.5	504.63	2.2227e-10
1078.5	504.63	2.3849e-10
1078.5	504.63	2.5489e-10
1078.5	504.63	2.7195e-10
1078.5	504.63	2.891e-10
1078.5	504.63	3.0658e-10
1078.5	504.63	3.2466e-10
1078.5	504.63	3.4272e-10
1078.5	504.63	3.6133e-10
1078.5	504.63	3.7982e-10
1078.5	504.63	3.9881e-10
1078.5	504.63	4.1791e-10
1078.5	504.63	4.3679e-10
1078.5	504.63	4.5606e-10
1078.5	504.63	4.7503e-10
1078.5	504.63	4.9397e-10
1078.5	504.63	5.1316e-10
1078.5	504.63	5.3193e-10
1078.5	504.63	5.509e-10
1078.5	504.63	5.6937e-10
1078.5	504.63	5.8791e-10
1078.5	504.63	6.0622e-10
1078.5	504.63	6.2395e-10
1078.5	504.63	6.4162e-10
1078.5	504.63	6.5867e-10
1078.5	504.63	6.7559e-10
1078.5	504.63	6.9179e-10
1078.5	504.63	7.0754e-10
1078.5	504.63	7.2306e-10
1078.5	504.63	7.3777e-10
1078.5	504.63	7.5217e-10
1078.5	504.63	7.6576e-10
1078.5	504.63	7.7894e-10
1078.5	504.63	7.9147e-10
1078.5	504.63	8.0311e-10
1078.5	504.63	8.1423e-10
1078.5	504.63	8.2447e-10
1078.5	504.63	8.3413e-10
1078.5	504.63	8.4287e-10
1078.5	504.63	8.5082e-10
1078.5	504.63	8.5811e-10
1078.5	504.63	8.6449e-10
1078.5	504.63	8.7013e-10
1078.5	504.63	8.7485e-10
1078.5	504.63	8.7878e-10
1078.5	504.63	8.8183e-10
1078.5	504.63	8.8398e-10
1078.5	504.63	8.8532e-10
1078.5	504.63	8.8575e-10
