49000	59.232	-1.2701
47884	55.102	-1.3303
46781	51.112	-1.3927
45689	49.717	-1.4602
44610	49.458	-1.5306
43542	49.656	-1.6064
42487	50.083	-1.6861
41444	50.762	-1.7718
40412	51.61	-1.8622
39393	52.628	-1.9593
38385	53.763	-2.0621
37390	55.001	-2.1728
36407	56.328	-2.2901
35435	57.782	-2.4165
34476	59.346	-2.5511
33529	60.971	-2.6961
32595	62.756	-2.8508
31672	64.55	-3.0178
30762	66.525	-3.1966
29864	68.59	-3.3897
28979	70.791	-3.597
28106	73.056	-3.8216
27246	75.518	-4.063
26398	78.058	-4.3252
25563	80.734	-4.6077
24741	83.54	-4.9153
23932	86.555	-5.2481
23135	89.726	-5.6103
22352	93.088	-6.0034
21582	96.508	-6.433
20825	100.19	-6.9012
20081	104.14	-7.4131
19350	108.28	-7.9725
18633	112.57	-8.5861
17930	117.14	-9.2589
17240	122.05	-9.999
16564	127.21	-10.813
15903	132.57	-11.712
15255	138.19	-12.704
14621	144.35	-13.802
14001	150.72	-15.017
13397	157.6	-16.365
12806	164.71	-17.862
12231	172.27	-19.532
11670	180.04	-21.39
11125	188.61	-23.467
10595	197.43	-25.784
10080	207.04	-28.376
9581.3	216.47	-31.279
9098.5	227.19	-34.537
8631.6	237.7	-38.187
8181.4	249.43	-42.278
7747.7	260.71	-46.862
7331	273.74	-51.99
6931.4	285.69	-57.736
6549.5	299.86	-64.147
6185.1	312.33	-71.272
5839	327.64	-79.14
5511	340.24	-87.798
5201.8	356.69	-97.246
4911.1	369.19	-107.45
4639.7	386.46	-118.29
4387.1	397.99	-129.63
4153.8	416.09	-141.2
3939.4	425.58	-152.67
3743.9	443.16	-163.57
3566.8	448.71	-173.28
3407.6	463.08	-181.12
3265.4	461.2	-186.34
3139.5	466.92	-188.24
3028.6	452.5	-186.05
2931.6	444.8	-179.52
2847.1	414.54	-168.38
2773.5	392.59	-153.59
2709.5	351.29	-135.6
2653.6	315.74	-116.64
2604.6	275.68	-97.294
2561.3	233.47	-79.769
2522.8	202.33	-63.985
2488.1	167.36	-50.973
2456.7	145.92	-40.165
2428.1	122.27	-31.664
2401.7	108.6	-24.883
2377.3	93.79	-19.625
2354.7	85.178	-15.488
2333.6	75.913	-12.277
2313.8	70.293	-9.7522
2295.3	64.288	-7.7799
2277.9	60.446	-6.2224
2261.5	56.368	-4.9954
2246	53.596	-4.0213
2231.5	50.679	-3.2481
2217.7	48.585	-2.6302
2204.7	46.406	-2.1366
2192.4	44.745	-1.7398
2180.8	43.048	-1.4207
2169.8	41.674	-1.1629
2159.4	40.282	-0.95447
2149.6	39.113	-0.78516
2140.3	37.943	-0.6475
2131.5	36.903	-0.53512
2123.2	35.871	-0.44327
2115.4	34.937	-0.36793
2108	34.014	-0.30605
2101	33.143	-0.25505
2094.3	32.288	-0.21296
2088.1	31.482	-0.17812
2082.2	30.684	-0.14924
2076.6	29.915	-0.12523
2071.3	29.165	-0.10525
2066.4	28.43	-0.088575
2061.7	27.726	-0.07464
2057.3	27.02	-0.062973
2053.1	26.341	-0.053192
2049.2	25.669	-0.044976
2045.5	25.018	-0.038067
2042	24.366	-0.032248
2038.7	23.743	-0.027341
2035.6	23.126	-0.023199
2032.7	22.515	-0.019699
2029.9	21.932	-0.016737
2027.3	21.357	-0.014229
2024.9	20.775	-0.012104
2022.6	20.227	-0.010301
2020.4	19.679	-0.0087711
2018.4	19.15	-0.0074712
2016.5	18.624	-0.0063672
2014.7	18.12	-0.0054277
2013	17.619	-0.0046286
2011.4	17.135	-0.0039483
2009.9	16.658	-0.0033689
2008.5	16.196	-0.0028754
2007.1	15.739	-0.0024547
2005.9	15.297	-0.002096
2004.7	14.863	-0.0017902
2003.6	14.447	-0.0015292
2002.6	14.034	-0.0013066
2001.6	13.633	-0.0011165
2000.7	13.242	-0.00095421
1999.9	12.862	-0.00081569
1999	12.49	-0.00069731
1998.3	12.132	-0.00059622
1997.6	11.777	-0.00050985
1996.9	11.433	-0.00043604
1996.3	11.099	-0.00037296
1995.7	10.778	-0.00031903
1995.1	10.457	-0.00027293
1994.6	10.152	-0.00023352
1994.1	9.8544	-0.00019981
1993.7	9.5617	-0.00017098
1993.3	9.2759	-0.00014632
1992.8	9.0027	-0.00012523
1992.5	8.7358	-0.00010719
1992.1	8.4763	-9.1746e-05
1991.8	8.2214	-7.8535e-05
1991.5	7.9722	-6.7229e-05
1991.2	7.7307	-5.7548e-05
1990.9	7.5037	-4.9264e-05
1990.6	7.2777	-4.2173e-05
1990.4	7.0556	-3.6103e-05
1990.2	6.8699	-3.0907e-05
1990	6.6369	-2.6425e-05
1989.8	6.4324	-2.2649e-05
1989.6	6.2402	-1.9363e-05
1989.4	6.0005	-1.6595e-05
1989.2	5.8644	-1.4222e-05
1989.1	5.7308	-1.2157e-05
1988.9	5.5126	-1.0392e-05
1988.8	5.3411	-8.9037e-06
1988.7	5.1795	-7.6098e-06
1988.5	4.9797	-6.5191e-06
1988.4	4.8652	-5.5847e-06
1988.3	4.7532	-4.772e-06
1988.2	4.5708	-4.0772e-06
1988.1	4.3934	-3.4921e-06
1988.1	4.2914	-2.9909e-06
1988	4.1607	-2.555e-06
1987.9	4.0297	-2.188e-06
1987.8	3.9353	-1.869e-06
1987.8	3.7837	-1.5964e-06
1987.7	3.6361	-1.367e-06
1987.6	3.5508	-1.1705e-06
1987.6	3.4425	-9.9976e-07
1987.5	3.3327	-8.5608e-07
1987.5	3.2541	-7.3123e-07
1987.4	3.1281	-6.2463e-07
1987.4	3.0057	-5.3496e-07
1987.3	2.9348	-4.5822e-07
1987.3	2.8437	-3.9158e-07
1987.3	2.7529	-3.3553e-07
1987.2	2.6871	-2.8687e-07
1987.2	2.5829	-2.4536e-07
1987.2	2.4814	-2.1045e-07
1987.2	2.4222	-1.8061e-07
1987.1	2.3652	-1.5471e-07
1987.1	2.2722	-1.3262e-07
1987.1	2.1994	-1.1406e-07
1987.1	2.1308	-9.7946e-08
1987	2.0464	-8.4421e-08
1987	1.9975	-7.2851e-08
1987	1.9497	-6.2822e-08
1987	1.8731	-5.4268e-08
1987	1.813	-4.7081e-08
1987	1.7563	-4.0846e-08
1986.9	1.6865	-3.5605e-08
1986.9	1.6461	-3.1123e-08
1986.9	1.6066	-2.7231e-08
1986.9	1.5432	-2.391e-08
1986.9	1.4935	-2.1119e-08
1986.9	1.4464	-1.8689e-08
1986.9	1.3893	-1.6641e-08
1986.9	1.356	-1.4882e-08
1986.9	1.3232	-1.3347e-08
1986.9	1.2706	-1.2032e-08
1986.9	1.2299	-1.0674e-08
1986.8	1.1915	-4.3548e-09
1986.8	1.1437	8.7755e-10
1986.8	1.1163	1.4886e-09
1986.8	1.0894	1.9064e-09
1986.8	1.0462	2.2473e-09
1986.8	1.0047	2.5164e-09
1986.8	0.98099	2.7295e-09
1986.8	0.94999	2.8976e-09
1986.8	0.91911	3.0228e-09
1986.8	0.89706	3.1156e-09
1986.8	0.86129	3.1793e-09
1986.8	0.82696	3.2179e-09
1986.8	0.80742	3.2366e-09
1986.8	0.78225	3.2385e-09
1986.8	0.75674	3.2263e-09
1986.8	0.73845	3.2021e-09
1986.8	0.70941	3.168e-09
1986.8	0.68128	3.1263e-09
1986.8	0.66488	3.0782e-09
1986.8	0.64395	3.0239e-09
1986.8	0.62322	2.9662e-09
1986.8	0.60826	2.904e-09
1986.8	0.58434	2.839e-09
1986.8	0.56123	2.7731e-09
1986.8	0.54778	2.7055e-09
1986.8	0.53473	2.6358e-09
1986.8	0.51367	2.5654e-09
1986.8	0.49721	2.4957e-09
1986.8	0.48171	2.4248e-09
1986.8	0.46264	2.3551e-09
1986.8	0.45167	2.2856e-09
1986.8	0.4409	2.2156e-09
1986.8	0.42369	2.1462e-09
1986.8	0.41025	2.0786e-09
1986.8	0.3975	2.0108e-09
1986.8	0.38182	1.9449e-09
1986.8	0.37275	1.8801e-09
1986.8	0.36409	1.8153e-09
1986.8	0.34993	1.7515e-09
1986.8	0.33886	1.6899e-09
1986.8	0.32838	1.6286e-09
1986.8	0.31559	1.5694e-09
1986.8	0.30824	1.5114e-09
1986.8	0.30107	1.4538e-09
1986.8	0.28932	1.3974e-09
1986.8	0.27809	1.3433e-09
1986.8	0.27169	1.2904e-09
1986.8	0.26329	1.2379e-09
1986.8	0.25513	1.1875e-09
1986.8	0.24931	1.1377e-09
1986.8	0.23968	1.0893e-09
1986.8	0.23038	1.0428e-09
1986.8	0.22508	9.9768e-10
1986.8	0.21826	9.531e-10
1986.7	0.21147	9.1051e-10
1986.7	0.20664	8.6852e-10
1986.7	0.19872	8.2784e-10
1986.7	0.19106	7.8901e-10
1986.7	0.1867	7.5145e-10
1986.7	0.18108	7.1451e-10
1986.7	0.17546	6.7936e-10
1986.7	0.17148	6.4481e-10
1986.7	0.16494	6.1156e-10
1986.7	0.1586	5.7996e-10
1986.7	0.15497	5.4951e-10
1986.7	0.15145	5.197e-10
1986.7	0.14568	4.9104e-10
1986.7	0.14117	4.6392e-10
1986.7	0.1369	4.3744e-10
1986.7	0.13163	4.1245e-10
1986.7	0.12865	3.8847e-10
1986.7	0.12572	3.6513e-10
1986.7	0.12087	3.428e-10
1986.7	0.11711	3.2178e-10
1986.7	0.11358	3.0139e-10
1986.7	0.10916	2.8223e-10
1986.7	0.1066	2.6397e-10
1986.7	0.10417	2.4629e-10
1986.7	0.10013	2.2948e-10
1986.7	0.096996	2.1376e-10
1986.7	0.093995	1.986e-10
1986.7	0.090283	1.8445e-10
1986.7	0.088183	1.7106e-10
1986.7	0.086116	1.5818e-10
1986.7	0.082674	1.4602e-10
1986.7	0.079995	1.3474e-10
1986.7	0.077485	1.2394e-10
1986.7	0.074383	1.1394e-10
1986.7	0.07254	1.0454e-10
1986.7	0.07075	9.5593e-11
1986.7	0.067882	8.7211e-11
1986.7	0.065118	7.9504e-11
1986.7	0.063442	7.2309e-11
1986.7	0.06135	6.5502e-11
1986.7	0.059243	5.9273e-11
1986.7	0.057689	5.3399e-11
1986.7	0.055262	4.7965e-11
1986.7	0.052913	4.3026e-11
1986.7	0.051455	3.8469e-11
1986.7	0.049671	3.4213e-11
1986.7	0.047853	3.0372e-11
1986.7	0.046496	2.6803e-11
1986.7	0.044433	2.3552e-11
1986.7	0.042762	2.0643e-11
1986.7	0.041168	1.7967e-11
1986.7	0.039599	1.5589e-11
1986.7	0.03807	1.3417e-11
1986.7	0.036293	1.1504e-11
1986.7	0.035127	9.7969e-12
1986.7	0.033732	8.2585e-12
1986.7	0.032345	6.9241e-12
1986.7	0.031268	5.735e-12
1986.7	0.029705	4.701e-12
1986.7	0.028435	3.8217e-12
1986.7	0.027209	3.056e-12
1986.7	0.026009	2.4163e-12
1986.7	0.024874	1.8706e-12
1986.7	0.02357	1.4254e-12
1986.7	0.022671	1.0611e-12
1986.7	0.02165	7.6386e-13
1986.7	0.020629	5.3391e-13
1986.7	0.019681	3.5503e-13
1986.7	0.01874	2.2463e-13
1986.7	0.018003	1.3067e-13
1986.7	0.017012	6.8121e-14
1986.7	0.016201	3.0466e-14
1986.7	0.015436	1.0098e-14
1986.7	0.014706	1.8725e-15
1986.7	0.014024	5.9098e-17
1986.7	0.013269	-1.8721e-16
1986.7	0.012765	-3.3481e-15
1986.7	0.012209	-1.3672e-14
1986.7	0.011668	-3.4482e-14
1986.7	0.011184	-6.9789e-14
1986.7	0.010725	-1.2134e-13
1986.7	0.010393	-1.9337e-13
1986.7	0.0099272	-2.8741e-13
1986.7	0.0095771	-4.033e-13
1986.7	0.0092709	-5.4625e-13
1986.7	0.0089879	-7.129e-13
1986.7	0.0087386	-9.096e-13
1986.7	0.0084468	-1.1305e-12
1986.7	0.0083224	-1.379e-12
1986.7	0.0081574	-1.6597e-12
1986.7	0.0080126	-1.9635e-12
1986.7	0.0078986	-2.2998e-12
1986.7	0.007803	-2.6574e-12
1986.7	0.0077825	-3.0468e-12
1986.7	0.0076692	-3.4614e-12
1986.7	0.0076264	-3.8928e-12
1986.7	0.0076033	-4.3536e-12
1986.7	0.0075309	-4.8276e-12
1986.7	0.0075921	-5.3203e-12
1986.7	0.0076052	-5.8384e-12
1986.7	0.0076406	-6.3634e-12
1986.7	0.0076675	-6.9102e-12
1986.7	0.0077091	-7.4602e-12
1986.7	0.0078254	-8.0275e-12
1986.7	0.0078218	-8.6025e-12
1986.7	0.0078764	-9.1729e-12
1986.7	0.0079468	-9.7545e-12
1986.7	0.0080107	-1.0327e-11
1986.7	0.0080872	-1.0908e-11
1986.7	0.0080891	-1.1474e-11
1986.7	0.0082309	-1.2034e-11
1986.7	0.0083038	-1.2594e-11
1986.7	0.00838	-1.3134e-11
1986.7	0.0084507	-1.367e-11
1986.7	0.008525	-1.4181e-11
1986.7	0.0086608	-1.4684e-11
1986.7	0.0086659	-1.5166e-11
1986.7	0.0087242	-1.562e-11
1986.7	0.0087939	-1.6058e-11
1986.7	0.0088444	-1.6463e-11
1986.7	0.0089075	-1.6849e-11
1986.7	0.0088791	-1.7201e-11
1986.7	0.0089976	-1.7524e-11
1986.7	0.0090412	-1.7821e-11
1986.7	0.009074	-1.8082e-11
1986.7	0.0091043	-1.8314e-11
1986.7	0.0091195	-1.8509e-11
1986.7	0.0091983	-1.8671e-11
1986.7	0.0091193	-1.8799e-11
1986.7	0.0089994	-1.8888e-11
1986.7	0.0084639	-1.8943e-11
1986.7	0.0079284	-1.8961e-11
