42000	67.089	-1.7237
40975	62.793	-1.8111
39961	58.661	-1.9027
38960	57.241	-2.0015
37971	57.059	-2.1056
36993	57.36	-2.2178
36028	58.001	-2.3367
35074	58.97	-2.4645
34132	60.061	-2.6006
33203	61.365	-2.7469
32285	62.871	-2.9034
31379	64.442	-3.0716
30485	66.181	-3.252
29603	68.045	-3.4466
28733	70.035	-3.6553
27876	72.133	-3.8811
27030	74.469	-4.1243
26197	76.854	-4.3875
25376	79.42	-4.6717
24567	82.093	-4.98
23771	84.922	-5.3139
22987	87.928	-5.6771
22216	91.182	-6.0709
21458	94.528	-6.501
20712	98.092	-6.9694
19979	101.82	-7.4812
19259	105.81	-8.0395
18552	109.99	-8.6521
17858	114.47	-9.3235
17177	119.26	-10.062
16510	124.23	-10.873
15856	129.45	-11.768
15215	135.06	-12.755
14588	140.98	-13.848
13975	147.23	-15.056
13376	153.96	-16.397
12790	160.95	-17.887
12219	168.48	-19.546
11662	176.31	-21.396
11120	184.59	-23.457
10592	193.33	-25.763
10079	202.97	-28.346
9581.4	212.58	-31.245
9098.8	223.21	-34.495
8631.4	233.76	-38.148
8179.8	245.73	-42.25
7743.7	257.28	-46.863
7324	270.51	-52.048
6920.3	283.06	-57.884
6533.4	297.59	-64.427
6163.1	310.79	-71.749
5810	326.71	-79.916
5474.1	340.31	-89.003
5155.9	357.41	-99.052
4855.3	371.04	-110.06
4572.8	389.28	-122
4308.4	402.11	-134.76
4062.4	421.17	-148.18
3834.5	432.29	-161.98
3625	451.42	-175.7
3433.4	458.86	-188.75
3259.6	475.56	-200.43
3102.8	476.46	-209.83
2962.6	486.21	-216.05
2838	475.73	-218.02
2727.9	472.85	-215.13
2631.1	446.68	-206.71
2546.4	429.41	-193.3
2472.3	390.21	-175.1
2407.4	358.77	-154.38
2350.4	317.37	-131.88
2300.1	274.47	-110.42
2255.3	240.02	-90.235
2215.1	200.26	-72.979
2178.7	175.32	-58.231
2145.5	147	-46.359
2115.1	130.84	-36.719
2086.9	112.74	-29.148
2060.8	102.41	-23.124
2036.4	90.993	-18.414
2013.7	84.309	-14.684
1992.3	76.951	-11.753
1972.1	72.368	-9.4271
1953.2	67.385	-7.5879
1935.3	64.096	-6.1204
1918.4	60.556	-4.952
1902.4	58.068	-4.015
1887.3	55.453	-3.2643
1873	53.489	-2.6593
1859.5	51.442	-2.1718
1846.6	49.832	-1.7772
1834.5	48.178	-1.4576
1823	46.809	-1.1979
1812.1	45.411	-0.98653
1801.8	44.199	-0.81403
1792	42.986	-0.67303
1782.8	41.894	-0.55748
1774.1	40.807	-0.46268
1765.8	39.789	-0.38466
1758	38.785	-0.32039
1750.6	37.836	-0.26728
1743.6	36.907	-0.22336
1737	36.009	-0.18693
1730.7	35.118	-0.15669
1724.8	34.258	-0.13152
1719.2	33.434	-0.11054
1714	32.59	-0.093028
1709	31.777	-0.078386
1704.3	30.986	-0.066118
1699.9	30.221	-0.055831
1695.7	29.455	-0.047189
1691.8	28.705	-0.039922
1688.1	27.98	-0.033803
1684.6	27.262	-0.028644
1681.3	26.532	-0.02429
1678.2	25.853	-0.020612
1675.3	25.169	-0.017502
1672.5	24.507	-0.01487
1669.9	23.847	-0.012641
1667.5	23.214	-0.01075
1665.2	22.585	-0.0091477
1663	21.972	-0.0077869
1661	21.369	-0.0066311
1659.1	20.787	-0.005649
1657.3	20.209	-0.0048138
1655.6	19.65	-0.0041035
1654	19.099	-0.0034989
1652.5	18.568	-0.0029843
1651.1	18.041	-0.0025459
1649.8	17.532	-0.0021724
1648.5	17.033	-0.0018541
1647.4	16.552	-0.0015828
1646.3	16.076	-0.0013514
1645.3	15.614	-0.001154
1644.3	15.159	-0.0009856
1643.4	14.723	-0.00084194
1642.5	14.299	-0.00071929
1641.7	13.88	-0.0006146
1641	13.47	-0.0005252
1640.3	13.084	-0.00044886
1639.6	12.698	-0.00038366
1639	12.318	-0.00032796
1638.4	11.957	-0.00028037
1637.8	11.606	-0.00023971
1637.3	11.259	-0.00020496
1636.8	10.922	-0.00017526
1636.4	10.599	-0.00014987
1635.9	10.284	-0.00012816
1635.5	9.9693	-0.00010961
1635.2	9.6739	-9.3742e-05
1634.8	9.3887	-8.0174e-05
1634.5	9.1018	-6.8571e-05
1634.2	8.823	-5.8648e-05
1633.9	8.5617	-5.016e-05
1633.6	8.2998	-4.29e-05
1633.3	8.0485	-3.669e-05
1633.1	7.8032	-3.1378e-05
1632.9	7.5661	-2.6833e-05
1632.7	7.3359	-2.2946e-05
1632.5	7.1114	-1.9621e-05
1632.3	6.9199	-1.6776e-05
1632.1	6.6839	-1.4326e-05
1631.9	6.4753	-1.2262e-05
1631.8	6.2789	-1.0468e-05
1631.6	6.0363	-8.959e-06
1631.5	5.8984	-7.6663e-06
1631.4	5.7617	-6.5428e-06
1631.3	5.5399	-5.5834e-06
1631.1	5.3669	-4.776e-06
1631	5.2025	-4.0745e-06
1630.9	4.9996	-3.4845e-06
1630.9	4.8844	-2.9795e-06
1630.8	4.7717	-2.5408e-06
1630.7	4.5858	-2.1665e-06
1630.6	4.4062	-1.8516e-06
1630.5	4.3039	-1.5823e-06
1630.5	4.1709	-1.3485e-06
1630.4	4.0393	-1.152e-06
1630.4	3.9457	-9.8146e-07
1630.3	3.7902	-8.36e-07
1630.2	3.6423	-7.138e-07
1630.2	3.5571	-6.0936e-07
1630.2	3.4457	-5.1877e-07
1630.1	3.3368	-4.4269e-07
1630.1	3.2583	-3.7674e-07
1630	3.1317	-3.2056e-07
1630	3.0084	-2.734e-07
1630	2.9366	-2.3314e-07
1629.9	2.8445	-1.9825e-07
1629.9	2.7538	-1.6898e-07
1629.9	2.6886	-1.4365e-07
1629.9	2.5833	-1.2209e-07
1629.8	2.4814	-1.0401e-07
1629.8	2.422	-8.8588e-08
1629.8	2.3642	-7.5247e-08
1629.8	2.2715	-6.3903e-08
1629.7	2.1987	-5.44e-08
1629.7	2.1298	-4.6181e-08
1629.7	2.0456	-3.9301e-08
1629.7	1.9967	-3.3438e-08
1629.7	1.9487	-2.8373e-08
1629.7	1.872	-2.408e-08
1629.7	1.8118	-2.0488e-08
1629.6	1.7549	-1.7387e-08
1629.6	1.6855	-1.4792e-08
1629.6	1.6447	-1.2585e-08
1629.6	1.6053	-1.0678e-08
1629.6	1.5421	-9.061e-09
1629.6	1.4925	-7.7094e-09
1629.6	1.4453	-6.5425e-09
1629.6	1.3876	-5.5671e-09
1629.6	1.3548	-4.7379e-09
1629.6	1.3217	-4.0222e-09
1629.6	1.2693	-3.4152e-09
1629.6	1.2287	-2.9078e-09
1629.6	1.1903	-2.47e-09
1629.5	1.143	-2.1041e-09
1629.5	1.115	-1.7929e-09
1629.5	1.088	-1.5241e-09
1629.5	1.045	-1.2961e-09
1629.5	1.0032	-1.1054e-09
1629.5	0.97879	-9.4305e-10
1629.5	0.94816	-8.0279e-10
1629.5	0.91777	-6.8551e-10
1629.5	0.89552	-5.8413e-10
1629.5	0.85991	-4.9798e-10
1629.5	0.82571	-4.2588e-10
1629.5	0.80569	-3.6444e-10
1629.5	0.78021	-3.1131e-10
1629.5	0.75491	-2.6687e-10
1629.5	0.73663	-2.2843e-10
1629.5	0.70744	-1.9579e-10
1629.5	0.67924	-1.6848e-10
1629.5	0.66278	-1.4526e-10
1629.5	0.64172	-1.2525e-10
1629.5	0.62096	-1.0855e-10
1629.5	0.60591	-9.4211e-11
1629.5	0.58183	-8.213e-11
1629.5	0.55857	-7.2145e-11
1629.5	0.54499	-6.3783e-11
1629.5	0.53177	-5.6716e-11
1629.5	0.51069	-5.091e-11
1629.5	0.49417	-4.624e-11
1629.5	0.47838	-4.244e-11
1629.5	0.4592	-3.9495e-11
1629.5	0.44799	-3.7251e-11
1629.5	0.43714	-3.5591e-11
1629.5	0.4197	-3.449e-11
1629.5	0.40598	-3.3887e-11
1629.5	0.39313	-3.3704e-11
1629.5	0.37754	-3.3903e-11
1629.5	0.36815	-3.4438e-11
1629.5	0.35914	-3.529e-11
1629.5	0.34486	-3.6426e-11
1629.5	0.33343	-3.779e-11
1629.5	0.32288	-3.9404e-11
1629.5	0.30998	-4.12e-11
1629.5	0.3023	-4.3183e-11
1629.5	0.29478	-4.5375e-11
1629.5	0.28308	-4.7729e-11
1629.5	0.27169	-5.0195e-11
1629.5	0.26493	-5.2795e-11
1629.5	0.25642	-5.5568e-11
1629.5	0.248	-5.8416e-11
1629.5	0.24183	-6.1426e-11
1629.5	0.23209	-6.4577e-11
1629.5	0.22272	-6.7803e-11
1629.5	0.21717	-7.1143e-11
1629.5	0.21017	-7.4617e-11
1629.5	0.20319	-7.8097e-11
1629.5	0.19811	-8.1693e-11
1629.5	0.1901	-8.5347e-11
1629.5	0.18238	-8.8997e-11
1629.5	0.17779	-9.2699e-11
1629.5	0.172	-9.6516e-11
1629.5	0.16625	-1.0031e-10
1629.5	0.16204	-1.0421e-10
1629.5	0.15549	-1.0817e-10
1629.5	0.14913	-1.1209e-10
1629.5	0.1453	-1.1607e-10
1629.5	0.1416	-1.2014e-10
1629.5	0.13585	-1.2423e-10
1629.5	0.13126	-1.283e-10
1629.5	0.12694	-1.3248e-10
1629.5	0.12174	-1.366e-10
1629.5	0.11855	-1.4076e-10
1629.5	0.11553	-1.45e-10
1629.5	0.11078	-1.4927e-10
1629.5	0.10702	-1.5348e-10
1629.5	0.1035	-1.5779e-10
1629.5	0.099191	-1.6204e-10
1629.5	0.096583	-1.663e-10
1629.5	0.094103	-1.7064e-10
1629.5	0.090211	-1.75e-10
1629.5	0.087122	-1.7929e-10
1629.5	0.084223	-1.8365e-10
1629.5	0.080706	-1.8796e-10
1629.5	0.078659	-1.9226e-10
1629.5	0.076605	-1.9664e-10
1629.5	0.073391	-2.01e-10
1629.5	0.070913	-2.0531e-10
1629.5	0.068545	-2.0968e-10
1629.5	0.065702	-2.1396e-10
1629.5	0.063995	-2.1825e-10
1629.5	0.06235	-2.2259e-10
1629.5	0.059792	-2.2692e-10
1629.5	0.057325	-2.3117e-10
1629.5	0.055856	-2.3541e-10
1629.5	0.054026	-2.397e-10
1629.5	0.052218	-2.439e-10
1629.5	0.050902	-2.4816e-10
1629.5	0.048851	-2.524e-10
1629.5	0.046884	-2.5655e-10
1629.5	0.045718	-2.6068e-10
1629.5	0.044269	-2.6485e-10
1629.5	0.042835	-2.6893e-10
1629.5	0.041825	-2.7304e-10
1629.5	0.040191	-2.7714e-10
1629.5	0.038926	-2.8114e-10
1629.5	0.037741	-2.8518e-10
1629.5	0.036589	-2.8913e-10
1629.5	0.035505	-2.931e-10
1629.5	0.034167	-2.9699e-10
1629.5	0.033451	-3.0083e-10
1629.5	0.032497	-3.0472e-10
1629.5	0.031559	-3.085e-10
1629.5	0.030942	-3.1231e-10
1629.5	0.02986	-3.1608e-10
1629.5	0.029057	-3.1975e-10
1629.5	0.028307	-3.2344e-10
1629.5	0.02758	-3.2705e-10
1629.5	0.026913	-3.3067e-10
1629.5	0.026043	-3.3419e-10
1629.5	0.025616	-3.3766e-10
1629.5	0.025044	-3.4116e-10
1629.5	0.024485	-3.4456e-10
1629.5	0.023955	-3.4796e-10
1629.5	0.023463	-3.5127e-10
1629.5	0.023185	-3.5459e-10
1629.5	0.022545	-3.5787e-10
1629.5	0.022108	-3.6105e-10
1629.5	0.021728	-3.6423e-10
1629.5	0.021352	-3.6732e-10
1629.5	0.021	-3.7041e-10
1629.5	0.020512	-3.734e-10
1629.5	0.020376	-3.7635e-10
1629.5	0.020081	-3.7929e-10
1629.5	0.019799	-3.8214e-10
1629.5	0.019551	-3.8499e-10
1629.5	0.019315	-3.8774e-10
1629.5	0.019256	-3.9049e-10
1629.5	0.018898	-3.9318e-10
1629.5	0.018703	-3.958e-10
1629.5	0.018533	-3.9839e-10
1629.5	0.018369	-4.0089e-10
1629.5	0.018224	-4.0338e-10
1629.5	0.01794	-4.0578e-10
1629.5	0.017958	-4.0813e-10
1629.5	0.017847	-4.1047e-10
1629.5	0.017739	-4.1272e-10
1629.5	0.017645	-4.1495e-10
1629.5	0.017557	-4.1709e-10
1629.5	0.01762	-4.1922e-10
1629.5	0.017414	-4.2128e-10
1629.5	0.017348	-4.2327e-10
1629.5	0.017297	-4.2523e-10
1629.5	0.017106	-4.2711e-10
1629.5	0.0172	-4.2893e-10
1629.5	0.017168	-4.3073e-10
1629.5	0.017132	-4.3245e-10
1629.5	0.017109	-4.3415e-10
1629.5	0.017083	-4.3576e-10
1629.5	0.0172	-4.3733e-10
1629.5	0.017051	-4.3886e-10
1629.5	0.017036	-4.4031e-10
1629.5	0.017035	-4.4173e-10
1629.5	0.017023	-4.4307e-10
1629.5	0.017021	-4.4437e-10
1629.5	0.016887	-4.456e-10
1629.5	0.01702	-4.4679e-10
1629.5	0.017025	-4.4792e-10
1629.5	0.017025	-4.4899e-10
1629.5	0.01703	-4.5002e-10
1629.5	0.017035	-4.5099e-10
1629.5	0.01718	-4.519e-10
1629.5	0.017052	-4.5277e-10
1629.5	0.017052	-4.5356e-10
1629.5	0.017066	-4.5431e-10
1629.5	0.017065	-4.55e-10
1629.5	0.01708	-4.5564e-10
1629.5	0.016943	-4.5621e-10
1629.5	0.017079	-4.5673e-10
1629.5	0.017091	-4.5721e-10
1629.5	0.017078	-4.5762e-10
1629.5	0.017087	-4.5799e-10
1629.5	0.017059	-4.5829e-10
1629.5	0.017173	-4.5854e-10
1629.5	0.016988	-4.5873e-10
1629.5	0.016748	-4.5887e-10
1629.5	0.015733	-4.5895e-10
1629.5	0.014717	-4.5898e-10
