45000	32.393	-0.30815
44210	31.189	-0.3194
43427	30.04	-0.3309
42650	29.349	-0.34316
41879	29.086	-0.35578
41115	29.069	-0.36912
40358	29.203	-0.38298
39607	29.448	-0.39762
38863	29.769	-0.41287
38125	30.137	-0.42897
37393	30.565	-0.44577
36668	31.069	-0.46352
35950	31.623	-0.48207
35238	32.195	-0.50167
34532	32.78	-0.52221
33833	33.42	-0.54392
33141	34.113	-0.56671
32455	34.845	-0.5908
31775	35.595	-0.61611
31102	36.374	-0.64289
30436	37.2	-0.6711
29776	38.075	-0.701
29123	38.974	-0.73249
28477	39.89	-0.7659
27837	40.855	-0.80119
27204	41.88	-0.83864
26578	42.943	-0.87828
25958	44.04	-0.92038
25345	45.191	-0.96501
24739	46.405	-1.0125
24139	47.651	-1.0629
23547	48.961	-1.1166
22961	50.325	-1.1737
22382	51.748	-1.2346
21809	53.225	-1.2994
21244	54.765	-1.3688
20686	56.365	-1.4428
20135	58.05	-1.522
19590	59.839	-1.6067
19053	61.716	-1.6975
18522	63.655	-1.7948
17999	65.647	-1.8993
17483	67.706	-2.0116
16973	69.898	-2.1323
16471	72.251	-2.2623
15977	74.726	-2.4024
15489	77.28	-2.5537
15008	79.952	-2.7171
14535	82.786	-2.8936
14069	85.763	-3.085
13611	88.878	-3.2924
13160	92.155	-3.5176
12716	95.626	-3.7623
12279	99.279	-4.0287
11850	103.13	-4.319
11429	107.2	-4.6358
11015	111.52	-4.9823
10609	116.08	-5.3613
10210	120.91	-5.7766
9818.9	126.01	-6.2329
9435.4	131.44	-6.7344
9059.7	137.2	-7.2867
8691.7	143.33	-7.896
8331.5	149.83	-8.569
7979.1	156.77	-9.314
7634.6	164.16	-10.14
7298	172.08	-11.057
6969.3	180.49	-12.077
6648.6	189.51	-13.213
6335.9	199.13	-14.482
6031.2	209.5	-15.901
5734.6	220.56	-17.489
5446.1	232.51	-19.273
5165.8	245.26	-21.276
4893.5	259.05	-23.532
4629.5	273.73	-26.074
4373.7	289.68	-28.946
4126	306.62	-32.191
3886.6	324.93	-35.864
3655.4	344.16	-40.022
3432.4	364.75	-44.735
3217.7	386.04	-50.077
3011.2	408.53	-56.127
2813.1	431.07	-62.968
2623.2	454.33	-70.695
2441.7	476.63	-79.388
2268.7	499.1	-89.118
2104.1	519.79	-99.938
1948.2	540.57	-111.86
1800.9	559.08	-124.81
1662.4	578.6	-138.68
1532.6	596.55	-153.23
1411.6	616.86	-168.03
1299.2	636.05	-182.66
1195.3	658.17	-196.43
1099.6	678.61	-208.71
1011.7	701	-218.68
931.27	720.42	-225.95
857.8	740.14	-229.76
790.79	756.39	-230.38
729.71	772.05	-227.36
674.05	784.98	-221.77
623.31	794.23	-213.46
577.02	797.92	-204
534.77	797.92	-193.25
496.16	797.92	-182.66
460.85	797.92	-171.84
428.52	797.92	-161.76
398.9	797.92	-151.85
371.73	797.92	-142.62
346.8	797.92	-133.49
323.91	797.92	-124.91
302.87	797.92	-116.36
283.52	797.92	-108.25
265.72	797.92	-100.23
249.34	797.92	-92.561
234.25	797.92	-85.052
220.35	797.92	-77.889
207.54	797.92	-70.96
195.72	797.92	-64.391
184.83	797.92	-58.121
174.78	797.92	-52.225
165.51	797.92	-46.677
156.96	797.92	-41.518
149.07	797.92	-36.729
141.8	797.92	-32.329
135.09	797.92	-28.3
128.9	797.92	-24.646
123.2	797.92	-21.346
117.95	797.92	-18.389
113.12	797.92	-15.755
108.67	797.92	-13.426
104.58	797.92	-11.38
100.82	797.92	-9.5943
97.365	797.92	-8.0459
94.194	797.92	-6.7121
91.286	797.92	-5.5706
88.619	797.92	-4.6001
86.175	797.92	-3.78
83.938	797.92	-3.0912
81.891	797.92	-2.5161
80.019	797.92	-2.0388
78.308	797.92	-1.6447
76.745	797.92	-1.3214
75.318	797.92	-1.0572
74.016	797.92	-0.84267
72.829	797.92	-0.66917
71.746	797.92	-0.52949
70.76	797.92	-0.41758
69.861	797.92	-0.32827
69.043	797.92	-0.25728
68.298	797.92	-0.20106
67.621	797.92	-0.1567
67.005	797.92	-0.1218
66.444	797.92	-0.094434
65.935	797.92	-0.073041
65.472	797.92	-0.056377
65.051	797.92	-0.043428
64.669	797.92	-0.033388
64.322	797.92	-0.025623
64.007	797.92	-0.01963
63.721	797.92	-0.014981
63.461	797.92	-0.011467
63.225	797.92	-0.0087276
63.011	797.92	-0.0066631
62.817	797.92	-0.0050811
62.64	797.92	-0.0038531
62.48	797.92	-0.0029189
62.335	797.92	-0.002219
62.204	797.92	-0.0016777
62.084	797.92	-0.0012731
61.976	797.92	-0.00096527
61.878	797.92	-0.00072785
61.789	797.92	-0.00054835
61.708	797.92	-0.00041459
61.635	797.92	-0.00031314
61.568	797.92	-0.00023517
61.508	797.92	-0.00017727
61.453	797.92	-0.00013368
61.404	797.92	-0.00010028
61.359	797.92	-7.5448e-05
61.318	797.92	-5.6686e-05
61.281	797.92	-4.2338e-05
61.248	797.92	-3.1731e-05
61.217	797.92	-2.3647e-05
61.19	797.92	-1.7611e-05
61.165	797.92	-1.3177e-05
61.142	797.92	-9.8683e-06
61.121	797.92	-7.375e-06
61.103	797.92	-5.5639e-06
61.086	797.92	-4.212e-06
61.07	797.92	-3.2281e-06
61.056	797.92	-2.5275e-06
61.044	797.92	-2.024e-06
61.032	797.92	-1.6619e-06
61.022	797.92	-1.4106e-06
61.012	797.92	-1.2421e-06
61.004	797.92	-1.1295e-06
60.996	797.92	-1.0638e-06
60.989	797.92	-1.0315e-06
60.982	797.92	-1.0173e-06
60.977	797.92	-1.0056e-06
60.971	797.92	-9.9284e-07
60.966	797.92	-9.7857e-07
60.962	797.92	-9.6343e-07
60.958	797.92	-9.4726e-07
60.954	797.92	-9.2979e-07
60.951	797.92	-9.1147e-07
60.948	797.92	-8.9255e-07
60.945	797.92	-8.7262e-07
60.942	797.92	-8.524e-07
60.94	797.92	-8.3156e-07
60.938	797.92	-8.0996e-07
60.936	797.92	-7.8787e-07
60.934	797.92	-7.6585e-07
60.932	797.92	-7.432e-07
60.931	797.92	-7.207e-07
60.93	797.92	-6.9812e-07
60.928	797.92	-6.7514e-07
60.927	797.92	-6.5214e-07
60.926	797.92	-6.2958e-07
60.925	797.92	-6.0714e-07
60.924	797.92	-5.8452e-07
60.923	797.92	-5.6248e-07
60.922	797.92	-5.4035e-07
60.921	797.92	-5.1853e-07
60.921	797.92	-4.974e-07
60.92	797.92	-4.7664e-07
60.919	797.92	-4.5595e-07
60.919	797.92	-4.3602e-07
60.918	797.92	-4.1622e-07
60.918	797.92	-3.9689e-07
60.917	797.92	-3.7836e-07
60.917	797.92	-3.6033e-07
60.916	797.92	-3.4251e-07
60.916	797.92	-3.2549e-07
60.915	797.92	-3.0873e-07
60.915	797.92	-2.9251e-07
60.915	797.92	-2.7708e-07
60.914	797.92	-2.6217e-07
60.914	797.92	-2.4755e-07
60.914	797.92	-2.3348e-07
60.913	797.92	-2.2015e-07
60.913	797.92	-2.0713e-07
60.913	797.92	-1.9482e-07
60.912	797.92	-1.8302e-07
60.912	797.92	-1.7152e-07
60.912	797.92	-1.6052e-07
60.911	797.92	-1.5018e-07
60.911	797.92	-1.4015e-07
60.911	797.92	-1.3074e-07
60.911	797.92	-1.2177e-07
60.91	797.92	-1.131e-07
60.91	797.92	-1.0487e-07
60.91	797.92	-9.7176e-08
60.91	797.92	-8.978e-08
60.909	797.92	-8.2888e-08
60.909	797.92	-7.6371e-08
60.909	797.92	-7.0135e-08
60.909	797.92	-6.4255e-08
60.909	797.92	-5.8816e-08
60.908	797.92	-5.371e-08
60.908	797.92	-4.8848e-08
60.908	797.92	-4.4372e-08
60.908	797.92	-4.0128e-08
60.908	797.92	-3.6178e-08
60.907	797.92	-3.2565e-08
60.907	797.92	-2.9214e-08
60.907	797.92	-2.6065e-08
60.907	797.92	-2.3207e-08
60.907	797.92	-2.0536e-08
60.906	797.92	-1.8089e-08
60.906	797.92	-1.5888e-08
60.906	797.92	-1.3882e-08
60.906	797.92	-1.2033e-08
60.906	797.92	-1.0389e-08
60.906	797.92	-8.8866e-09
60.905	797.92	-7.5437e-09
60.905	797.92	-6.367e-09
60.905	797.92	-5.3251e-09
60.905	797.92	-4.3945e-09
60.905	797.92	-3.5837e-09
60.905	797.92	-2.8936e-09
60.904	797.92	-2.2928e-09
60.904	797.92	-1.7919e-09
60.904	797.92	-1.3723e-09
60.904	797.92	-1.0208e-09
60.904	797.92	-7.3695e-10
60.904	797.92	-5.1579e-10
60.904	797.92	-3.4263e-10
60.903	797.92	-2.1586e-10
60.903	797.92	-1.2554e-10
60.903	797.92	-6.4332e-11
60.903	797.92	-3.4048e-11
60.903	797.92	-2.0812e-11
60.903	797.92	-1.7844e-11
60.903	797.92	-1.9775e-11
60.903	797.92	-2.1348e-11
60.902	797.92	-1.7533e-11
60.902	797.92	-3.3951e-12
60.902	797.92	2.5109e-11
60.902	797.92	7.3228e-11
60.902	797.92	1.4344e-10
60.902	797.92	2.4005e-10
60.902	797.92	3.6886e-10
60.902	797.92	5.3195e-10
60.902	797.92	7.2897e-10
60.901	797.92	9.651e-10
60.901	797.92	1.2477e-09
60.901	797.92	1.5703e-09
60.901	797.92	1.9454e-09
60.901	797.92	2.3702e-09
60.901	797.92	2.8386e-09
60.901	797.92	3.3584e-09
60.901	797.92	3.9407e-09
60.901	797.92	4.5683e-09
60.901	797.92	5.2625e-09
60.901	797.92	6.0143e-09
60.901	797.92	6.8113e-09
60.901	797.92	7.6795e-09
60.9	797.92	8.5917e-09
60.9	797.92	9.5771e-09
60.9	797.92	1.0605e-08
60.9	797.92	1.169e-08
60.9	797.92	1.2851e-08
60.9	797.92	1.405e-08
60.9	797.92	1.5327e-08
60.9	797.92	1.6659e-08
60.9	797.92	1.8025e-08
60.9	797.92	1.9467e-08
60.9	797.92	2.0939e-08
60.9	797.92	2.2486e-08
60.9	797.92	2.4059e-08
60.9	797.92	2.5678e-08
60.9	797.92	2.7372e-08
60.9	797.92	2.9084e-08
60.9	797.92	3.0867e-08
60.9	797.92	3.2664e-08
60.9	797.92	3.4528e-08
60.9	797.92	3.6432e-08
60.9	797.92	3.8341e-08
60.899	797.92	4.0314e-08
60.899	797.92	4.2287e-08
60.899	797.92	4.4321e-08
60.899	797.92	4.635e-08
60.899	797.92	4.8403e-08
60.899	797.92	5.051e-08
60.899	797.92	5.2604e-08
60.899	797.92	5.4749e-08
60.899	797.92	5.6875e-08
60.899	797.92	5.9047e-08
60.899	797.92	6.1229e-08
60.899	797.92	6.3383e-08
60.899	797.92	6.5577e-08
60.899	797.92	6.7739e-08
60.899	797.92	6.9936e-08
60.899	797.92	7.209e-08
60.899	797.92	7.4245e-08
60.899	797.92	7.642e-08
60.899	797.92	7.8555e-08
60.899	797.92	8.071e-08
60.899	797.92	8.2817e-08
60.899	797.92	8.4937e-08
60.899	797.92	8.7037e-08
60.899	797.92	8.9076e-08
60.899	797.92	9.1128e-08
60.899	797.92	9.312e-08
60.899	797.92	9.5085e-08
60.899	797.92	9.704e-08
60.899	797.92	9.8938e-08
60.899	797.92	1.0082e-07
60.899	797.92	1.0265e-07
60.899	797.92	1.0445e-07
60.899	797.92	1.0621e-07
60.899	797.92	1.0791e-07
60.899	797.92	1.0957e-07
60.899	797.92	1.1117e-07
60.899	797.92	1.1274e-07
60.899	797.92	1.1423e-07
60.899	797.92	1.1567e-07
60.899	797.92	1.1707e-07
60.899	797.92	1.184e-07
60.899	797.92	1.1969e-07
60.899	797.92	1.2089e-07
60.899	797.92	1.2206e-07
60.899	797.92	1.2316e-07
60.899	797.92	1.2418e-07
60.899	797.92	1.2515e-07
60.899	797.92	1.2603e-07
60.899	797.92	1.2686e-07
60.899	797.92	1.2761e-07
60.899	797.92	1.283e-07
60.899	797.92	1.2892e-07
60.899	797.92	1.2947e-07
60.899	797.92	1.2994e-07
60.899	797.92	1.3034e-07
60.899	797.92	1.3068e-07
60.899	797.92	1.3093e-07
60.899	797.92	1.3112e-07
60.899	797.92	1.3123e-07
60.899	797.92	1.3127e-07
