50000	40.163	-0.43246
49034	38.503	-0.44988
48077	36.901	-0.4678
47129	36.116	-0.48703
46190	35.884	-0.50692
45260	35.872	-0.52805
44338	36.074	-0.55013
43426	36.433	-0.57356
42522	36.887	-0.5981
41627	37.401	-0.62413
40741	38.032	-0.65148
39864	38.715	-0.6805
38995	39.45	-0.71105
38136	40.247	-0.74348
37285	41.078	-0.77768
36444	41.98	-0.81404
35611	42.989	-0.85244
34787	43.986	-0.89329
33972	45.032	-0.93656
33166	46.134	-0.9826
32369	47.33	-1.0314
31581	48.556	-1.0835
30802	49.848	-1.1389
30032	51.132	-1.1979
29271	52.572	-1.2608
28520	54.053	-1.3281
27777	55.575	-1.3998
27044	57.186	-1.4767
26320	58.896	-1.5588
25605	60.658	-1.6468
24900	62.532	-1.7411
24204	64.406	-1.8425
23517	66.4	-1.9513
22840	68.577	-2.0685
22172	70.841	-2.1945
21514	73.112	-2.3305
20865	75.538	-2.4771
20225	78.117	-2.6357
19596	80.804	-2.8071
18976	83.582	-2.9928
18365	86.649	-3.1941
17765	89.743	-3.4128
17174	92.975	-3.6503
16593	96.52	-3.9091
16022	100.14	-4.1912
15461	104	-4.4991
14910	108.17	-4.8357
14369	112.4	-5.2043
13838	116.83	-5.6083
13317	121.72	-6.0521
12806	126.73	-6.5402
12306	132.27	-7.078
11816	137.97	-7.6713
11336	143.93	-8.3273
10867	150.21	-9.0536
10408	157.11	-9.8589
9960.2	164.33	-10.754
9522.7	172.13	-11.75
9095.8	180.2	-12.86
8679.8	189.05	-14.099
8274.5	198.2	-15.486
7880.2	208.31	-17.04
7496.7	218.67	-18.785
7124.4	230.23	-20.745
6763	241.98	-22.952
6412.9	255.15	-25.44
6073.8	268.5	-28.247
5746.1	283.61	-31.419
5429.6	298.6	-35.003
5124.6	315.85	-39.056
4830.8	332.67	-43.638
4548.5	352.2	-48.814
4277.5	370.6	-54.654
4018.1	392.26	-61.225
3770	411.68	-68.597
3533.4	435.08	-76.823
3308.1	454.39	-85.944
3094.3	478.54	-95.966
2891.7	495.86	-106.84
2700.5	519.07	-118.46
2520.4	531.98	-130.63
2351.4	552.03	-143.02
2193.3	558.12	-155.21
2045.8	572.81	-166.68
1908.5	569.88	-176.77
1781.2	575.99	-184.93
1663.4	564.02	-190.48
1554.5	560.34	-193.29
1453.9	542.07	-192.93
1361.1	530.05	-189.99
1275.5	511.34	-184.38
1196.4	495.41	-177.32
1123.3	481.02	-168.72
1055.7	465.91	-159.93
993.04	456.82	-150.57
934.96	445.21	-141.64
881.06	441.14	-132.58
830.98	434.06	-124.02
784.43	433.8	-115.47
741.1	431.09	-107.35
700.77	434.13	-99.33
663.19	434.3	-91.692
628.17	439.18	-84.239
595.52	441.42	-77.153
565.06	446.86	-70.32
536.65	449.96	-63.869
510.13	455.4	-57.719
485.39	458.72	-51.973
462.29	463.49	-46.565
440.73	466.35	-41.564
420.6	470.06	-36.917
401.82	471.93	-32.663
384.29	474.02	-28.762
367.92	474.53	-25.226
352.65	475.04	-22.022
338.41	473.95	-19.146
325.12	472.59	-16.572
312.72	469.87	-14.286
301.16	466.64	-12.262
290.39	462.21	-10.482
280.34	457.21	-8.9224
270.98	451.23	-7.5654
262.25	444.78	-6.3881
254.13	437.3	-5.3735
246.56	429.18	-4.5026
239.51	420.58	-3.7585
232.95	411.6	-3.1257
226.84	401.93	-2.5901
221.15	392.03	-2.1387
215.86	381.69	-1.76
210.94	371.22	-1.4434
206.36	360.61	-1.18
202.1	349.85	-0.96157
198.14	339.02	-0.78122
194.46	328.22	-0.63283
191.03	317.46	-0.51118
187.85	306.77	-0.41178
184.89	296.27	-0.33085
182.14	285.91	-0.26515
179.58	275.71	-0.21198
177.21	265.76	-0.16908
175	256.04	-0.13457
172.95	246.58	-0.10687
171.05	237.39	-0.084696
169.28	228.48	-0.066994
167.64	219.85	-0.052894
166.11	211.47	-0.041687
164.69	203.38	-0.032799
163.38	195.61	-0.025764
162.15	188.11	-0.020207
161.02	180.83	-0.015825
159.97	173.9	-0.012376
158.99	167.18	-0.0096654
158.08	160.72	-0.0075389
157.23	154.57	-0.005873
156.45	148.57	-0.0045698
155.72	142.82	-0.0035518
155.05	137.36	-0.0027576
154.42	132.06	-0.0021387
153.84	126.96	-0.001657
153.3	122.6	-0.0012826
152.8	117.51	-0.00098973
152.33	112.94	-0.00076632
151.9	108.68	-0.00059036
151.5	103.74	-0.00045639
151.13	100.55	-0.00035255
150.78	97.481	-0.00027098
150.46	93.083	-0.00020813
150.16	89.518	-0.00016044
149.89	86.178	-0.00012306
149.63	82.282	-9.473e-05
149.39	79.803	-7.2878e-05
149.17	77.407	-5.5793e-05
148.97	73.925	-4.2687e-05
148.78	70.59	-3.2781e-05
148.6	68.475	-2.516e-05
148.43	65.952	-1.9215e-05
148.28	63.453	-1.473e-05
148.14	61.57	-1.1237e-05
148.01	58.837	-8.5664e-06
147.89	56.195	-6.5547e-06
147.78	54.517	-5.012e-06
147.67	52.515	-3.8131e-06
147.57	50.555	-2.9112e-06
147.48	49.071	-2.2113e-06
147.4	46.879	-1.678e-06
147.32	44.779	-1.2775e-06
147.25	43.469	-9.7165e-07
147.18	41.897	-7.348e-07
147.12	40.325	-5.574e-07
147.06	39.143	-4.2031e-07
147.01	37.418	-3.1638e-07
146.96	35.751	-2.3879e-07
146.91	34.702	-1.7986e-07
146.87	33.694	-1.3454e-07
146.83	32.205	-1.004e-07
146.79	31.009	-7.5079e-08
146.76	29.885	-5.5729e-08
146.73	28.555	-4.1451e-08
146.7	27.728	-3.0753e-08
146.67	26.926	-2.2657e-08
146.64	25.736	-1.6669e-08
146.62	24.78	-1.2323e-08
146.6	23.886	-9.0846e-09
146.58	22.827	-6.7674e-09
146.56	22.169	-5.0929e-09
146.54	21.531	-3.88e-09
146.53	20.577	-3.0307e-09
146.51	19.814	-2.4545e-09
146.5	19.105	-2.0607e-09
146.48	18.257	-1.8091e-09
146.47	17.724	-1.653e-09
146.46	17.217	-1.5628e-09
146.45	16.46	-1.5192e-09
146.44	15.849	-1.5064e-09
146.43	15.278	-1.5122e-09
146.42	14.599	-1.528e-09
146.42	14.173	-1.5475e-09
146.41	13.764	-1.5666e-09
146.4	13.158	-1.5821e-09
146.4	12.578	-1.5931e-09
146.39	12.212	-1.6002e-09
146.38	11.768	-1.6032e-09
146.38	11.333	-1.6021e-09
146.37	11.004	-1.5972e-09
146.37	10.517	-1.5886e-09
146.37	10.047	-1.5767e-09
146.36	9.7547	-1.5614e-09
146.36	9.4005	-1.5428e-09
146.36	9.0485	-1.5215e-09
146.35	8.7843	-1.4972e-09
146.35	8.3934	-1.4702e-09
146.35	8.0173	-1.4413e-09
146.35	7.7821	-1.4104e-09
146.34	7.4978	-1.3772e-09
146.34	7.2144	-1.3429e-09
146.34	7.0015	-1.3064e-09
146.34	6.6879	-1.2688e-09
146.34	6.3861	-1.2307e-09
146.33	6.1945	-1.1917e-09
146.33	6.0114	-1.1515e-09
146.33	5.7404	-1.1108e-09
146.33	5.5221	-1.0704e-09
146.33	5.3159	-1.0293e-09
146.33	5.073	-9.8875e-10
146.33	4.9198	-9.4837e-10
146.33	4.7702	-9.0761e-10
146.32	4.5526	-8.6724e-10
146.32	4.376	-8.2801e-10
146.32	4.213	-7.8873e-10
146.32	4.018	-7.5077e-10
146.32	3.892	-7.1354e-10
146.32	3.7722	-6.7658e-10
146.32	3.5986	-6.4051e-10
146.32	3.4581	-6.0595e-10
146.32	3.3238	-5.7185e-10
146.32	3.1682	-5.3932e-10
146.32	3.0684	-5.0781e-10
146.32	2.9713	-4.7691e-10
146.32	2.8321	-4.4713e-10
146.32	2.6979	-4.1893e-10
146.32	2.6112	-3.9183e-10
146.32	2.5084	-3.6543e-10
146.32	2.4068	-3.4057e-10
146.32	2.329	-3.1642e-10
146.32	2.2179	-2.9341e-10
146.32	2.1111	-2.7184e-10
146.31	2.0417	-2.5135e-10
146.31	1.9595	-2.3159e-10
146.31	1.8784	-2.1317e-10
146.31	1.8162	-1.9549e-10
146.31	1.7278	-1.7881e-10
146.31	1.6431	-1.6336e-10
146.31	1.588	-1.4883e-10
146.31	1.523	-1.35e-10
146.31	1.4591	-1.2226e-10
146.31	1.4088	-1.1018e-10
146.31	1.3395	-9.8941e-11
146.31	1.2734	-8.8668e-11
146.31	1.2296	-7.9148e-11
146.31	1.1869	-7.0217e-11
146.31	1.128	-6.1999e-11
146.31	1.08	-5.458e-11
146.31	1.0346	-4.7687e-11
146.31	0.98219	-4.1511e-11
146.31	0.94882	-3.5907e-11
146.31	0.91575	-3.0766e-11
146.31	0.8699	-2.6154e-11
146.31	0.83252	-2.2099e-11
146.31	0.79732	-1.8442e-11
146.31	0.75758	-1.5271e-11
146.31	0.73155	-1.2494e-11
146.31	0.7062	-1.0047e-11
146.31	0.67124	-7.9492e-12
146.31	0.64269	-6.1978e-12
146.31	0.61624	-4.7078e-12
146.31	0.58584	-3.5001e-12
146.31	0.56622	-2.5654e-12
146.31	0.54726	-1.8381e-12
146.31	0.52089	-1.2893e-12
146.31	0.49954	-8.986e-13
146.31	0.47989	-6.2867e-13
146.31	0.4571	-4.6458e-13
146.31	0.44287	-3.7815e-13
146.31	0.42908	-3.4734e-13
146.31	0.40945	-3.5135e-13
146.31	0.39081	-3.6784e-13
146.31	0.37945	-3.766e-13
146.31	0.36585	-3.5737e-13
146.31	0.35273	-2.9162e-13
146.31	0.34305	-1.5838e-13
146.31	0.32874	6.0011e-14
146.31	0.31526	3.7495e-13
146.31	0.30759	8.0515e-13
146.31	0.29779	1.3758e-12
146.31	0.28859	2.0834e-12
146.31	0.2824	2.9644e-12
146.31	0.27215	4.0219e-12
146.31	0.26437	5.2471e-12
146.31	0.25751	6.6903e-12
146.31	0.25091	8.3163e-12
146.31	0.24487	1.0187e-11
146.31	0.2373	1.2251e-11
146.31	0.23392	1.4542e-11
146.31	0.22907	1.7113e-11
146.31	0.22449	1.9885e-11
146.31	0.22202	2.2952e-11
146.31	0.21647	2.6278e-11
146.31	0.2128	2.9804e-11
146.31	0.20954	3.3647e-11
146.31	0.20673	3.7687e-11
146.31	0.2042	4.2054e-11
146.31	0.1999	4.6609e-11
146.31	0.19941	5.1417e-11
146.31	0.19761	5.6562e-11
146.31	0.19584	6.1875e-11
146.31	0.19442	6.7525e-11
146.31	0.19324	7.3329e-11
146.31	0.19358	7.9468e-11
146.31	0.19099	8.5846e-11
146.31	0.19044	9.2346e-11
146.31	0.18989	9.9175e-11
146.31	0.18929	1.061e-10
146.31	0.18908	1.1335e-10
146.31	0.18734	1.2067e-10
146.31	0.18882	1.2819e-10
146.31	0.18881	1.36e-10
146.31	0.18898	1.4384e-10
146.31	0.18941	1.5197e-10
146.31	0.18983	1.6012e-10
146.31	0.19182	1.6853e-10
146.31	0.1908	1.7705e-10
146.31	0.1913	1.8555e-10
146.31	0.19209	1.943e-10
146.31	0.19282	2.0298e-10
146.31	0.19358	2.1187e-10
146.31	0.19294	2.2069e-10
146.31	0.19541	2.2954e-10
146.31	0.19638	2.3857e-10
146.31	0.19738	2.4746e-10
146.31	0.19839	2.5651e-10
146.31	0.19943	2.654e-10
146.31	0.20209	2.7442e-10
146.31	0.20163	2.834e-10
146.31	0.20268	2.9219e-10
146.31	0.20384	3.0106e-10
146.31	0.20329	3.0971e-10
146.31	0.20609	3.1826e-10
146.31	0.20722	3.2686e-10
146.31	0.20832	3.3521e-10
146.31	0.20942	3.4356e-10
146.31	0.21059	3.5165e-10
146.31	0.21335	3.597e-10
146.31	0.21276	3.676e-10
146.31	0.21382	3.7519e-10
146.31	0.21492	3.8272e-10
146.31	0.21583	3.8992e-10
146.31	0.21696	3.9703e-10
146.31	0.21609	4.0382e-10
146.31	0.21879	4.1038e-10
146.31	0.21975	4.168e-10
146.31	0.22057	4.2287e-10
146.31	0.22147	4.2878e-10
146.31	0.22227	4.3434e-10
146.31	0.22477	4.3969e-10
146.31	0.22378	4.4477e-10
146.31	0.22433	4.4948e-10
146.31	0.2251	4.5397e-10
146.31	0.22557	4.5808e-10
146.31	0.22625	4.6196e-10
146.31	0.22482	4.6544e-10
146.31	0.22704	4.6862e-10
146.31	0.22751	4.7152e-10
146.31	0.22766	4.7406e-10
146.31	0.22799	4.7629e-10
146.31	0.22785	4.7816e-10
146.31	0.22953	4.7972e-10
146.31	0.22722	4.8093e-10
146.31	0.22408	4.8178e-10
146.31	0.21058	4.8231e-10
146.31	0.19707	4.8247e-10
