5000	326.93	-99.143
4833.2	327.47	-105.08
4670.9	328.09	-111.34
4513.1	329.13	-117.94
4359.8	330.84	-124.89
4210.9	332.93	-132.17
4066.5	335.62	-139.79
3926.5	338.47	-147.74
3790.9	341.78	-155.99
3659.7	344.87	-164.52
3532.9	348.13	-173.28
3410.6	350.94	-182.24
3292.5	353.84	-191.33
3178.9	355.9	-200.46
3069.5	357.87	-209.55
2964.4	358.92	-218.49
2863.6	359.92	-227.14
2766.9	360.39	-235.37
2674.4	360.85	-243
2585.9	360.85	-249.88
2501.4	360.85	-255.81
2420.8	360.85	-260.64
2344.1	360.85	-264.13
2271	360.85	-266.22
2201.6	360.85	-266.66
2135.6	360.85	-265.47
2072.9	360.85	-262.49
2013.4	360.85	-257.85
1956.9	360.85	-251.47
1903.2	360.85	-243.66
1852.3	360.85	-234.38
1803.9	360.85	-224.09
1757.9	360.85	-212.82
1714.1	360.85	-201.06
1672.4	360.85	-188.85
1632.6	360.85	-176.63
1594.5	360.85	-164.45
1558.1	360.85	-152.64
1523.1	360.85	-141.22
1489.6	360.85	-130.39
1457.4	360.85	-120.11
1426.3	360.85	-110.53
1396.3	360.85	-101.58
1367.3	360.85	-93.309
1339.3	360.85	-85.658
1312.2	360.85	-78.64
1285.9	360.85	-72.181
1260.3	360.85	-66.277
1235.5	360.85	-60.864
1211.3	360.85	-55.923
1187.8	360.85	-51.399
1164.9	360.85	-47.27
1142.5	360.85	-43.492
1120.7	360.85	-40.042
1099.3	360.85	-36.882
1078.5	360.85	-33.994
1058.1	360.85	-31.348
1038.2	360.85	-28.925
1018.7	360.85	-26.705
999.56	360.85	-24.668
980.84	360.85	-22.797
962.49	360.85	-21.08
944.51	360.85	-19.501
926.87	360.85	-18.049
909.57	360.85	-16.711
892.6	360.85	-15.481
875.95	360.85	-14.346
859.6	360.85	-13.3
843.55	360.85	-12.335
827.79	360.85	-11.444
812.32	360.85	-10.621
797.12	360.85	-9.8607
782.18	360.85	-9.1573
767.51	360.85	-8.5071
753.1	360.85	-7.9051
738.94	360.85	-7.3477
725.02	360.85	-6.8317
711.34	360.85	-6.3536
697.89	360.85	-5.9101
684.68	360.85	-5.4991
671.68	360.85	-5.1177
658.91	360.85	-4.7638
646.36	360.85	-4.4354
634.02	360.85	-4.1305
621.88	360.85	-3.8474
609.96	360.85	-3.5843
598.23	360.85	-3.3399
586.7	360.85	-3.1127
575.36	360.85	-2.9015
564.22	360.85	-2.7051
553.27	360.85	-2.5224
542.5	360.85	-2.3525
531.91	360.85	-2.1943
521.51	360.85	-2.0472
511.28	360.85	-1.9103
501.22	360.85	-1.7827
491.34	360.85	-1.664
481.63	360.85	-1.5534
472.08	360.85	-1.4504
462.7	360.85	-1.3545
453.48	360.85	-1.265
444.42	360.85	-1.1817
435.52	360.85	-1.104
426.78	360.85	-1.0316
418.19	360.85	-0.96403
409.75	360.85	-0.90107
401.47	360.85	-0.84234
393.33	360.85	-0.78758
385.34	360.85	-0.73647
377.49	360.85	-0.68878
369.78	360.85	-0.64428
362.22	360.85	-0.60276
354.79	360.85	-0.56399
347.5	360.85	-0.5278
340.35	360.85	-0.494
333.33	360.85	-0.46246
326.44	360.85	-0.43298
319.68	360.85	-0.40546
313.05	360.85	-0.37973
306.54	360.85	-0.35569
300.16	360.85	-0.33325
293.9	360.85	-0.31225
287.76	360.85	-0.29264
281.74	360.85	-0.2743
275.84	360.85	-0.25715
270.05	360.85	-0.24111
264.38	360.85	-0.22611
258.82	360.85	-0.21208
253.37	360.85	-0.19896
248.03	360.85	-0.18668
242.79	360.85	-0.17519
237.66	360.85	-0.16443
232.63	360.85	-0.15437
227.7	360.85	-0.14494
222.87	360.85	-0.13611
218.14	360.85	-0.12785
213.51	360.85	-0.12011
208.97	360.85	-0.11286
204.52	360.85	-0.10607
200.16	360.85	-0.099704
195.89	360.85	-0.093739
191.71	360.85	-0.088148
187.62	360.85	-0.082907
183.6	360.85	-0.077996
179.67	360.85	-0.073385
175.83	360.85	-0.069063
172.06	360.85	-0.065009
168.36	360.85	-0.061206
164.75	360.85	-0.057637
161.21	360.85	-0.054287
157.74	360.85	-0.051143
154.34	360.85	-0.048191
151.01	360.85	-0.045419
147.75	360.85	-0.042815
144.56	360.85	-0.04037
141.44	360.85	-0.038072
138.37	360.85	-0.035913
135.38	360.85	-0.033884
132.44	360.85	-0.031975
129.56	360.85	-0.030181
126.74	360.85	-0.028493
123.98	360.85	-0.026907
121.28	360.85	-0.025414
118.63	360.85	-0.024009
116.04	360.85	-0.022687
113.5	360.85	-0.02144
111.01	360.85	-0.020269
108.58	360.85	-0.019165
106.19	360.85	-0.018125
103.85	360.85	-0.017145
101.56	360.85	-0.016221
99.319	360.85	-0.015351
97.122	360.85	-0.01453
94.971	360.85	-0.013756
92.864	360.85	-0.013025
90.8	360.85	-0.012337
88.779	360.85	-0.011687
86.799	360.85	-0.011074
84.861	360.85	-0.010495
82.963	360.85	-0.0099477
81.104	360.85	-0.0094312
79.283	360.85	-0.0089432
77.501	360.85	-0.0084821
75.756	360.85	-0.0080462
74.048	360.85	-0.0076341
72.375	360.85	-0.0072444
70.738	360.85	-0.006876
69.135	360.85	-0.0065271
67.566	360.85	-0.0061972
66.031	360.85	-0.0058846
64.528	360.85	-0.0055889
63.058	360.85	-0.0053088
61.619	360.85	-0.0050434
60.212	360.85	-0.004792
58.835	360.85	-0.0045537
57.489	360.85	-0.0043278
56.172	360.85	-0.0041136
54.884	360.85	-0.0039103
53.625	360.85	-0.0037176
52.395	360.85	-0.0035346
51.192	360.85	-0.0033609
50.016	360.85	-0.003196
48.867	360.85	-0.0030393
47.745	360.85	-0.0028906
46.648	360.85	-0.0027491
45.578	360.85	-0.0026147
44.532	360.85	-0.002487
43.511	360.85	-0.0023655
42.515	360.85	-0.0022499
41.542	360.85	-0.0021399
40.594	360.85	-0.0020352
39.668	360.85	-0.0019356
38.765	360.85	-0.0018407
37.885	360.85	-0.0017504
37.027	360.85	-0.0016644
36.19	360.85	-0.0015824
35.375	360.85	-0.0015043
34.581	360.85	-0.0014298
33.807	360.85	-0.0013589
33.054	360.85	-0.0012912
32.321	360.85	-0.0012267
31.607	360.85	-0.0011652
30.912	360.85	-0.0011065
30.236	360.85	-0.0010506
29.578	360.85	-0.00099719
28.938	360.85	-0.00094626
28.317	360.85	-0.00089771
27.712	360.85	-0.00085137
27.125	360.85	-0.00080719
26.554	360.85	-0.00076503
26	360.85	-0.00072482
25.461	360.85	-0.00068648
24.938	360.85	-0.00064991
24.431	360.85	-0.00061502
23.938	360.85	-0.00058175
23.46	360.85	-0.00055006
22.997	360.85	-0.00051987
22.547	360.85	-0.0004911
22.111	360.85	-0.00046369
21.688	360.85	-0.00043759
21.279	360.85	-0.00041274
20.881	360.85	-0.0003891
20.497	360.85	-0.0003666
20.124	360.85	-0.00034521
19.763	360.85	-0.00032488
19.413	360.85	-0.00030556
19.075	360.85	-0.00028721
18.747	360.85	-0.0002698
18.43	360.85	-0.00025327
18.123	360.85	-0.00023761
17.826	360.85	-0.00022276
17.539	360.85	-0.0002087
17.261	360.85	-0.00019538
16.993	360.85	-0.00018279
16.733	360.85	-0.00017088
16.482	360.85	-0.00015962
16.239	360.85	-0.00014899
16.004	360.85	-0.00013896
15.777	360.85	-0.0001295
15.558	360.85	-0.00012057
15.347	360.85	-0.00011218
15.142	360.85	-0.00010427
14.944	360.85	-9.6835e-05
14.754	360.85	-8.9848e-05
14.569	360.85	-8.3286e-05
14.391	360.85	-7.7132e-05
14.22	360.85	-7.1362e-05
14.054	360.85	-6.5867e-05
13.894	360.85	-6.0895e-05
13.739	360.85	-5.6238e-05
13.59	360.85	-5.1735e-05
13.446	360.85	-4.7669e-05
13.307	360.85	-4.3746e-05
13.173	360.85	-4.0092e-05
13.044	360.85	-3.6801e-05
12.919	360.85	-3.3728e-05
12.799	360.85	-3.0781e-05
12.683	360.85	-2.8039e-05
12.571	360.85	-2.5578e-05
12.463	360.85	-2.3289e-05
12.359	360.85	-2.1098e-05
12.258	360.85	-1.9071e-05
12.162	360.85	-1.7253e-05
12.068	360.85	-1.5515e-05
11.978	360.85	-1.396e-05
11.892	360.85	-1.252e-05
11.808	360.85	-1.1152e-05
11.728	360.85	-9.8901e-06
11.65	360.85	-8.7617e-06
11.575	360.85	-7.7219e-06
11.503	360.85	-6.7359e-06
11.434	360.85	-5.8306e-06
11.367	360.85	-5.023e-06
11.302	360.85	-4.2597e-06
11.24	360.85	-3.5791e-06
11.18	360.85	-2.9543e-06
11.123	360.85	-2.3652e-06
11.067	360.85	-1.8263e-06
11.014	360.85	-1.3473e-06
10.963	360.85	-9.0831e-07
10.913	360.85	-4.9597e-07
10.865	360.85	-1.199e-07
10.82	360.85	2.1371e-07
10.776	360.85	5.1877e-07
10.733	360.85	8.0454e-07
10.692	360.85	1.0577e-06
10.653	360.85	1.2944e-06
10.615	360.85	1.5095e-06
10.579	360.85	1.7005e-06
10.544	360.85	1.8738e-06
10.511	360.85	2.0357e-06
10.478	360.85	2.184e-06
10.447	360.85	1.364e-06
10.418	360.85	-2.9128e-06
10.389	360.85	-3.9542e-06
10.362	360.85	-3.8864e-06
10.335	360.85	-3.8249e-06
10.31	360.85	-3.7713e-06
10.286	360.85	-3.7261e-06
10.263	360.85	-3.6869e-06
10.24	360.85	-3.6518e-06
10.219	360.85	-3.6219e-06
10.199	360.85	-3.5971e-06
10.179	360.85	-3.5764e-06
10.16	360.85	-3.5583e-06
10.142	360.85	-3.5432e-06
10.125	360.85	-3.5317e-06
10.108	360.85	-3.5221e-06
10.093	360.85	-3.5152e-06
10.078	360.85	-3.5099e-06
10.063	360.85	-3.506e-06
10.05	360.85	-3.5036e-06
10.037	360.85	-3.5028e-06
10.024	360.85	-3.5029e-06
10.012	360.85	-3.5037e-06
10.001	360.85	-3.5055e-06
9.9901	360.85	-3.5081e-06
9.9798	360.85	-3.511e-06
9.97	360.85	-3.5146e-06
9.9607	360.85	-3.5186e-06
9.9519	360.85	-3.5228e-06
9.9435	360.85	-3.5272e-06
9.9356	360.85	-3.5318e-06
9.928	360.85	-3.5367e-06
9.9209	360.85	-3.5418e-06
9.9142	360.85	-3.5466e-06
9.9078	360.85	-3.5517e-06
9.9018	360.85	-3.5567e-06
9.8961	360.85	-3.5616e-06
9.8907	360.85	-3.5665e-06
9.8857	360.85	-3.5714e-06
9.881	360.85	-3.5762e-06
9.8765	360.85	-3.581e-06
9.8723	360.85	-3.5855e-06
9.8684	360.85	-3.59e-06
9.8647	360.85	-3.5942e-06
9.8613	360.85	-3.5982e-06
9.8581	360.85	-3.6024e-06
9.8551	360.85	-3.6062e-06
9.8523	360.85	-3.6097e-06
9.8498	360.85	-3.6135e-06
9.8474	360.85	-3.6168e-06
9.8452	360.85	-3.62e-06
9.8431	360.85	-3.623e-06
9.8413	360.85	-3.626e-06
9.8395	360.85	-3.6291e-06
9.8379	360.85	-3.6318e-06
9.8365	360.85	-3.6342e-06
9.8352	360.85	-3.6368e-06
9.834	360.85	-3.6393e-06
9.8329	360.85	-3.6416e-06
9.8319	360.85	-3.6437e-06
9.831	360.85	-3.6459e-06
9.8302	360.85	-3.6478e-06
9.8295	360.85	-3.6497e-06
9.8288	360.85	-3.6515e-06
9.8282	360.85	-3.6532e-06
9.8277	360.85	-3.6546e-06
9.8273	360.85	-3.6562e-06
9.8269	360.85	-3.6576e-06
9.8266	360.85	-3.6589e-06
9.8263	360.85	-3.6601e-06
9.8261	360.85	-3.6614e-06
9.8259	360.85	-3.6626e-06
9.8257	360.85	-3.6635e-06
9.8255	360.85	-3.6644e-06
9.8254	360.85	-3.6652e-06
9.8253	360.85	-3.6661e-06
9.8252	360.85	-3.667e-06
9.8252	360.85	-3.6675e-06
9.8251	360.85	-3.6683e-06
9.8251	360.85	-3.6689e-06
9.8251	360.85	-3.6694e-06
9.8251	360.85	-3.6697e-06
9.8251	360.85	-3.6702e-06
9.8251	360.85	-3.6705e-06
9.825	360.85	-3.6708e-06
9.825	360.85	-3.671e-06
9.825	360.85	-3.671e-06
9.825	360.85	-3.671e-06
9.825	360.85	-3.671e-06
