50000	47.536	-1.0544
48923	46.888	-1.1014
47858	46.276	-1.1509
46805	45.981	-1.2033
45764	46.019	-1.2587
44735	46.308	-1.3173
43717	46.776	-1.3793
42711	47.389	-1.4449
41717	48.1	-1.5146
40734	48.9	-1.5886
39763	49.794	-1.6669
38804	50.776	-1.7504
37856	51.829	-1.8389
36920	52.96	-1.9334
35996	54.159	-2.0337
35083	55.426	-2.1407
34183	56.757	-2.255
33294	58.167	-2.3768
32416	59.653	-2.507
31551	61.221	-2.6461
30697	62.863	-2.7951
29855	64.578	-2.9546
29026	66.371	-3.1257
28208	68.266	-3.3093
27402	70.257	-3.5065
26608	72.326	-3.7182
25826	74.487	-3.9463
25056	76.747	-4.1918
24298	79.116	-4.4564
23553	81.616	-4.7421
22819	84.24	-5.0508
22098	86.953	-5.3843
21389	89.8	-5.7459
20693	92.819	-6.1374
20009	95.978	-6.5622
19338	99.267	-7.0232
18679	102.74	-7.5246
18032	106.35	-8.0706
17398	110.15	-8.6651
16777	114.13	-9.3139
16169	118.35	-10.022
15574	122.73	-10.796
14991	127.35	-11.642
14421	132.16	-12.57
13865	137.22	-13.587
13321	142.53	-14.704
12791	148.16	-15.928
12274	154	-17.277
11770	160.13	-18.759
11279	166.52	-20.39
10802	173.29	-22.189
10338	180.28	-24.167
9887.8	187.64	-26.349
9451.1	195.22	-28.752
9027.9	203.24	-31.403
8618.3	211.44	-34.315
8222.4	220.06	-37.519
7840.2	228.8	-41.038
7471.6	237.97	-44.893
7116.8	247.17	-49.105
6775.5	256.79	-53.692
6448	266.23	-58.662
6134	276	-64.019
5833.5	285.34	-69.752
5546.4	294.92	-75.833
5272.6	303.69	-82.215
5011.8	312.45	-88.823
4764	319.84	-95.556
4528.8	326.93	-102.28
4306.1	332.04	-108.82
4095.3	336.39	-114.99
3896.3	338.8	-120.59
3708.6	340.21	-125.39
3531.7	340.21	-129.21
3365.1	340.21	-131.85
3208.4	340.21	-133.29
3060.9	340.21	-133.36
2922.1	340.21	-132.26
2791.6	340.21	-129.91
2668.6	340.21	-126.64
2552.7	340.21	-122.4
2443.3	340.21	-117.61
2339.9	340.21	-112.17
2242.1	340.21	-106.49
2149.5	340.21	-100.44
2061.6	340.21	-94.404
1978.1	340.21	-88.232
1898.5	340.21	-82.228
1822.8	340.21	-76.262
1750.4	340.21	-70.566
1681.3	340.21	-65.02
1615.1	340.21	-59.787
1551.7	340.21	-54.779
1490.9	340.21	-50.094
1432.5	340.21	-45.671
1376.4	340.21	-41.562
1322.5	340.21	-37.724
1270.6	340.21	-34.181
1220.6	340.21	-30.903
1172.5	340.21	-27.894
1126.1	340.21	-25.134
1081.4	340.21	-22.612
1038.3	340.21	-20.313
996.78	340.21	-18.225
956.75	340.21	-16.328
918.17	340.21	-14.614
881	340.21	-13.064
845.17	340.21	-11.668
810.66	340.21	-10.411
777.43	340.21	-9.2819
745.43	340.21	-8.2679
714.63	340.21	-7.3602
684.99	340.21	-6.5467
656.49	340.21	-5.82
629.08	340.21	-5.1706
602.74	340.21	-4.5914
577.43	340.21	-4.0747
553.13	340.21	-3.6145
529.8	340.21	-3.2046
507.41	340.21	-2.8401
485.94	340.21	-2.5158
465.36	340.21	-2.2276
445.62	340.21	-1.9714
426.72	340.21	-1.744
408.62	340.21	-1.5423
391.28	340.21	-1.3632
374.7	340.21	-1.2044
358.83	340.21	-1.0636
343.66	340.21	-0.93887
329.15	340.21	-0.82836
315.29	340.21	-0.73048
302.04	340.21	-0.64385
289.39	340.21	-0.56719
277.32	340.21	-0.4994
265.79	340.21	-0.43942
254.79	340.21	-0.38646
244.29	340.21	-0.33965
234.28	340.21	-0.29832
224.73	340.21	-0.26184
215.63	340.21	-0.22966
206.96	340.21	-0.2013
198.7	340.21	-0.1763
190.82	340.21	-0.15428
183.32	340.21	-0.13491
176.18	340.21	-0.11787
169.38	340.21	-0.10289
162.9	340.21	-0.089727
156.74	340.21	-0.078181
150.88	340.21	-0.068053
145.3	340.21	-0.059178
139.99	340.21	-0.05141
134.94	340.21	-0.044613
130.13	340.21	-0.038672
125.56	340.21	-0.033486
121.22	340.21	-0.028963
117.09	340.21	-0.025021
113.16	340.21	-0.021589
109.43	340.21	-0.018607
105.88	340.21	-0.016016
102.51	340.21	-0.013769
99.3	340.21	-0.011821
96.255	340.21	-0.010119
93.361	340.21	-0.0086803
90.611	340.21	-0.0074103
87.999	340.21	-0.0063396
85.517	340.21	-0.0054165
83.16	340.21	-0.0046052
80.921	340.21	-0.0039099
78.794	340.21	-0.0033267
76.775	340.21	-0.0028167
74.857	340.21	-0.0023898
73.035	340.21	-0.0020248
71.306	340.21	-0.0017071
69.663	340.21	-0.0014373
68.104	340.21	-0.0012126
66.623	340.21	-0.0010217
65.218	340.21	-0.00085662
63.883	340.21	-0.00071968
62.616	340.21	-0.00060176
61.414	340.21	-0.00050245
60.272	340.21	-0.00042043
59.188	340.21	-0.00035134
58.16	340.21	-0.00029218
57.183	340.21	-0.00024351
56.257	340.21	-0.00020199
55.377	340.21	-0.00016734
54.542	340.21	-0.00013894
53.75	340.21	-0.00011521
52.998	340.21	-9.507e-05
52.284	340.21	-7.8636e-05
51.607	340.21	-6.4734e-05
50.964	340.21	-5.3223e-05
50.355	340.21	-4.386e-05
49.776	340.21	-3.6101e-05
49.227	340.21	-2.9578e-05
48.705	340.21	-2.4208e-05
48.211	340.21	-1.9861e-05
47.742	340.21	-1.6219e-05
47.296	340.21	-1.3277e-05
46.874	340.21	-1.0857e-05
46.473	340.21	-8.838e-06
46.093	340.21	-7.1866e-06
45.732	340.21	-5.8585e-06
45.389	340.21	-4.7539e-06
45.064	340.21	-3.8674e-06
44.756	340.21	-3.1431e-06
44.463	340.21	-2.5428e-06
44.186	340.21	-2.0549e-06
43.923	340.21	-1.665e-06
43.673	340.21	-1.3429e-06
43.436	340.21	-1.0858e-06
43.211	340.21	-8.7709e-07
42.998	340.21	-7.0519e-07
42.795	340.21	-5.6638e-07
42.603	340.21	-4.5605e-07
42.421	340.21	-3.6548e-07
42.248	340.21	-2.9365e-07
42.084	340.21	-2.3567e-07
41.929	340.21	-1.8823e-07
41.781	340.21	-1.5016e-07
41.641	340.21	-1.2009e-07
41.509	340.21	-9.5927e-08
41.383	340.21	-7.6245e-08
41.263	340.21	-6.0751e-08
41.15	340.21	-4.8164e-08
41.042	340.21	-3.8134e-08
40.94	340.21	-3.0265e-08
40.843	340.21	-2.3984e-08
40.752	340.21	-1.8904e-08
40.665	340.21	-1.4927e-08
40.582	340.21	-1.1709e-08
40.504	340.21	-9.1625e-09
40.429	340.21	-7.2049e-09
40.359	340.21	-5.6768e-09
40.292	340.21	-4.4718e-09
40.228	340.21	-3.5575e-09
40.168	340.21	-2.8456e-09
40.111	340.21	-2.3065e-09
40.057	340.21	-1.9079e-09
40.006	340.21	-1.6118e-09
39.957	340.21	-1.3926e-09
39.911	340.21	-1.2372e-09
39.867	340.21	-1.132e-09
39.825	340.21	-1.0621e-09
39.786	340.21	-1.0208e-09
39.748	340.21	-9.9963e-10
39.713	340.21	-9.9327e-10
39.679	340.21	-9.9796e-10
39.647	340.21	-1.0096e-09
39.617	340.21	-1.0261e-09
39.588	340.21	-1.045e-09
39.561	340.21	-1.0649e-09
39.535	340.21	-1.0852e-09
39.511	340.21	-1.1046e-09
39.487	340.21	-1.1223e-09
39.465	340.21	-1.1385e-09
39.444	340.21	-1.1523e-09
39.424	340.21	-1.1639e-09
39.406	340.21	-1.1733e-09
39.388	340.21	-1.1801e-09
39.371	340.21	-1.1846e-09
39.355	340.21	-1.1867e-09
39.339	340.21	-1.1866e-09
39.325	340.21	-1.1844e-09
39.311	340.21	-1.1801e-09
39.298	340.21	-1.1739e-09
39.286	340.21	-1.1661e-09
39.274	340.21	-1.1566e-09
39.263	340.21	-1.1454e-09
39.252	340.21	-1.1331e-09
39.242	340.21	-1.1193e-09
39.233	340.21	-1.1042e-09
39.224	340.21	-1.0884e-09
39.215	340.21	-1.0716e-09
39.207	340.21	-1.0538e-09
39.199	340.21	-1.0354e-09
39.192	340.21	-1.0161e-09
39.185	340.21	-9.963e-10
39.179	340.21	-9.7629e-10
39.172	340.21	-9.5589e-10
39.166	340.21	-9.3482e-10
39.161	340.21	-9.1358e-10
39.155	340.21	-8.9237e-10
39.15	340.21	-8.7081e-10
39.146	340.21	-8.4948e-10
39.141	340.21	-8.2818e-10
39.137	340.21	-8.0652e-10
39.133	340.21	-7.85e-10
39.129	340.21	-7.6392e-10
39.125	340.21	-7.4272e-10
39.121	340.21	-7.2207e-10
39.118	340.21	-7.0163e-10
39.115	340.21	-6.8118e-10
39.112	340.21	-6.6093e-10
39.109	340.21	-6.4138e-10
39.106	340.21	-6.2187e-10
39.104	340.21	-6.0302e-10
39.101	340.21	-5.845e-10
39.099	340.21	-5.6612e-10
39.097	340.21	-5.4811e-10
39.095	340.21	-5.3078e-10
39.093	340.21	-5.1361e-10
39.091	340.21	-4.9712e-10
39.089	340.21	-4.8103e-10
39.087	340.21	-4.6514e-10
39.085	340.21	-4.4967e-10
39.084	340.21	-4.3485e-10
39.082	340.21	-4.2046e-10
39.081	340.21	-4.0624e-10
39.08	340.21	-3.9269e-10
39.078	340.21	-3.7931e-10
39.077	340.21	-3.6636e-10
39.076	340.21	-3.5404e-10
39.075	340.21	-3.4209e-10
39.074	340.21	-3.3034e-10
39.073	340.21	-3.1914e-10
39.072	340.21	-3.0817e-10
39.071	340.21	-2.9755e-10
39.07	340.21	-2.8745e-10
39.07	340.21	-2.7757e-10
39.069	340.21	-2.6816e-10
39.068	340.21	-2.5894e-10
39.067	340.21	-2.5019e-10
39.067	340.21	-2.4177e-10
39.066	340.21	-2.3349e-10
39.065	340.21	-2.2566e-10
39.065	340.21	-2.1799e-10
39.064	340.21	-2.106e-10
39.064	340.21	-2.0361e-10
39.063	340.21	-1.9677e-10
39.063	340.21	-1.9029e-10
39.063	340.21	-1.8395e-10
39.062	340.21	-1.7794e-10
39.062	340.21	-1.7217e-10
39.061	340.21	-1.6655e-10
39.061	340.21	-1.6119e-10
39.061	340.21	-1.5599e-10
39.06	340.21	-1.5105e-10
39.06	340.21	-1.4623e-10
39.06	340.21	-1.4161e-10
39.06	340.21	-1.3723e-10
39.059	340.21	-1.3296e-10
39.059	340.21	-1.2893e-10
39.059	340.21	-1.2499e-10
39.059	340.21	-1.2127e-10
39.058	340.21	-1.1769e-10
39.058	340.21	-1.142e-10
39.058	340.21	-1.1091e-10
39.058	340.21	-1.0769e-10
39.058	340.21	-1.0465e-10
39.058	340.21	-1.0169e-10
39.057	340.21	-9.8848e-11
39.057	340.21	-9.6165e-11
39.057	340.21	-9.3557e-11
39.057	340.21	-9.1087e-11
39.057	340.21	-8.8679e-11
39.057	340.21	-8.6414e-11
39.057	340.21	-8.4238e-11
39.057	340.21	-8.212e-11
39.057	340.21	-8.0124e-11
39.057	340.21	-7.8177e-11
39.056	340.21	-7.6349e-11
39.056	340.21	-7.4564e-11
39.056	340.21	-7.2859e-11
39.056	340.21	-7.125e-11
39.056	340.21	-6.9692e-11
39.056	340.21	-6.8225e-11
39.056	340.21	-6.6818e-11
39.056	340.21	-6.5455e-11
39.056	340.21	-6.4174e-11
39.056	340.21	-6.2933e-11
39.056	340.21	-6.1768e-11
39.056	340.21	-6.0638e-11
39.056	340.21	-5.9566e-11
39.056	340.21	-5.8564e-11
39.056	340.21	-5.759e-11
39.056	340.21	-5.6686e-11
39.056	340.21	-5.5814e-11
39.056	340.21	-5.5001e-11
39.056	340.21	-5.4231e-11
39.056	340.21	-5.3496e-11
39.056	340.21	-5.2811e-11
39.056	340.21	-5.2156e-11
39.056	340.21	-5.1557e-11
39.056	340.21	-5.0982e-11
39.056	340.21	-5.045e-11
39.056	340.21	-4.9964e-11
39.056	340.21	-4.9506e-11
39.056	340.21	-4.9091e-11
39.056	340.21	-4.8706e-11
39.056	340.21	-4.8365e-11
39.056	340.21	-4.8054e-11
39.056	340.21	-4.7772e-11
39.056	340.21	-4.7532e-11
39.056	340.21	-4.7321e-11
39.056	340.21	-4.7141e-11
39.056	340.21	-4.6992e-11
39.056	340.21	-4.688e-11
39.056	340.21	-4.6799e-11
39.056	340.21	-4.6753e-11
39.056	340.21	-4.6736e-11
