55000	38.611	-0.38315
53965	36.875	-0.39825
52939	35.196	-0.41363
51923	34.371	-0.43024
50916	34.132	-0.44728
49919	34.104	-0.46546
48931	34.239	-0.48434
47952	34.532	-0.50441
46982	34.931	-0.52534
46021	35.413	-0.54758
45070	35.957	-0.57085
44127	36.556	-0.59555
43194	37.255	-0.62146
42271	37.974	-0.64897
41356	38.731	-0.67789
40451	39.538	-0.70863
39555	40.418	-0.74098
38669	41.331	-0.7754
37791	42.299	-0.81171
36923	43.273	-0.85035
36065	44.339	-0.89121
35216	45.448	-0.93472
34376	46.629	-0.98082
33546	47.826	-1.03
32725	49.102	-1.0822
31914	50.396	-1.1379
31112	51.778	-1.1972
30320	53.22	-1.2605
29537	54.723	-1.328
28764	56.292	-1.4003
28001	57.975	-1.4775
27247	59.691	-1.5603
26503	61.485	-1.6489
25769	63.31	-1.7441
25045	65.327	-1.8462
24331	67.385	-1.956
23626	69.549	-2.0741
22932	71.816	-2.2015
22247	74.138	-2.3386
21572	76.637	-2.4869
20908	79.273	-2.6471
20253	82.045	-2.8205
19609	84.897	-3.0083
18975	87.896	-3.2121
18351	91.065	-3.4335
17737	94.402	-3.6743
17134	98.033	-3.9366
16541	101.67	-4.2228
15959	105.54	-4.5351
15387	109.71	-4.8771
14826	114.05	-5.2515
14275	118.76	-5.6624
13735	123.52	-6.1138
13205	128.7	-6.6108
12687	134.23	-7.1586
12179	139.96	-7.7634
11682	146.08	-8.4325
11196	152.77	-9.1736
10722	159.42	-9.9963
10258	166.84	-10.911
9805.3	174.6	-11.929
9364.1	183.03	-13.066
8934	191.74	-14.336
8515.4	201.3	-15.757
8108.2	211.12	-17.352
7712.5	222.07	-19.142
7328.3	233.18	-21.156
6955.9	245.64	-23.425
6595.1	258.2	-25.985
6246.1	272.44	-28.874
5908.9	286.61	-32.141
5583.6	302.78	-35.833
5270.1	318.55	-40.011
4968.7	336.79	-44.733
4679.2	354	-50.069
4401.8	374.23	-56.084
4136.3	392.52	-62.849
3883	414.33	-70.424
3641.6	432.42	-78.86
3412.4	454.97	-88.18
3195.1	471.49	-98.367
2989.9	493.39	-109.35
2796.6	506.29	-120.96
2615.1	526.25	-132.96
2445.2	533.04	-144.95
2286.9	548.18	-156.46
2139.6	547.07	-166.84
2003.1	554.6	-175.52
1876.8	543.63	-181.79
1760.3	540.86	-185.37
1652.9	522.1	-185.79
1553.9	509.84	-183.51
1462.7	488.48	-178.43
1378.7	470.8	-171.72
1301.3	452.37	-163.4
1229.7	434.11	-154.78
1163.6	420.26	-145.53
1102.4	403.94	-136.62
1045.7	394.11	-127.53
993.11	381.79	-118.86
944.28	375.5	-110.17
898.89	366.52	-101.86
856.67	362.64	-93.651
817.36	355.9	-85.788
780.73	353.61	-78.122
746.58	349.04	-70.867
714.73	347.45	-63.892
684.99	343.82	-57.381
657.22	342.37	-51.224
631.27	339.03	-45.542
607.02	337.21	-40.261
584.36	333.71	-35.442
563.16	331.35	-31.032
543.33	327.64	-27.055
524.79	324.68	-23.468
507.44	320.56	-20.268
491.21	316.86	-17.421
476.03	312.2	-14.912
461.83	307.75	-12.705
448.54	302.51	-10.782
436.12	297.44	-9.11
424.49	291.72	-7.6672
413.63	285.97	-6.4268
403.46	279.86	-5.367
393.96	273.7	-4.4648
385.08	267.12	-3.7012
376.78	260.57	-3.0573
369.02	253.88	-2.5168
361.77	247.15	-2.0651
355	240.31	-1.6891
348.67	233.44	-1.3774
342.76	226.5	-1.1198
337.24	219.77	-0.90786
332.09	212.98	-0.73401
327.28	206.27	-0.59191
322.79	199.6	-0.4761
318.6	193.11	-0.38203
314.69	186.7	-0.30584
311.04	180.43	-0.24431
307.63	174.3	-0.19474
304.46	168.31	-0.15491
301.49	162.47	-0.12299
298.73	156.82	-0.097473
296.15	151.3	-0.07711
293.75	145.96	-0.060902
291.5	140.79	-0.04802
289.41	135.77	-0.037808
287.46	130.91	-0.029724
285.64	126.23	-0.023335
283.95	121.69	-0.018296
282.37	117.31	-0.014327
280.9	113.09	-0.011206
279.52	109.04	-0.0087545
278.24	105.1	-0.0068319
277.05	101.29	-0.005326
275.94	97.658	-0.0041481
274.9	94.163	-0.0032274
273.94	90.773	-0.0025089
273.04	87.484	-0.0019487
272.2	84.352	-0.0015123
271.41	81.602	-0.0011727
270.69	78.384	-0.00090676
270.01	75.558	-0.00070358
269.37	72.887	-0.00054325
268.79	69.752	-0.00042091
268.24	67.795	-0.00032591
267.72	65.85	-0.00025112
267.25	63.009	-0.00019337
266.8	60.764	-0.00014945
266.39	58.62	-0.00011495
266	56.086	-8.8756e-05
265.64	54.521	-6.8494e-05
265.31	53.005	-5.2609e-05
265	50.727	-4.0386e-05
264.71	48.542	-3.1122e-05
264.43	47.199	-2.3972e-05
264.18	45.549	-1.8379e-05
263.95	43.918	-1.4144e-05
263.73	42.711	-1.0835e-05
263.52	40.886	-8.2965e-06
263.33	39.127	-6.3775e-06
263.16	38.044	-4.9005e-06
262.99	36.728	-3.748e-06
262.84	35.416	-2.8776e-06
262.69	34.446	-2.199e-06
262.56	32.981	-1.6798e-06
262.44	31.569	-1.2881e-06
262.32	30.704	-9.8729e-07
262.21	29.638	-7.5307e-07
262.11	28.587	-5.7658e-07
262.02	27.806	-4.3928e-07
261.93	26.63	-3.3447e-07
261.85	25.496	-2.5557e-07
261.77	24.789	-1.9513e-07
261.7	24.121	-1.4819e-07
261.64	23.094	-1.1242e-07
261.58	22.276	-8.5569e-08
261.52	21.514	-6.4754e-08
261.47	20.594	-4.9149e-08
261.42	20.037	-3.7249e-08
261.37	19.489	-2.8056e-08
261.33	18.665	-2.1095e-08
261.29	18.008	-1.5904e-08
261.25	17.389	-1.1913e-08
261.22	16.647	-8.9503e-09
261.18	16.197	-6.7142e-09
261.15	15.76	-5.0084e-09
261.13	15.093	-3.7355e-09
261.1	14.562	-2.8024e-09
261.08	14.062	-2.0994e-09
261.05	13.463	-1.5896e-09
261.03	13.1	-1.2154e-09
261.01	12.747	-9.3941e-10
260.99	12.207	-7.4162e-10
260.98	11.777	-6.0357e-10
260.96	11.373	-5.0562e-10
260.95	10.89	-4.3974e-10
260.93	10.596	-3.9576e-10
260.92	10.311	-3.6711e-10
260.91	9.8765	-3.4982e-10
260.9	9.4547	-3.404e-10
260.89	9.1975	-3.3599e-10
260.88	8.8812	-3.3478e-10
260.87	8.5711	-3.3539e-10
260.86	8.3408	-3.3689e-10
260.85	7.986	-3.3855e-10
260.84	7.6477	-3.3985e-10
260.84	7.4386	-3.4051e-10
260.83	7.1837	-3.4037e-10
260.82	6.932	-3.3945e-10
260.82	6.7428	-3.3775e-10
260.81	6.4531	-3.3533e-10
260.81	6.1788	-3.3226e-10
260.8	6.0145	-3.2858e-10
260.8	5.8057	-3.2423e-10
260.8	5.6	-3.194e-10
260.79	5.448	-3.1399e-10
260.79	5.2158	-3.0811e-10
260.79	4.9926	-3.0191e-10
260.78	4.8558	-2.9533e-10
260.78	4.723	-2.8832e-10
260.78	4.5221	-2.8101e-10
260.78	4.3609	-2.7358e-10
260.77	4.2085	-2.6581e-10
260.77	4.0274	-2.58e-10
260.77	3.9171	-2.5006e-10
260.77	3.8094	-2.4189e-10
260.77	3.6452	-2.3365e-10
260.76	3.5144	-2.255e-10
260.76	3.3915	-2.1722e-10
260.76	3.2449	-2.0909e-10
260.76	3.1546	-2.0101e-10
260.76	3.066	-1.9286e-10
260.76	2.9337	-1.8481e-10
260.76	2.8284	-1.7699e-10
260.76	2.7279	-1.6917e-10
260.76	2.6089	-1.6162e-10
260.75	2.5362	-1.5422e-10
260.75	2.4653	-1.4687e-10
260.75	2.3566	-1.397e-10
260.75	2.2531	-1.3282e-10
260.75	2.1902	-1.2614e-10
260.75	2.1128	-1.1955e-10
260.75	2.0352	-1.1327e-10
260.75	1.9763	-1.0709e-10
260.75	1.8897	-1.0113e-10
260.75	1.8067	-9.5468e-11
260.75	1.755	-9.002e-11
260.75	1.692	-8.4694e-11
260.75	1.6295	-7.966e-11
260.75	1.5826	-7.4758e-11
260.75	1.5128	-7.0065e-11
260.75	1.4458	-6.5646e-11
260.75	1.404	-6.1425e-11
260.75	1.3532	-5.7334e-11
260.75	1.303	-5.3497e-11
260.75	1.2654	-4.979e-11
260.75	1.2094	-4.6268e-11
260.75	1.1557	-4.2976e-11
260.75	1.1221	-3.9856e-11
260.75	1.0894	-3.6855e-11
260.74	1.0412	-3.402e-11
260.74	1.0023	-3.1385e-11
260.74	0.96599	-2.8862e-11
260.74	0.92303	-2.6524e-11
260.74	0.89634	-2.4325e-11
260.74	0.87038	-2.2228e-11
260.74	0.83197	-2.0265e-11
260.74	0.80116	-1.8457e-11
260.74	0.77208	-1.6741e-11
260.74	0.73794	-1.5168e-11
260.74	0.7166	-1.3703e-11
260.74	0.69577	-1.2321e-11
260.74	0.66555	-1.1042e-11
260.74	0.64109	-9.8788e-12
260.74	0.61824	-8.7885e-12
260.74	0.59083	-7.8021e-12
260.74	0.57403	-6.897e-12
260.74	0.55788	-6.0562e-12
260.74	0.53381	-5.2904e-12
260.74	0.51448	-4.6065e-12
260.74	0.49629	-3.9781e-12
260.74	0.47467	-3.4209e-12
260.74	0.46155	-2.9212e-12
260.74	0.44879	-2.4682e-12
260.74	0.42966	-2.0669e-12
260.74	0.41121	-1.7189e-12
260.74	0.40006	-1.414e-12
260.74	0.38625	-1.145e-12
260.74	0.37274	-9.2387e-13
260.74	0.36276	-7.3428e-13
260.74	0.34758	-5.7545e-13
260.74	0.33293	-4.462e-13
260.74	0.3243	-3.4106e-13
260.74	0.31338	-2.5601e-13
260.74	0.30273	-1.9126e-13
260.74	0.29495	-1.4191e-13
260.74	0.28294	-1.0669e-13
260.74	0.27344	-8.3402e-14
260.74	0.26459	-6.8954e-14
260.74	0.25581	-6.1591e-14
260.74	0.24764	-5.8897e-14
260.74	0.23766	-5.8964e-14
260.74	0.23198	-5.9787e-14
260.74	0.22474	-5.9546e-14
260.74	0.21761	-5.6538e-14
260.74	0.21245	-4.8994e-14
260.74	0.20432	-3.5282e-14
260.74	0.19804	-1.4303e-14
260.74	0.1922	1.5916e-14
260.74	0.18638	5.576e-14
260.74	0.18086	1.077e-13
260.74	0.17417	1.7109e-13
260.74	0.17065	2.4764e-13
260.74	0.16587	3.3983e-13
260.74	0.16128	4.454e-13
260.74	0.15693	5.6859e-13
260.74	0.15261	7.0598e-13
260.74	0.14984	8.626e-13
260.74	0.14489	1.0367e-12
260.74	0.14106	1.2254e-12
260.74	0.13768	1.4351e-12
260.74	0.1345	1.6592e-12
260.74	0.13144	1.9051e-12
260.74	0.1274	2.1649e-12
260.74	0.1256	2.4422e-12
260.74	0.12303	2.7417e-12
260.74	0.1205	3.0537e-12
260.74	0.1182	3.388e-12
260.74	0.11597	3.7334e-12
260.74	0.1148	4.1006e-12
260.74	0.11195	4.4837e-12
260.74	0.11013	4.8756e-12
260.74	0.10845	5.288e-12
260.74	0.10684	5.7075e-12
260.74	0.1054	6.147e-12
260.74	0.10321	6.5909e-12
260.74	0.10278	7.0462e-12
260.74	0.10165	7.519e-12
260.74	0.10056	7.9936e-12
260.74	0.099603	8.484e-12
260.74	0.09869	8.9741e-12
260.74	0.098686	9.478e-12
260.74	0.097184	9.9873e-12
260.74	0.096511	1.0493e-11
260.74	0.095953	1.1009e-11
260.74	0.094649	1.1519e-11
260.74	0.094949	1.203e-11
260.74	0.094571	1.2549e-11
260.74	0.094218	1.3058e-11
260.74	0.093926	1.3573e-11
260.74	0.093645	1.4076e-11
260.74	0.094228	1.4582e-11
260.74	0.093301	1.5082e-11
260.74	0.093167	1.5567e-11
260.74	0.093085	1.6052e-11
260.74	0.09299	1.6519e-11
260.74	0.092993	1.6985e-11
260.74	0.092181	1.7431e-11
260.74	0.09293	1.7865e-11
260.74	0.092973	1.8293e-11
260.74	0.093005	1.87e-11
260.74	0.093084	1.9098e-11
260.74	0.093109	1.9474e-11
260.74	0.093927	1.9839e-11
260.74	0.093278	2.0186e-11
260.74	0.093319	2.0509e-11
260.74	0.093441	2.0818e-11
260.74	0.093474	2.1102e-11
260.74	0.093596	2.137e-11
260.74	0.092882	2.1613e-11
260.74	0.093671	2.1835e-11
260.74	0.093774	2.2038e-11
260.74	0.093752	2.2215e-11
260.74	0.093825	2.2372e-11
260.74	0.09369	2.2503e-11
260.74	0.094338	2.2613e-11
260.74	0.093339	2.2698e-11
260.74	0.092037	2.2758e-11
260.74	0.086468	2.2795e-11
260.74	0.0809	2.2807e-11
