50000	29.514	-0.24987
49164	28.335	-0.2586
48335	27.212	-0.26744
47512	26.531	-0.27689
46696	26.26	-0.28654
45886	26.216	-0.29679
45083	26.312	-0.30734
44286	26.503	-0.31851
43496	26.762	-0.33007
42713	27.083	-0.34229
41935	27.457	-0.35498
41165	27.87	-0.36838
40401	28.301	-0.38233
39643	28.766	-0.39705
38892	29.279	-0.4124
38147	29.837	-0.42862
37409	30.421	-0.44556
36677	31.021	-0.46346
35952	31.638	-0.48218
35234	32.284	-0.50198
34522	32.966	-0.52271
33817	33.693	-0.54465
33118	34.45	-0.56766
32426	35.227	-0.59205
31741	36.032	-0.61767
31062	36.885	-0.64479
30390	37.767	-0.67337
29725	38.662	-0.70368
29067	39.59	-0.73563
28415	40.591	-0.76954
27770	41.636	-0.80538
27132	42.709	-0.84343
26500	43.799	-0.88371
25876	44.943	-0.92658
25258	46.14	-0.97198
24647	47.407	-1.0204
24043	48.727	-1.0718
23446	50.086	-1.1265
22856	51.493	-1.1848
22273	52.975	-1.247
21697	54.543	-1.3134
21128	56.163	-1.3844
20566	57.82	-1.4602
20011	59.557	-1.5414
19463	61.413	-1.6283
18922	63.36	-1.7215
18389	65.36	-1.8216
17863	67.463	-1.929
17343	69.684	-2.0446
16832	72.006	-2.1691
16327	74.415	-2.3032
15830	76.915	-2.448
15340	79.567	-2.6044
14857	82.41	-2.7734
14382	85.396	-2.9566
13914	88.494	-3.155
13454	91.762	-3.3706
13001	95.22	-3.6048
12556	98.855	-3.8597
12118	102.7	-4.1375
11688	106.76	-4.4408
11265	111.05	-4.7721
10851	115.59	-5.1349
10443	120.4	-5.5326
10044	125.5	-5.9693
9652.5	130.9	-6.4493
9268.7	136.66	-6.9782
8892.8	142.78	-7.5617
8524.7	149.3	-8.2065
8164.7	156.21	-8.9201
7812.5	163.62	-9.7117
7468.4	171.51	-10.591
7132.2	179.97	-11.57
6804.2	189	-12.661
6484.2	198.71	-13.879
6172.4	209.06	-15.243
5868.7	220.25	-16.772
5573.2	232.22	-18.488
5285.9	245.16	-20.421
5006.9	258.92	-22.599
4736.1	273.82	-25.059
4473.6	289.7	-27.84
4219.3	306.86	-30.992
3973.4	324.89	-34.567
3735.8	344.13	-38.626
3506.6	364.07	-43.239
3285.7	385.09	-48.488
3073.3	406.13	-54.451
2869.4	427.7	-61.226
2674.1	448.63	-68.906
2487.4	469.8	-77.585
2309.6	489.39	-87.336
2140.7	509.17	-98.227
1981	527.58	-110.27
1830.4	547.61	-123.4
1689.3	567.1	-137.48
1557.5	589.8	-152.22
1435.1	612.63	-167.26
1321.9	639.24	-181.96
1217.8	664.85	-195.74
1122.4	692.56	-207.68
1035.3	716.62	-217.19
955.97	739.82	-223.35
883.96	757.09	-226.06
818.66	771.4	-224.71
759.5	779.81	-220.03
705.91	785.06	-211.89
657.35	786.59	-201.75
613.32	787.08	-189.66
573.38	787.11	-177.31
537.11	787.11	-164.42
504.16	787.11	-152.3
474.19	787.11	-140.3
446.92	787.11	-129.21
422.1	787.11	-118.4
399.5	787.11	-108.32
378.9	787.11	-98.558
360.14	787.11	-89.382
343.04	787.11	-80.567
327.46	787.11	-72.289
313.25	787.11	-64.427
300.3	787.11	-57.124
288.49	787.11	-50.29
277.73	787.11	-44.033
267.93	787.11	-38.283
258.98	787.11	-33.097
250.84	787.11	-28.417
243.41	787.11	-24.262
236.65	787.11	-20.58
230.48	787.11	-17.359
224.87	787.11	-14.553
219.75	787.11	-12.136
215.09	787.11	-10.063
210.85	787.11	-8.3012
206.99	787.11	-6.813
203.48	787.11	-5.5648
200.28	787.11	-4.5239
197.37	787.11	-3.6617
194.72	787.11	-2.9511
192.31	787.11	-2.3691
190.13	787.11	-1.8945
188.13	787.11	-1.5095
186.32	787.11	-1.1986
184.68	787.11	-0.94871
183.18	787.11	-0.74859
181.82	787.11	-0.58898
180.59	787.11	-0.46213
179.47	787.11	-0.36166
178.45	787.11	-0.28233
177.52	787.11	-0.21991
176.68	787.11	-0.1709
175.92	787.11	-0.13254
175.23	787.11	-0.10259
174.6	787.11	-0.079256
174.03	787.11	-0.061121
173.51	787.11	-0.047057
173.04	787.11	-0.03617
172.62	787.11	-0.027758
172.23	787.11	-0.021271
171.88	787.11	-0.016276
171.56	787.11	-0.012438
171.27	787.11	-0.009472
171.01	787.11	-0.0072372
170.77	787.11	-0.0054989
170.55	787.11	-0.0041921
170.36	787.11	-0.0031926
170.18	787.11	-0.0024183
170.02	787.11	-0.0018302
169.87	787.11	-0.0013901
169.74	787.11	-0.0010503
169.62	787.11	-0.0007966
169.51	787.11	-0.00060371
169.41	787.11	-0.00045517
169.32	787.11	-0.00034295
169.24	787.11	-0.00025939
169.17	787.11	-0.00019607
169.1	787.11	-0.00014743
169.04	787.11	-0.00011129
168.99	787.11	-8.3552e-05
168.94	787.11	-6.2674e-05
168.89	787.11	-4.7183e-05
168.85	787.11	-3.5481e-05
168.81	787.11	-2.6565e-05
168.78	787.11	-1.9942e-05
168.75	787.11	-1.4871e-05
168.72	787.11	-1.1067e-05
168.7	787.11	-8.2576e-06
168.67	787.11	-6.1465e-06
168.65	787.11	-4.5409e-06
168.64	787.11	-3.3609e-06
168.62	787.11	-2.4677e-06
168.6	787.11	-1.806e-06
168.59	787.11	-1.3243e-06
168.58	787.11	-9.6893e-07
168.57	787.11	-7.0467e-07
168.55	787.11	-5.1325e-07
168.55	787.11	-3.7781e-07
168.54	787.11	-2.8009e-07
168.53	787.11	-2.1296e-07
168.52	787.11	-1.6705e-07
168.52	787.11	-1.363e-07
168.51	787.11	-1.173e-07
168.5	787.11	-1.0772e-07
168.5	787.11	-1.0471e-07
168.5	787.11	-1.0516e-07
168.49	787.11	-1.059e-07
168.49	787.11	-1.0642e-07
168.48	787.11	-1.0673e-07
168.48	787.11	-1.0682e-07
168.48	787.11	-1.0672e-07
168.48	787.11	-1.064e-07
168.47	787.11	-1.059e-07
168.47	787.11	-1.0519e-07
168.47	787.11	-1.043e-07
168.47	787.11	-1.0326e-07
168.47	787.11	-1.0204e-07
168.47	787.11	-1.0068e-07
168.46	787.11	-9.9174e-08
168.46	787.11	-9.752e-08
168.46	787.11	-9.5731e-08
168.46	787.11	-9.3863e-08
168.46	787.11	-9.189e-08
168.46	787.11	-8.9804e-08
168.46	787.11	-8.7661e-08
168.46	787.11	-8.5416e-08
168.46	787.11	-8.3107e-08
168.46	787.11	-8.0787e-08
168.46	787.11	-7.8424e-08
168.45	787.11	-7.5992e-08
168.45	787.11	-7.3575e-08
168.45	787.11	-7.1103e-08
168.45	787.11	-6.8623e-08
168.45	787.11	-6.6182e-08
168.45	787.11	-6.3748e-08
168.45	787.11	-6.1288e-08
168.45	787.11	-5.8886e-08
168.45	787.11	-5.6469e-08
168.45	787.11	-5.4083e-08
168.45	787.11	-5.1768e-08
168.45	787.11	-4.9491e-08
168.45	787.11	-4.7219e-08
168.45	787.11	-4.4993e-08
168.45	787.11	-4.285e-08
168.45	787.11	-4.0723e-08
168.45	787.11	-3.8683e-08
168.45	787.11	-3.6697e-08
168.45	787.11	-3.4736e-08
168.45	787.11	-3.2833e-08
168.45	787.11	-3.1019e-08
168.45	787.11	-2.9235e-08
168.45	787.11	-2.7541e-08
168.45	787.11	-2.5905e-08
168.45	787.11	-2.4305e-08
168.45	787.11	-2.2766e-08
168.45	787.11	-2.1313e-08
168.45	787.11	-1.9896e-08
168.45	787.11	-1.8562e-08
168.45	787.11	-1.7287e-08
168.45	787.11	-1.605e-08
168.45	787.11	-1.4872e-08
168.45	787.11	-1.3768e-08
168.45	787.11	-1.2721e-08
168.45	787.11	-1.1712e-08
168.45	787.11	-1.0772e-08
168.45	787.11	-9.87e-09
168.45	787.11	-9.0198e-09
168.45	787.11	-8.2327e-09
168.45	787.11	-7.4934e-09
168.45	787.11	-6.7897e-09
168.45	787.11	-6.1424e-09
168.45	787.11	-5.5292e-09
168.45	787.11	-4.9592e-09
168.45	787.11	-4.4389e-09
168.44	787.11	-3.9573e-09
168.44	787.11	-3.5061e-09
168.44	787.11	-3.0979e-09
168.44	787.11	-2.718e-09
168.44	787.11	-2.3716e-09
168.44	787.11	-2.0617e-09
168.44	787.11	-1.7809e-09
168.44	787.11	-1.524e-09
168.44	787.11	-1.2939e-09
168.44	787.11	-1.0921e-09
168.44	787.11	-9.105e-10
168.44	787.11	-7.5329e-10
168.44	787.11	-6.1592e-10
168.44	787.11	-4.9513e-10
168.44	787.11	-3.9177e-10
168.44	787.11	-3.0561e-10
168.44	787.11	-2.3242e-10
168.44	787.11	-1.7314e-10
168.44	787.11	-1.2516e-10
168.44	787.11	-8.6652e-11
168.44	787.11	-5.7147e-11
168.44	787.11	-3.5653e-11
168.44	787.11	-2.0246e-11
168.44	787.11	-1.0528e-11
168.44	787.11	-6.0654e-12
168.44	787.11	-4.2236e-12
168.44	787.11	-4.0619e-12
168.44	787.11	-4.5795e-12
168.44	787.11	-4.8549e-12
168.44	787.11	-4.0017e-12
168.44	787.11	-1.205e-12
168.44	787.11	4.4344e-12
168.44	787.11	1.3667e-11
168.44	787.11	2.6974e-11
168.44	787.11	4.5129e-11
168.44	787.11	6.918e-11
168.44	787.11	9.8948e-11
168.44	787.11	1.3593e-10
168.44	787.11	1.8025e-10
168.44	787.11	2.3145e-10
168.44	787.11	2.9062e-10
168.44	787.11	3.5929e-10
168.44	787.11	4.356e-10
168.44	787.11	5.2234e-10
168.44	787.11	6.186e-10
168.44	787.11	7.2287e-10
168.44	787.11	8.3876e-10
168.44	787.11	9.6277e-10
168.44	787.11	1.099e-09
168.44	787.11	1.2432e-09
168.44	787.11	1.3975e-09
168.44	787.11	1.5647e-09
168.44	787.11	1.7396e-09
168.44	787.11	1.9276e-09
168.44	787.11	2.1261e-09
168.44	787.11	2.3315e-09
168.44	787.11	2.5504e-09
168.44	787.11	2.7757e-09
168.44	787.11	3.0143e-09
168.44	787.11	3.2587e-09
168.44	787.11	3.5122e-09
168.44	787.11	3.7791e-09
168.44	787.11	4.0504e-09
168.44	787.11	4.3347e-09
168.44	787.11	4.6227e-09
168.44	787.11	4.9234e-09
168.44	787.11	5.2319e-09
168.44	787.11	5.5427e-09
168.44	787.11	5.8653e-09
168.44	787.11	6.1894e-09
168.44	787.11	6.5249e-09
168.44	787.11	6.8608e-09
168.44	787.11	7.2019e-09
168.44	787.11	7.5535e-09
168.44	787.11	7.9039e-09
168.44	787.11	8.2641e-09
168.44	787.11	8.6221e-09
168.44	787.11	8.9895e-09
168.44	787.11	9.3584e-09
168.44	787.11	9.7251e-09
168.44	787.11	1.0099e-08
168.44	787.11	1.0468e-08
168.44	787.11	1.0843e-08
168.44	787.11	1.1213e-08
168.44	787.11	1.1584e-08
168.44	787.11	1.1959e-08
168.44	787.11	1.2327e-08
168.44	787.11	1.27e-08
168.44	787.11	1.3065e-08
168.44	787.11	1.3433e-08
168.44	787.11	1.3798e-08
168.44	787.11	1.4154e-08
168.44	787.11	1.4512e-08
168.44	787.11	1.486e-08
168.44	787.11	1.5203e-08
168.44	787.11	1.5547e-08
168.44	787.11	1.5879e-08
168.44	787.11	1.6211e-08
168.44	787.11	1.6531e-08
168.44	787.11	1.685e-08
168.44	787.11	1.7161e-08
168.44	787.11	1.7459e-08
168.44	787.11	1.7754e-08
168.44	787.11	1.8036e-08
168.44	787.11	1.8314e-08
168.44	787.11	1.8579e-08
168.44	787.11	1.8834e-08
168.44	787.11	1.9083e-08
168.44	787.11	1.9318e-08
168.44	787.11	1.9548e-08
168.44	787.11	1.9762e-08
168.44	787.11	1.9969e-08
168.44	787.11	2.0165e-08
168.44	787.11	2.0347e-08
168.44	787.11	2.0519e-08
168.44	787.11	2.0677e-08
168.44	787.11	2.0825e-08
168.44	787.11	2.096e-08
168.44	787.11	2.1082e-08
168.44	787.11	2.1193e-08
168.44	787.11	2.129e-08
168.44	787.11	2.1376e-08
168.44	787.11	2.1447e-08
168.44	787.11	2.1507e-08
168.44	787.11	2.1553e-08
168.44	787.11	2.1586e-08
168.44	787.11	2.1606e-08
168.44	787.11	2.1612e-08
