65000	32.002	-0.25598
63887	30.544	-0.26525
62784	29.153	-0.27444
61689	28.301	-0.28455
60604	27.941	-0.29467
59527	27.848	-0.30557
58460	27.908	-0.31669
57401	28.08	-0.32861
56351	28.34	-0.34084
55310	28.667	-0.35389
54278	29.051	-0.36736
53255	29.486	-0.38171
52241	29.961	-0.39655
51236	30.469	-0.41236
50239	31.011	-0.42876
49252	31.595	-0.44621
48273	32.219	-0.46436
47304	32.877	-0.48368
46343	33.558	-0.50381
45392	34.262	-0.52524
44449	34.999	-0.54762
43516	35.783	-0.57145
42591	36.597	-0.59638
41676	37.439	-0.62294
40770	38.318	-0.6508
39873	39.244	-0.68048
38985	40.205	-0.7117
38106	41.211	-0.74495
37237	42.25	-0.78
36377	43.322	-0.81736
35526	44.431	-0.85683
34684	45.604	-0.89896
33852	46.828	-0.94353
33029	48.099	-0.99116
32215	49.414	-1.0417
31411	50.796	-1.0957
30616	52.242	-1.1531
29831	53.748	-1.2146
29056	55.309	-1.2801
28290	56.941	-1.3503
27533	58.648	-1.4252
26786	60.436	-1.5058
26049	62.292	-1.5919
25322	64.233	-1.6845
24604	66.274	-1.7839
23896	68.417	-1.891
23198	70.641	-2.006
22510	72.962	-2.1303
21832	75.42	-2.2642
21163	78.017	-2.4091
20505	80.719	-2.5656
19857	83.541	-2.7353
19218	86.524	-2.9192
18590	89.674	-3.1191
17973	92.99	-3.3362
17365	96.486	-3.5728
16768	100.14	-3.8305
16181	103.97	-4.1121
15604	108.08	-4.4198
15038	112.41	-4.757
14482	116.97	-5.1266
13937	121.78	-5.5329
13402	126.91	-5.9797
12879	132.29	-6.4722
12365	138.01	-7.0159
11863	144.14	-7.6171
11372	150.69	-8.2832
10891	157.55	-9.0224
10421	164.85	-9.8442
9962.7	172.64	-10.759
9515.1	180.99	-11.781
9078.8	189.82	-12.923
8653.6	199.31	-14.201
8239.8	209.39	-15.636
7837.2	220.24	-17.249
7446.2	231.73	-19.066
7066.5	244.1	-21.115
6698.4	257.19	-23.43
6341.9	271.29	-26.05
5997.1	286.14	-29.017
5663.9	302.1	-32.384
5342.6	318.76	-36.204
5033	336.51	-40.542
4735.4	354.75	-45.466
4449.7	374.02	-51.053
4176.1	393.33	-57.375
3914.5	413.44	-64.514
3665.2	433.06	-72.532
3428	453.37	-81.489
3203.3	472.49	-91.394
2991	492.25	-102.22
2791.2	510.35	-113.86
2603.8	529.19	-126.12
2428.7	545.23	-138.66
2265.8	561.44	-151.01
2114.8	573.31	-162.6
1975.2	584.01	-172.69
1846.6	589.84	-180.64
1728.4	593.58	-185.72
1619.8	593.58	-187.72
1520.1	593.58	-186.25
1428.6	593.58	-181.98
1344.5	593.58	-174.98
1267.1	593.58	-166.67
1195.7	593.58	-157.1
1129.8	593.58	-147.74
1068.8	593.58	-138.19
1012.3	593.58	-129.38
959.77	593.58	-120.69
910.9	593.58	-112.58
865.36	593.58	-104.58
822.86	593.58	-97
783.16	593.58	-89.486
746.02	593.58	-82.375
711.24	593.58	-75.416
678.64	593.58	-68.849
648.06	593.58	-62.521
619.34	593.58	-56.579
592.37	593.58	-50.944
567.01	593.58	-45.702
543.17	593.58	-40.8
520.74	593.58	-36.283
499.63	593.58	-32.116
479.77	593.58	-28.315
461.07	593.58	-24.853
443.48	593.58	-21.726
426.92	593.58	-18.912
411.34	593.58	-16.396
396.69	593.58	-14.156
382.9	593.58	-12.175
369.95	593.58	-10.428
357.77	593.58	-8.8974
346.33	593.58	-7.5616
335.58	593.58	-6.402
325.49	593.58	-5.3996
316.03	593.58	-4.5374
307.15	593.58	-3.7987
298.82	593.58	-3.1688
291.03	593.58	-2.6341
283.72	593.58	-2.182
276.88	593.58	-1.8012
270.48	593.58	-1.482
264.5	593.58	-1.2153
258.9	593.58	-0.99351
253.67	593.58	-0.80967
248.78	593.58	-0.65787
244.21	593.58	-0.53293
239.95	593.58	-0.43053
235.98	593.58	-0.34685
232.27	593.58	-0.27869
228.81	593.58	-0.22335
225.58	593.58	-0.17857
222.58	593.58	-0.14242
219.77	593.58	-0.11333
217.16	593.58	-0.089987
214.73	593.58	-0.071304
212.47	593.58	-0.056385
210.37	593.58	-0.044502
208.4	593.58	-0.035059
206.58	593.58	-0.027571
204.88	593.58	-0.021645
203.3	593.58	-0.016931
201.84	593.58	-0.013278
200.47	593.58	-0.010355
199.2	593.58	-0.0080974
198.02	593.58	-0.0063237
196.92	593.58	-0.0049117
195.9	593.58	-0.0038103
194.96	593.58	-0.0029646
194.08	593.58	-0.0022944
193.26	593.58	-0.0017811
192.5	593.58	-0.0013813
191.79	593.58	-0.0010657
191.13	593.58	-0.00082149
190.53	593.58	-0.00063538
189.96	593.58	-0.00049101
189.43	593.58	-0.00037753
188.95	593.58	-0.00029129
188.49	593.58	-0.00022363
188.07	593.58	-0.00017156
187.68	593.58	-0.00013209
187.32	593.58	-0.00010163
186.98	593.58	-7.7821e-05
186.67	593.58	-5.9801e-05
186.38	593.58	-4.5732e-05
186.11	593.58	-3.4952e-05
185.86	593.58	-2.6813e-05
185.62	593.58	-2.0558e-05
185.41	593.58	-1.5684e-05
185.21	593.58	-1.2011e-05
185.02	593.58	-9.1522e-06
184.85	593.58	-6.9692e-06
184.69	593.58	-5.3265e-06
184.54	593.58	-4.0679e-06
184.4	593.58	-3.0906e-06
184.27	593.58	-2.346e-06
184.16	593.58	-1.7868e-06
184.05	593.58	-1.3534e-06
183.94	593.58	-1.0286e-06
183.85	593.58	-7.8054e-07
183.76	593.58	-5.8887e-07
183.68	593.58	-4.4352e-07
183.6	593.58	-3.3495e-07
183.53	593.58	-2.513e-07
183.47	593.58	-1.8901e-07
183.41	593.58	-1.4184e-07
183.35	593.58	-1.0569e-07
183.3	593.58	-7.8562e-08
183.25	593.58	-5.8524e-08
183.2	593.58	-4.3293e-08
183.16	593.58	-3.2124e-08
183.12	593.58	-2.3812e-08
183.09	593.58	-1.7572e-08
183.05	593.58	-1.3001e-08
183.02	593.58	-9.7186e-09
182.99	593.58	-7.3047e-09
182.97	593.58	-5.6022e-09
182.94	593.58	-4.3923e-09
182.92	593.58	-3.5331e-09
182.9	593.58	-2.9449e-09
182.88	593.58	-2.5562e-09
182.86	593.58	-2.3014e-09
182.84	593.58	-2.1382e-09
182.83	593.58	-2.042e-09
182.81	593.58	-1.9874e-09
182.8	593.58	-1.9601e-09
182.79	593.58	-1.9484e-09
182.77	593.58	-1.943e-09
182.76	593.58	-1.9369e-09
182.75	593.58	-1.9273e-09
182.74	593.58	-1.9137e-09
182.74	593.58	-1.8964e-09
182.73	593.58	-1.8761e-09
182.72	593.58	-1.8527e-09
182.71	593.58	-1.826e-09
182.71	593.58	-1.7972e-09
182.7	593.58	-1.7655e-09
182.69	593.58	-1.7315e-09
182.69	593.58	-1.6963e-09
182.68	593.58	-1.6593e-09
182.68	593.58	-1.6203e-09
182.68	593.58	-1.58e-09
182.67	593.58	-1.5392e-09
182.67	593.58	-1.497e-09
182.67	593.58	-1.4547e-09
182.66	593.58	-1.4119e-09
182.66	593.58	-1.3681e-09
182.66	593.58	-1.324e-09
182.65	593.58	-1.2807e-09
182.65	593.58	-1.2367e-09
182.65	593.58	-1.1937e-09
182.65	593.58	-1.1509e-09
182.65	593.58	-1.108e-09
182.64	593.58	-1.0655e-09
182.64	593.58	-1.0243e-09
182.64	593.58	-9.8326e-10
182.64	593.58	-9.4351e-10
182.64	593.58	-9.0465e-10
182.64	593.58	-8.6592e-10
182.64	593.58	-8.282e-10
182.64	593.58	-7.9198e-10
182.63	593.58	-7.5676e-10
182.63	593.58	-7.2195e-10
182.63	593.58	-6.8871e-10
182.63	593.58	-6.5596e-10
182.63	593.58	-6.2427e-10
182.63	593.58	-5.9412e-10
182.63	593.58	-5.6498e-10
182.63	593.58	-5.3641e-10
182.63	593.58	-5.0932e-10
182.63	593.58	-4.8281e-10
182.63	593.58	-4.5732e-10
182.63	593.58	-4.3321e-10
182.63	593.58	-4.1005e-10
182.63	593.58	-3.8747e-10
182.63	593.58	-3.6617e-10
182.63	593.58	-3.4544e-10
182.63	593.58	-3.2561e-10
182.63	593.58	-3.0695e-10
182.63	593.58	-2.8912e-10
182.63	593.58	-2.7181e-10
182.62	593.58	-2.553e-10
182.62	593.58	-2.3982e-10
182.62	593.58	-2.2483e-10
182.62	593.58	-2.1079e-10
182.62	593.58	-1.9743e-10
182.62	593.58	-1.8453e-10
182.62	593.58	-1.7228e-10
182.62	593.58	-1.6084e-10
182.62	593.58	-1.4982e-10
182.62	593.58	-1.3954e-10
182.62	593.58	-1.2981e-10
182.62	593.58	-1.2046e-10
182.62	593.58	-1.1163e-10
182.62	593.58	-1.0343e-10
182.62	593.58	-9.5568e-11
182.62	593.58	-8.8285e-11
182.62	593.58	-8.1427e-11
182.62	593.58	-7.4875e-11
182.62	593.58	-6.8729e-11
182.62	593.58	-6.3057e-11
182.62	593.58	-5.766e-11
182.62	593.58	-5.2695e-11
182.62	593.58	-4.8055e-11
182.62	593.58	-4.366e-11
182.62	593.58	-3.9572e-11
182.62	593.58	-3.5833e-11
182.62	593.58	-3.2363e-11
182.62	593.58	-2.9098e-11
182.62	593.58	-2.613e-11
182.62	593.58	-2.335e-11
182.62	593.58	-2.0793e-11
182.62	593.58	-1.8486e-11
182.62	593.58	-1.6372e-11
182.62	593.58	-1.4412e-11
182.62	593.58	-1.2656e-11
182.62	593.58	-1.1038e-11
182.62	593.58	-9.5763e-12
182.62	593.58	-8.2817e-12
182.62	593.58	-7.1013e-12
182.62	593.58	-6.064e-12
182.62	593.58	-5.1274e-12
182.62	593.58	-4.3126e-12
182.62	593.58	-3.6081e-12
182.62	593.58	-3.0146e-12
182.62	593.58	-2.5096e-12
182.62	593.58	-2.0697e-12
182.62	593.58	-1.6965e-12
182.62	593.58	-1.388e-12
182.62	593.58	-1.1278e-12
182.62	593.58	-9.1856e-13
182.62	593.58	-7.4756e-13
182.62	593.58	-6.1521e-13
182.62	593.58	-5.1335e-13
182.62	593.58	-4.3633e-13
182.62	593.58	-3.822e-13
182.62	593.58	-3.4493e-13
182.62	593.58	-3.2177e-13
182.62	593.58	-3.0826e-13
182.62	593.58	-3.0142e-13
182.62	593.58	-2.9809e-13
182.62	593.58	-2.9509e-13
182.62	593.58	-2.8998e-13
182.62	593.58	-2.801e-13
182.62	593.58	-2.6367e-13
182.62	593.58	-2.385e-13
182.62	593.58	-2.0238e-13
182.62	593.58	-1.5491e-13
182.62	593.58	-9.3154e-14
182.62	593.58	-1.8015e-14
182.62	593.58	7.3894e-14
182.62	593.58	1.8226e-13
182.62	593.58	3.0549e-13
182.62	593.58	4.4804e-13
182.62	593.58	6.0555e-13
182.62	593.58	7.8318e-13
182.62	593.58	9.7529e-13
182.62	593.58	1.1844e-12
182.62	593.58	1.4138e-12
182.62	593.58	1.6559e-12
182.62	593.58	1.918e-12
182.62	593.58	2.1909e-12
182.62	593.58	2.4829e-12
182.62	593.58	2.7885e-12
182.62	593.58	3.1019e-12
182.62	593.58	3.4322e-12
182.62	593.58	3.7676e-12
182.62	593.58	4.1124e-12
182.62	593.58	4.471e-12
182.62	593.58	4.8309e-12
182.62	593.58	5.2025e-12
182.62	593.58	5.5727e-12
182.62	593.58	5.952e-12
182.62	593.58	6.3332e-12
182.62	593.58	6.7089e-12
182.62	593.58	7.0899e-12
182.62	593.58	7.4628e-12
182.62	593.58	7.8381e-12
182.62	593.58	8.2028e-12
182.62	593.58	8.5614e-12
182.62	593.58	8.919e-12
182.62	593.58	9.2626e-12
182.62	593.58	9.601e-12
182.62	593.58	9.9243e-12
182.62	593.58	1.0241e-11
182.62	593.58	1.0544e-11
182.62	593.58	1.0828e-11
182.62	593.58	1.1101e-11
182.62	593.58	1.1353e-11
182.62	593.58	1.1594e-11
182.62	593.58	1.1812e-11
182.62	593.58	1.2012e-11
182.62	593.58	1.2196e-11
182.62	593.58	1.2357e-11
182.62	593.58	1.25e-11
182.62	593.58	1.262e-11
182.62	593.58	1.272e-11
182.62	593.58	1.2799e-11
182.62	593.58	1.2854e-11
182.62	593.58	1.2888e-11
182.62	593.58	1.2899e-11
