65000	25.86	-0.17208
63992	24.559	-0.17779
62992	23.289	-0.18332
61999	22.696	-0.18945
61013	22.457	-0.19548
60034	22.367	-0.20202
59063	22.414	-0.2086
58099	22.552	-0.21568
57142	22.713	-0.22284
56192	22.962	-0.23052
55250	23.262	-0.23834
54314	23.55	-0.2467
53386	23.892	-0.25523
52465	24.246	-0.26435
51551	24.641	-0.27369
50645	25.071	-0.28364
49746	25.484	-0.29386
48854	25.935	-0.30476
47969	26.436	-0.31598
47092	26.935	-0.32792
46222	27.466	-0.34025
45359	27.994	-0.35338
44503	28.556	-0.36696
43655	29.115	-0.3814
42815	29.765	-0.39639
41981	30.389	-0.41233
41155	31.027	-0.4289
40337	31.72	-0.44651
39526	32.432	-0.46486
38722	33.143	-0.48439
37926	33.936	-0.50476
37137	34.7	-0.52645
36356	35.517	-0.54914
35583	36.371	-0.57328
34817	37.251	-0.59857
34058	38.17	-0.62553
33307	39.119	-0.65382
32564	40.111	-0.68398
31829	41.136	-0.71571
31101	42.165	-0.74954
30381	43.273	-0.78525
29668	44.432	-0.82333
28964	45.634	-0.86358
28267	46.843	-0.90656
27578	48.201	-0.95209
26896	49.518	-1.0008
26223	50.888	-1.0524
25558	52.377	-1.1077
24900	53.933	-1.1665
24250	55.502	-1.2296
23609	57.141	-1.2968
22975	58.855	-1.3689
22350	60.721	-1.446
21732	62.606	-1.5289
21123	64.587	-1.6176
20521	66.662	-1.7132
19928	68.846	-1.8157
19343	71.138	-1.9264
18766	73.466	-2.0455
18198	76.001	-2.1743
17638	78.581	-2.3131
17086	81.291	-2.4636
16542	84.371	-2.6264
16007	87.402	-2.8031
15481	90.496	-2.9948
14963	93.997	-3.2036
14453	97.595	-3.4306
13952	101.26	-3.6783
13459	105.29	-3.9487
12975	109.57	-4.2447
12500	113.97	-4.5686
12033	118.83	-4.9241
11576	123.76	-5.3147
11127	129.12	-5.7447
10686	134.75	-6.2187
10255	140.84	-6.7424
9832.6	147.22	-7.3217
9419.1	154.11	-7.964
9014.6	161.32	-8.6773
8619.2	169.25	-9.4713
8232.8	177.51	-10.356
7855.5	186.56	-11.345
7487.4	196	-12.453
7128.5	206.48	-13.694
6778.8	217.33	-15.091
6438.4	229.4	-16.664
6107.2	241.88	-18.441
5785.4	255.81	-20.45
5473	270.07	-22.729
5170	286.05	-25.317
4876.4	302.12	-28.265
4592.3	320.06	-31.626
4317.8	337.66	-35.464
4053	357.32	-39.853
3797.8	375.83	-44.876
3552.6	396.69	-50.624
3317.3	415.05	-57.196
3092.2	436.64	-64.697
2877.5	454.72	-73.226
2673.4	477.64	-82.874
2480	495.9	-93.712
2297.6	522.19	-105.74
2126.3	542.91	-118.93
1966.1	575.67	-133.1
1817	600.35	-147.97
1678.9	639.1	-163.1
1551.4	665.06	-177.85
1434.3	704.81	-191.53
1326.9	726.47	-203.2
1228.7	758.52	-212.2
1139.1	769.52	-217.66
1057.2	787.19	-219.5
982.47	786.64	-217.28
914.13	789.04	-211.92
851.54	782.45	-203.49
794.09	776.23	-193.71
741.22	770.72	-182.71
692.45	763.69	-172.26
647.36	762.91	-161.9
605.59	759.19	-152.77
566.81	761.94	-144.05
530.74	761.97	-136.28
497.16	768.02	-128.79
465.83	772.66	-121.83
436.59	782.86	-114.95
409.26	791.6	-108.43
383.69	805.01	-101.95
359.76	817.34	-95.762
337.33	833.42	-89.643
316.31	848.71	-83.795
296.6	867.75	-78.067
278.11	886.28	-72.605
260.74	908.03	-67.305
244.44	929.53	-62.274
229.13	953.78	-57.453
214.74	978.13	-52.898
201.22	1004.9	-48.574
188.52	1031.9	-44.518
176.58	1061	-40.703
165.35	1091	-37.145
154.8	1122.9	-33.826
144.89	1155.2	-30.751
135.57	1189.5	-27.9
126.82	1224.9	-25.273
118.6	1261.8	-22.854
110.88	1299.8	-20.635
103.64	1339	-18.601
96.855	1379.2	-16.743
90.493	1420.7	-15.047
84.534	1463	-13.504
78.958	1506.3	-12.1
73.745	1550	-10.826
68.874	1594.3	-9.6706
64.327	1638.8	-8.6245
60.087	1683.2	-7.6789
56.136	1727.1	-6.8247
52.459	1770.4	-6.0541
49.04	1812.8	-5.36
45.863	1853.5	-4.7353
42.914	1892.3	-4.1744
40.18	1932.1	-3.671
37.647	1962.7	-3.2135
35.301	1993	-2.8174
33.132	2020.7	-2.453
31.127	2036.4	-2.1382
29.276	2062.8	-1.8582
27.567	2084.4	-1.6028
25.992	2085.4	-1.3777
24.54	2088.6	-1.185
23.203	2087.1	-1.0112
21.972	2072	-0.86323
20.84	2067.8	-0.73417
19.799	2057.3	-0.61932
18.843	2025.3	-0.52037
17.964	1988.3	-0.43735
17.157	1962.9	-0.36609
16.417	1925	-0.30386
15.738	1882	-0.25231
15.115	1843.8	-0.20776
14.543	1786.2	-0.17042
14.02	1726.3	-0.13985
13.54	1680.1	-0.11435
13.1	1624.3	-0.092745
12.698	1566.6	-0.075292
12.329	1516.3	-0.060653
11.992	1450.4	-0.048705
11.683	1385.1	-0.039162
11.4	1334.7	-0.031397
11.141	1278.4	-0.024995
10.904	1222.4	-0.019932
10.688	1174.4	-0.015787
10.49	1114.9	-0.012475
10.308	1057.4	-0.0098785
10.143	1014.2	-0.007806
9.9912	972.7	-0.00613
9.8527	920.96	-0.004806
9.726	876.59	-0.0037877
9.6102	835.09	-0.0029656
9.5043	789.92	-0.0023269
9.4075	756.93	-0.0018232
9.319	725.42	-0.0014208
9.2381	686.08	-0.0011063
9.1642	652.85	-0.00086464
9.0966	621.9	-0.00067288
9.0348	588.01	-0.00052613
8.9784	563.94	-0.00041195
8.9268	540.96	-0.00032203
8.8797	511.79	-0.00025281
8.8366	487.4	-0.00020044
8.7972	464.67	-0.00015966
8.7612	439.57	-0.00012908
8.7283	422.04	-0.00010585
8.6982	405.41	-8.8048e-05
8.6707	383.79	-7.477e-05
8.6456	365.84	-6.5089e-05
8.6227	349.12	-5.7869e-05
8.6017	330.48	-5.2725e-05
8.5825	317.7	-4.9047e-05
8.565	305.4	-4.6442e-05
8.549	289.26	-4.4666e-05
8.5343	273.92	-4.3563e-05
8.5209	263.32	-4.2885e-05
8.5087	251.52	-4.2402e-05
8.4975	240.03	-4.1932e-05
8.4873	230.9	-4.1392e-05
8.4779	218.75	-4.0787e-05
8.4693	207.18	-4.0144e-05
8.4615	199.32	-3.945e-05
8.4543	190.44	-3.8703e-05
8.4478	181.72	-3.7928e-05
8.4418	174.87	-3.7105e-05
8.4363	165.7	-3.6256e-05
8.4313	156.93	-3.5395e-05
8.4267	151.01	-3.4515e-05
8.4225	144.3	-3.3604e-05
8.4187	137.7	-3.2696e-05
8.4151	132.54	-3.1764e-05
8.4119	125.54	-3.0828e-05
8.4089	118.92	-2.9903e-05
8.4062	114.46	-2.898e-05
8.4037	110.14	-2.8045e-05
8.4015	104.33	-2.7115e-05
8.3994	99.569	-2.6209e-05
8.3975	95.132	-2.5297e-05
8.3957	90.114	-2.4411e-05
8.3941	86.709	-2.3539e-05
8.3926	83.442	-2.2666e-05
8.3913	79.07	-2.181e-05
8.39	75.444	-2.0985e-05
8.3889	72.074	-2.0163e-05
8.3879	68.262	-1.9373e-05
8.3869	65.705	-1.8602e-05
8.386	63.245	-1.7838e-05
8.3852	59.93	-1.7093e-05
8.3844	57.203	-1.6381e-05
8.3838	54.659	-1.5678e-05
8.3831	51.776	-1.5006e-05
8.3825	49.856	-1.4354e-05
8.382	48.016	-1.3711e-05
8.3815	45.516	-1.309e-05
8.3811	43.126	-1.2498e-05
8.3806	41.544	-1.1925e-05
8.3803	39.729	-1.1363e-05
8.3799	37.948	-1.0829e-05
8.3796	36.563	-1.0306e-05
8.3793	34.689	-9.8006e-06
8.379	32.904	-9.3218e-06
8.3787	31.723	-8.8605e-06
8.3785	30.365	-8.4092e-06
8.3783	29.033	-7.9822e-06
8.3781	27.995	-7.5649e-06
8.3779	26.601	-7.1637e-06
8.3777	25.26	-6.7849e-06
8.3776	24.379	-6.421e-06
8.3774	23.348	-6.0665e-06
8.3773	22.352	-5.7322e-06
8.3772	21.59	-5.4063e-06
8.377	20.529	-5.0947e-06
8.3769	19.51	-4.8013e-06
8.3768	18.854	-4.5206e-06
8.3767	18.22	-4.2481e-06
8.3766	17.334	-3.9881e-06
8.3766	16.61	-3.7439e-06
8.3765	15.942	-3.5072e-06
8.3764	15.163	-3.2853e-06
8.3764	14.662	-3.0741e-06
8.3763	14.174	-2.87e-06
8.3762	13.492	-2.6761e-06
8.3762	12.931	-2.495e-06
8.3761	12.409	-2.3204e-06
8.3761	11.8	-2.1576e-06
8.376	11.408	-2.0035e-06
8.376	11.018	-1.8554e-06
8.376	10.476	-1.7156e-06
8.3759	10.028	-1.5858e-06
8.3759	9.6069	-1.4616e-06
8.3759	9.1187	-1.3465e-06
8.3758	8.7937	-1.2383e-06
8.3758	8.4696	-1.1351e-06
8.3758	8.0245	-1.0385e-06
8.3757	7.6545	-9.4947e-07
8.3757	7.304	-8.6495e-07
8.3757	6.8974	-7.8736e-07
8.3757	6.6106	-7.1506e-07
8.3757	6.3314	-6.468e-07
8.3756	5.9583	-5.8346e-07
8.3756	5.5977	-5.2577e-07
8.3756	5.3334	-4.7239e-07
8.3756	5.0375	-4.224e-07
8.3756	4.7403	-3.7711e-07
8.3755	4.492	-3.349e-07
8.3755	4.1776	-2.9629e-07
8.3755	3.8773	-2.616e-07
8.3755	3.6456	-2.3e-07
8.3755	3.397	-2.0087e-07
8.3755	3.1488	-1.7494e-07
8.3755	2.9393	-1.5121e-07
8.3754	2.6892	-1.2993e-07
8.3754	2.4746	-1.1121e-07
8.3754	2.271	-9.429e-08
8.3754	2.0781	-7.9554e-08
8.3754	1.8968	-6.6373e-08
8.3754	1.7149	-5.5025e-08
8.3754	1.5686	-4.5154e-08
8.3754	1.4261	-3.65e-08
8.3754	1.2895	-2.922e-08
8.3753	1.1788	-2.2953e-08
8.3753	1.0569	-1.7712e-08
8.3753	0.95948	-1.3448e-08
8.3753	0.87122	-9.9183e-09
8.3753	0.79413	-7.1399e-09
8.3753	0.72715	-4.9295e-09
8.3753	0.66704	-3.273e-09
8.3753	0.6233	-2.1114e-09
8.3753	0.58562	-1.3031e-09
8.3753	0.55347	-7.842e-10
8.3753	0.53181	-4.7291e-10
8.3752	0.51462	-3.1993e-10
8.3752	0.51032	-2.6448e-10
8.3752	0.50133	-2.5795e-10
8.3752	0.50359	-2.5286e-10
8.3752	0.5094	-2.0612e-10
8.3752	0.52103	-8.1046e-11
8.3752	0.53627	1.614e-10
8.3752	0.54941	5.4413e-10
8.3752	0.57548	1.0967e-09
8.3752	0.60034	1.8562e-09
8.3752	0.62696	2.8189e-09
8.3752	0.65686	4.0333e-09
8.3752	0.68781	5.4753e-09
8.3752	0.72629	7.2022e-09
8.3752	0.75506	9.2035e-09
8.3752	0.78904	1.1448e-08
8.3752	0.82548	1.4012e-08
8.3752	0.86284	1.6815e-08
8.3752	0.90086	1.9947e-08
8.3752	0.93009	2.3305e-08
8.3752	0.9757	2.6932e-08
8.3751	1.0143	3.0887e-08
8.3751	1.0528	3.5034e-08
8.3751	1.0896	3.9496e-08
8.3751	1.1295	4.4124e-08
8.3751	1.1763	4.9048e-08
8.3751	1.2041	5.4181e-08
8.3751	1.2401	5.9427e-08
8.3751	1.2765	6.4935e-08
8.3751	1.3014	7.0513e-08
8.3751	1.3482	7.623e-08
8.3751	1.3822	8.2163e-08
8.3751	1.4165	8.8102e-08
8.3751	1.4482	9.4217e-08
8.3751	1.4811	1.003e-07
8.3751	1.5237	1.0652e-07
8.3751	1.5429	1.1276e-07
8.3751	1.5714	1.1891e-07
8.3751	1.6008	1.2512e-07
8.3751	1.6273	1.312e-07
8.3751	1.6546	1.3732e-07
8.3751	1.6657	1.4324e-07
8.3751	1.7043	1.4907e-07
8.3751	1.7269	1.5487e-07
8.3751	1.7497	1.6043e-07
8.3751	1.7705	1.6591e-07
8.3751	1.7912	1.7113e-07
8.3751	1.8237	1.7623e-07
8.3751	1.8284	1.8112e-07
8.3751	1.8438	1.8569e-07
8.3751	1.861	1.9009e-07
8.3751	1.8733	1.9416e-07
8.3751	1.8881	1.9801e-07
8.3751	1.8841	2.0152e-07
8.3751	1.9103	2.0473e-07
8.3751	1.9195	2.0768e-07
8.3751	1.9274	2.1027e-07
8.3751	1.9344	2.1257e-07
8.3751	1.9379	2.1449e-07
8.3751	1.9548	2.161e-07
8.3751	1.9383	2.1735e-07
8.3751	1.9128	2.1824e-07
8.3751	1.7991	2.1877e-07
8.3751	1.6854	2.1895e-07
