65000	11.738	-0.044022
64317	11.536	-0.044979
63637	11.339	-0.045944
62961	11.211	-0.046948
62288	11.118	-0.04796
61620	11.099	-0.049007
60955	11.079	-0.050072
60294	11.071	-0.051174
59636	11.087	-0.052297
58982	11.141	-0.053458
58332	11.199	-0.054645
57685	11.225	-0.05587
57042	11.279	-0.057124
56403	11.375	-0.058418
55767	11.453	-0.059743
55135	11.524	-0.061112
54506	11.627	-0.062514
53881	11.724	-0.063962
53260	11.801	-0.065447
52642	11.926	-0.066979
52028	12.032	-0.068553
51418	12.13	-0.070177
50811	12.266	-0.071845
50207	12.397	-0.073566
49608	12.506	-0.075335
49012	12.639	-0.077163
48419	12.782	-0.079041
47830	12.919	-0.080981
47245	13.066	-0.082977
46664	13.207	-0.085037
46085	13.358	-0.08716
45511	13.502	-0.089351
44940	13.658	-0.091609
44373	13.843	-0.093942
43809	14.004	-0.096345
43249	14.158	-0.098828
42693	14.363	-0.10139
42140	14.523	-0.10404
41591	14.695	-0.10677
41045	14.9	-0.10959
40503	15.078	-0.11251
39965	15.291	-0.11552
39430	15.52	-0.11864
38899	15.699	-0.12186
38372	15.891	-0.12519
37848	16.121	-0.12863
37327	16.368	-0.13219
36811	16.56	-0.13588
36298	16.768	-0.1397
35788	17.066	-0.14365
35283	17.284	-0.14774
34781	17.544	-0.15197
34282	17.824	-0.15636
33787	18.043	-0.16091
33296	18.279	-0.16562
32809	18.561	-0.1705
32325	18.864	-0.17557
31845	19.16	-0.18083
31368	19.479	-0.18627
30895	19.729	-0.19193
30426	19.998	-0.1978
29960	20.385	-0.20389
29498	20.735	-0.21022
29040	20.996	-0.2168
28586	21.319	-0.22363
28135	21.688	-0.23073
27688	22.042	-0.23811
27244	22.408	-0.24578
26804	22.772	-0.25377
26368	23.157	-0.26208
25936	23.539	-0.27072
25507	23.935	-0.27973
25082	24.354	-0.2891
24661	24.77	-0.29887
24243	25.202	-0.30905
23829	25.64	-0.31965
23419	26.086	-0.33072
23013	26.556	-0.34226
22610	27.036	-0.35429
22211	27.523	-0.36686
21816	28.018	-0.37997
21424	28.531	-0.39367
21036	29.053	-0.40798
20652	29.606	-0.42293
20272	30.158	-0.43856
19895	30.719	-0.45491
19522	31.302	-0.47201
19153	31.92	-0.48991
18788	32.537	-0.50865
18427	33.166	-0.52826
18069	33.819	-0.54882
17715	34.498	-0.57035
17365	35.176	-0.59294
17018	35.897	-0.61662
16676	36.631	-0.64147
16337	37.38	-0.66754
16002	38.143	-0.69492
15670	38.939	-0.72367
15343	39.749	-0.75388
15019	40.594	-0.78564
14699	41.455	-0.81903
14383	42.374	-0.85416
14071	43.271	-0.89113
13763	44.208	-0.93005
13458	45.205	-0.97103
13157	46.205	-1.0142
12860	47.223	-1.0597
12567	48.312	-1.1077
12278	49.373	-1.1584
11992	50.51	-1.2118
11710	51.693	-1.2682
11432	52.909	-1.3278
11158	54.118	-1.3907
10888	55.418	-1.4572
10622	56.74	-1.5276
10359	58.101	-1.602
10101	59.483	-1.6807
9845.9	60.938	-1.7641
9594.9	62.415	-1.8524
9347.7	64.012	-1.9459
9104.4	65.558	-2.045
8865	67.23	-2.15
8629.3	68.927	-2.2614
8397.5	70.68	-2.3796
8169.6	72.453	-2.5051
7945.4	74.379	-2.6382
7725.1	76.281	-2.7796
7508.7	78.301	-2.9297
7296	80.285	-3.0893
7087.2	82.45	-3.2587
6882.1	84.633	-3.4389
6680.9	86.897	-3.6303
6483.5	89.168	-3.8338
6289.9	91.661	-4.0502
6100.1	94.092	-4.2802
5914	96.613	-4.5249
5731.7	99.198	-4.7849
5553.2	102.05	-5.0613
5378.4	104.72	-5.3551
5207.4	107.59	-5.6674
5040.1	110.4	-5.999
4876.5	113.53	-6.351
4716.5	116.49	-6.7248
4560.3	119.68	-7.121
4407.8	122.64	-7.5412
4258.9	125.96	-7.9859
4113.6	129.14	-8.4564
3972	132.6	-8.9534
3834	135.82	-9.4778
3699.5	139.27	-10.03
3568.7	142.45	-10.611
3441.4	145.99	-11.22
3317.6	149.17	-11.858
3197.4	152.76	-12.523
3080.6	155.87	-13.216
2967.4	159.46	-13.934
2857.5	162.54	-14.675
2751.1	166.08	-15.437
2648.1	169.06	-16.218
2548.5	172.61	-17.012
2452.1	176.27	-17.814
2359.1	179.03	-18.616
2269.2	181.75	-19.424
2182.6	185.17	-20.211
2099	185.97	-20.994
2018.6	190.98	-21.753
1941.1	195.16	-22.464
1866.6	196.5	-23.133
1794.9	198.55	-23.771
1726	201.42	-24.335
1659.7	201.37	-24.86
1596.2	205.55	-25.323
1535.1	209.02	-25.691
1476.5	209.34	-25.994
1420.3	208.58	-26.254
1366.3	212.07	-26.456
1314.5	213.1	-26.561
1264.8	214.3	-26.645
1217.2	217.03	-26.636
1171.5	216.12	-26.579
1127.6	214.67	-26.501
1085.6	217.25	-26.385
1045.2	217.8	-26.18
1006.5	218.21	-25.973
969.32	220.27	-25.684
933.67	218.85	-25.358
899.45	217.28	-25.021
866.61	219.22	-24.65
835.09	219.45	-24.2
804.83	219.48	-23.752
775.78	221.36	-23.229
747.89	219.73	-22.676
721.12	218.11	-22.123
695.42	219.74	-21.543
670.74	221.46	-20.899
647.04	219.76	-20.233
624.29	219.64	-19.577
602.45	219.54	-18.872
581.49	217.84	-18.182
561.36	219.19	-17.481
542.04	220.6	-16.738
523.51	218.65	-15.992
505.73	218.34	-15.27
488.67	217.93	-14.522
472.31	215.96	-13.803
456.62	216.91	-13.091
441.58	217.89	-12.361
427.18	215.57	-11.644
413.38	214.8	-10.963
400.17	214.07	-10.277
387.52	211.68	-9.6285
375.43	211.98	-9
363.86	212.27	-8.3728
352.8	209.59	-7.7699
342.24	208.21	-7.2072
332.16	206.65	-6.6537
322.54	203.68	-6.1402
313.37	203.3	-5.6517
304.62	202.8	-5.1764
296.29	199.43	-4.7288
288.36	196	-4.318
280.82	195.02	-3.9326
273.65	192.69	-3.5635
266.84	190.06	-3.2283
260.38	188.67	-2.9096
254.24	184.63	-2.6153
248.42	180.51	-2.3502
242.91	178.71	-2.1065
237.69	175.64	-1.8783
232.75	172.35	-1.6746
228.07	170.19	-1.4853
223.66	165.66	-1.3141
219.49	161.07	-1.1626
215.55	158.61	-1.0259
211.83	155.06	-0.90077
208.33	151.42	-0.791
205.02	148.76	-0.69118
201.91	144.08	-0.60246
198.98	139.44	-0.52534
196.23	136.69	-0.45707
193.64	133.98	-0.39572
191.2	129.42	-0.34186
188.91	125.75	-0.29551
186.76	122.2	-0.25422
184.74	117.8	-0.21886
182.84	115.14	-0.18805
181.06	112.44	-0.16081
179.4	108.35	-0.13726
177.83	105	-0.11727
176.37	101.73	-0.099728
174.99	97.847	-0.084908
173.71	95.462	-0.072166
172.5	93.108	-0.061056
171.38	89.48	-0.05157
170.32	86.558	-0.043613
169.33	83.79	-0.036717
168.41	80.449	-0.030952
167.55	78.408	-0.026051
166.74	76.398	-0.021826
165.99	73.327	-0.018257
165.28	70.356	-0.015292
164.62	68.546	-0.012788
164.01	66.288	-0.010643
163.43	64.038	-0.0088708
162.89	62.376	-0.0073576
162.39	59.848	-0.006091
161.92	57.38	-0.0050484
161.48	55.871	-0.0041759
161.08	54.002	-0.0034363
160.69	52.154	-0.0028303
160.34	50.8	-0.0023182
160.01	48.71	-0.0018937
159.7	46.677	-0.0015477
159.41	45.449	-0.0012609
159.14	43.915	-0.0010205
158.89	42.404	-0.0008262
158.65	41.299	-0.00066337
158.43	39.57	-0.00053012
158.23	37.92	-0.00042298
158.04	36.909	-0.00033555
157.86	35.915	-0.00026341
157.69	34.439	-0.00020518
157.54	33.241	-0.00015908
157.39	32.111	-0.00012155
157.26	30.764	-9.2179e-05
157.13	29.941	-6.8921e-05
157.02	29.145	-5.0402e-05
156.91	27.926	-3.6069e-05
156.81	26.953	-2.5271e-05
156.71	26.039	-1.7004e-05
156.62	24.94	-1.1004e-05
156.54	24.273	-6.6923e-06
156.46	23.626	-3.6799e-06
156.39	22.635	-1.7488e-06
156.33	21.844	-6.6653e-07
156.26	21.098	-2.2575e-07
156.21	20.208	-1.9889e-07
156.15	19.666	-1.933e-07
156.1	19.14	-1.8764e-07
156.05	18.336	-1.8216e-07
156.01	17.696	-1.769e-07
155.97	17.095	-1.7167e-07
155.93	16.369	-1.6662e-07
155.9	15.927	-1.6168e-07
155.86	15.504	-1.5676e-07
155.83	14.847	-1.5192e-07
155.8	14.216	-1.4726e-07
155.78	13.835	-1.4268e-07
155.75	13.365	-1.3811e-07
155.73	12.895	-1.337e-07
155.71	12.542	-1.293e-07
155.69	12.009	-1.2498e-07
155.67	11.498	-1.2081e-07
155.65	11.188	-1.1672e-07
155.63	10.803	-1.1263e-07
155.62	10.42	-1.087e-07
155.6	10.134	-1.0477e-07
155.59	9.7	-1.0093e-07
155.58	9.353	-9.7231e-08
155.57	9.0271	-9.355e-08
155.55	8.7042	-9.0009e-08
155.54	8.3982	-8.649e-08
155.53	8.0331	-8.311e-08
155.53	7.8085	-7.9811e-08
155.52	7.5318	-7.6541e-08
155.51	7.258	-7.3406e-08
155.5	7.0535	-7.0304e-08
155.5	6.7454	-6.7287e-08
155.49	6.4974	-6.44e-08
155.48	6.2633	-6.1553e-08
155.48	6.0334	-5.8834e-08
155.47	5.815	-5.6155e-08
155.47	5.5561	-5.3603e-08
155.46	5.3956	-5.1131e-08
155.46	5.198	-4.8704e-08
155.46	5.0031	-4.6397e-08
155.45	4.8214	-4.4136e-08
155.45	4.6403	-4.199e-08
155.45	4.5047	-3.9891e-08
155.44	4.3047	-3.7871e-08
155.44	4.1416	-3.5961e-08
155.44	3.9905	-3.4098e-08
155.43	3.842	-3.2338e-08
155.43	3.7009	-3.0625e-08
155.43	3.5361	-2.9011e-08
155.43	3.4351	-2.7466e-08
155.43	3.3111	-2.5966e-08
155.42	3.1906	-2.4557e-08
155.42	3.0792	-2.3192e-08
155.42	2.9683	-2.1912e-08
155.42	2.8881	-2.0674e-08
155.42	2.767	-1.9953e-08
155.42	2.6723	-2.0344e-08
155.42	2.585	-2.0833e-08
155.42	2.5001	-2.14e-08
155.41	2.4216	-2.2049e-08
155.41	2.3276	-2.2754e-08
155.41	2.2761	-2.351e-08
155.41	2.2108	-2.4325e-08
155.41	2.1482	-2.5161e-08
155.41	2.0911	-2.6037e-08
155.41	2.036	-2.6917e-08
155.41	2.0018	-2.7823e-08
155.41	1.9395	-2.8733e-08
155.41	1.8958	-2.9627e-08
155.41	1.8565	-3.0529e-08
155.41	1.8048	-3.1407e-08
155.41	1.786	-3.227e-08
155.41	1.7557	-3.313e-08
155.41	1.7274	-3.3955e-08
155.41	1.7023	-3.4774e-08
155.41	1.6784	-3.5557e-08
155.41	1.6711	-3.6329e-08
155.41	1.6401	-3.7078e-08
155.41	1.6233	-3.7791e-08
155.41	1.6085	-3.8493e-08
155.41	1.595	-3.9162e-08
155.41	1.5849	-3.9821e-08
155.41	1.5619	-4.0447e-08
155.41	1.566	-4.1054e-08
155.41	1.559	-4.1652e-08
155.41	1.552	-4.2221e-08
155.41	1.5476	-4.2779e-08
155.41	1.5428	-4.3311e-08
155.41	1.5517	-4.3831e-08
155.4	1.5369	-4.4331e-08
155.4	1.534	-4.4802e-08
155.4	1.5329	-4.5259e-08
155.4	1.5309	-4.5684e-08
155.4	1.5305	-4.6092e-08
155.4	1.517	-4.6467e-08
155.4	1.5283	-4.6814e-08
155.4	1.5287	-4.7135e-08
155.4	1.5269	-4.7419e-08
155.4	1.5274	-4.7673e-08
155.4	1.5245	-4.7888e-08
155.4	1.5345	-4.8069e-08
155.4	1.5177	-4.821e-08
155.4	1.4963	-4.831e-08
155.4	1.4056	-4.8371e-08
155.4	1.3149	-4.8392e-08
