60000	38.837	-0.39221
58873	37.22	-0.40766
57756	35.683	-0.42335
56649	34.775	-0.44035
55553	34.42	-0.45774
54467	34.357	-0.47632
53391	34.474	-0.49558
52325	34.749	-0.51609
51270	35.135	-0.53745
50224	35.597	-0.56016
49189	36.121	-0.58387
48163	36.709	-0.60909
47148	37.36	-0.63549
46143	38.069	-0.66357
45148	38.825	-0.69303
44164	39.63	-0.72437
43189	40.482	-0.75731
42225	41.382	-0.79238
41270	42.319	-0.82932
40327	43.31	-0.86868
39393	44.355	-0.91023
38470	45.448	-0.95452
37556	46.575	-1.0014
36654	47.759	-1.0514
35761	48.998	-1.1044
34879	50.294	-1.161
34008	51.653	-1.2211
33147	53.085	-1.2855
32296	54.56	-1.3539
31456	56.087	-1.4272
30627	57.692	-1.5054
29808	59.387	-1.5893
28999	61.149	-1.679
28202	62.985	-1.7753
27415	64.901	-1.8785
26639	66.898	-1.9895
25873	68.992	-2.1088
25119	71.206	-2.2373
24375	73.532	-2.3757
23642	75.949	-2.5251
22921	78.476	-2.6864
22210	81.13	-2.8609
21510	83.904	-3.0497
20821	86.814	-3.2546
20144	89.892	-3.4767
19478	93.132	-3.7182
18823	96.546	-3.981
18179	100.14	-4.2674
17546	103.9	-4.5798
16926	107.84	-4.9212
16316	112.02	-5.2946
15718	116.44	-5.704
15132	121.09	-6.1532
14557	125.99	-6.6469
13994	131.2	-7.1903
13443	136.68	-7.7897
12904	142.51	-8.4514
12377	148.68	-9.1832
11861	155.24	-9.9941
11358	162.09	-10.894
10867	169.42	-11.894
10388	177.22	-13.008
9921.2	185.52	-14.25
9466.9	194.21	-15.637
9025	203.54	-17.189
8595.7	213.4	-18.927
8178.9	223.94	-20.878
7774.8	235.01	-23.069
7383.4	246.89	-25.533
7004.8	259.35	-28.308
6639	272.68	-31.433
6286.2	286.58	-34.956
5946.2	301.46	-38.928
5619.4	316.8	-43.401
5305.4	333.12	-48.439
5004.6	349.68	-54.096
4716.8	367.19	-60.437
4442.2	384.56	-67.51
4180.5	402.68	-75.362
3931.9	419.92	-84.007
3696.2	437.52	-93.433
3473.5	453.25	-103.57
3263.5	468.87	-114.28
3066.2	481.37	-125.33
2881.2	492.91	-136.39
2708.4	499.57	-147.02
2547.4	504.31	-156.67
2397.7	505.99	-164.81
2258.8	507.67	-170.8
2130.2	507.67	-174.37
2011.3	507.67	-175.13
1901.2	507.67	-173.48
1799.4	507.67	-169.39
1705.2	507.67	-163.91
1617.8	507.67	-157.01
1536.8	507.67	-149.83
1461.4	507.67	-141.97
1391.3	507.67	-134.2
1326	507.67	-126.02
1265	507.67	-118.05
1207.9	507.67	-109.86
1154.5	507.67	-101.94
1104.4	507.67	-94.002
1057.3	507.67	-86.383
1013	507.67	-78.924
971.29	507.67	-71.819
931.95	507.67	-64.999
894.8	507.67	-58.587
859.69	507.67	-52.548
826.46	507.67	-46.946
794.98	507.67	-41.751
765.14	507.67	-36.989
736.84	507.67	-32.631
709.96	507.67	-28.683
684.44	507.67	-25.112
660.18	507.67	-21.911
637.12	507.67	-19.046
615.19	507.67	-16.502
594.33	507.67	-14.247
574.49	507.67	-12.262
555.61	507.67	-10.518
537.65	507.67	-8.9967
520.56	507.67	-7.6707
504.31	507.67	-6.5217
488.85	507.67	-5.5284
474.14	507.67	-4.6736
460.16	507.67	-3.9396
446.87	507.67	-3.3124
434.24	507.67	-2.7774
422.23	507.67	-2.3227
410.84	507.67	-1.9376
400.01	507.67	-1.6122
389.74	507.67	-1.3381
379.99	507.67	-1.1079
370.75	507.67	-0.91513
361.98	507.67	-0.75411
353.67	507.67	-0.61995
345.8	507.67	-0.50852
338.35	507.67	-0.41616
331.29	507.67	-0.33983
324.61	507.67	-0.27689
318.29	507.67	-0.22512
312.31	507.67	-0.18265
306.66	507.67	-0.14789
301.31	507.67	-0.1195
296.27	507.67	-0.096375
291.5	507.67	-0.077574
287	507.67	-0.062322
282.75	507.67	-0.04998
278.74	507.67	-0.040011
274.96	507.67	-0.031975
271.39	507.67	-0.025509
268.03	507.67	-0.020318
264.86	507.67	-0.016158
261.87	507.67	-0.01283
259.05	507.67	-0.010172
256.4	507.67	-0.0080531
253.9	507.67	-0.0063668
251.55	507.67	-0.005027
249.34	507.67	-0.0039637
247.25	507.67	-0.0031215
245.29	507.67	-0.0024503
243.44	507.67	-0.001929
241.71	507.67	-0.0015107
240.07	507.67	-0.0011867
238.54	507.67	-0.00093118
237.09	507.67	-0.00072695
235.73	507.67	-0.00056694
234.45	507.67	-0.00044358
233.25	507.67	-0.0003453
232.12	507.67	-0.00026967
231.06	507.67	-0.00021043
230.06	507.67	-0.00016338
229.12	507.67	-0.00012674
228.24	507.67	-9.8642e-05
227.42	507.67	-7.6708e-05
226.64	507.67	-5.935e-05
225.91	507.67	-4.6074e-05
225.22	507.67	-3.5591e-05
224.58	507.67	-2.7473e-05
223.97	507.67	-2.128e-05
223.4	507.67	-1.6474e-05
222.87	507.67	-1.269e-05
222.37	507.67	-9.8102e-06
221.89	507.67	-7.546e-06
221.45	507.67	-5.8005e-06
221.04	507.67	-4.4742e-06
220.65	507.67	-3.4487e-06
220.28	507.67	-2.6451e-06
219.94	507.67	-2.0358e-06
219.61	507.67	-1.559e-06
219.31	507.67	-1.1929e-06
219.03	507.67	-9.1589e-07
218.76	507.67	-7.0263e-07
218.51	507.67	-5.3619e-07
218.27	507.67	-4.0882e-07
218.05	507.67	-3.1272e-07
217.85	507.67	-2.3792e-07
217.65	507.67	-1.8159e-07
217.47	507.67	-1.3843e-07
217.3	507.67	-1.0491e-07
217.14	507.67	-7.94e-08
216.99	507.67	-6.0261e-08
216.84	507.67	-4.5451e-08
216.71	507.67	-3.4373e-08
216.59	507.67	-2.5942e-08
216.47	507.67	-1.9446e-08
216.36	507.67	-1.4538e-08
216.26	507.67	-1.0888e-08
216.16	507.67	-8.0929e-09
216.07	507.67	-6.0291e-09
215.98	507.67	-4.4803e-09
215.9	507.67	-3.3061e-09
215.83	507.67	-2.4357e-09
215.76	507.67	-1.802e-09
215.69	507.67	-1.328e-09
215.63	507.67	-9.8672e-10
215.57	507.67	-7.3811e-10
215.52	507.67	-5.5594e-10
215.46	507.67	-4.2629e-10
215.42	507.67	-3.3623e-10
215.37	507.67	-2.7335e-10
215.33	507.67	-2.2956e-10
215.29	507.67	-2.0065e-10
215.25	507.67	-1.8141e-10
215.22	507.67	-1.6923e-10
215.18	507.67	-1.6191e-10
215.15	507.67	-1.5761e-10
215.12	507.67	-1.5517e-10
215.1	507.67	-1.5385e-10
215.07	507.67	-1.5302e-10
215.05	507.67	-1.5231e-10
215.02	507.67	-1.5149e-10
215	507.67	-1.5039e-10
214.98	507.67	-1.489e-10
214.96	507.67	-1.4703e-10
214.95	507.67	-1.4471e-10
214.93	507.67	-1.4201e-10
214.92	507.67	-1.3901e-10
214.9	507.67	-1.3571e-10
214.89	507.67	-1.3208e-10
214.87	507.67	-1.2821e-10
214.86	507.67	-1.242e-10
214.85	507.67	-1.1996e-10
214.84	507.67	-1.1564e-10
214.83	507.67	-1.1122e-10
214.82	507.67	-1.0664e-10
214.81	507.67	-1.0201e-10
214.8	507.67	-9.7427e-11
214.8	507.67	-9.2763e-11
214.79	507.67	-8.8189e-11
214.78	507.67	-8.3652e-11
214.78	507.67	-7.9095e-11
214.77	507.67	-7.4617e-11
214.76	507.67	-7.029e-11
214.76	507.67	-6.5998e-11
214.75	507.67	-6.1882e-11
214.75	507.67	-5.7891e-11
214.74	507.67	-5.3965e-11
214.74	507.67	-5.018e-11
214.74	507.67	-4.6597e-11
214.73	507.67	-4.3163e-11
214.73	507.67	-3.9824e-11
214.73	507.67	-3.6694e-11
214.72	507.67	-3.367e-11
214.72	507.67	-3.0806e-11
214.72	507.67	-2.8143e-11
214.71	507.67	-2.5631e-11
214.71	507.67	-2.3233e-11
214.71	507.67	-2.1021e-11
214.71	507.67	-1.8924e-11
214.71	507.67	-1.6971e-11
214.7	507.67	-1.5187e-11
214.7	507.67	-1.3536e-11
214.7	507.67	-1.199e-11
214.7	507.67	-1.0591e-11
214.7	507.67	-9.2898e-12
214.69	507.67	-8.1055e-12
214.69	507.67	-7.0457e-12
214.69	507.67	-6.0881e-12
214.69	507.67	-5.212e-12
214.69	507.67	-4.4289e-12
214.69	507.67	-3.7422e-12
214.69	507.67	-3.1248e-12
214.69	507.67	-2.5909e-12
214.69	507.67	-2.1249e-12
214.68	507.67	-1.715e-12
214.68	507.67	-1.3635e-12
214.68	507.67	-1.0702e-12
214.68	507.67	-8.2069e-13
214.68	507.67	-6.2271e-13
214.68	507.67	-4.6235e-13
214.68	507.67	-3.3346e-13
214.68	507.67	-2.3414e-13
214.68	507.67	-1.6174e-13
214.68	507.67	-1.0962e-13
214.68	507.67	-7.5618e-14
214.68	507.67	-5.5121e-14
214.68	507.67	-4.4808e-14
214.68	507.67	-4.1913e-14
214.68	507.67	-4.2961e-14
214.67	507.67	-4.542e-14
214.67	507.67	-4.6034e-14
214.67	507.67	-4.2497e-14
214.67	507.67	-3.1899e-14
214.67	507.67	-1.2098e-14
214.67	507.67	1.8605e-14
214.67	507.67	6.2464e-14
214.67	507.67	1.2275e-13
214.67	507.67	1.9898e-13
214.67	507.67	2.955e-13
214.67	507.67	4.1292e-13
214.67	507.67	5.5048e-13
214.67	507.67	7.1091e-13
214.67	507.67	8.9892e-13
214.67	507.67	1.1095e-12
214.67	507.67	1.3506e-12
214.67	507.67	1.6201e-12
214.67	507.67	1.914e-12
214.67	507.67	2.2425e-12
214.67	507.67	2.5959e-12
214.67	507.67	2.9861e-12
214.67	507.67	3.4015e-12
214.67	507.67	3.8485e-12
214.67	507.67	4.3351e-12
214.67	507.67	4.8466e-12
214.67	507.67	5.3993e-12
214.67	507.67	5.9858e-12
214.67	507.67	6.5955e-12
214.67	507.67	7.2489e-12
214.67	507.67	7.9247e-12
214.67	507.67	8.644e-12
214.67	507.67	9.3846e-12
214.67	507.67	1.0157e-11
214.67	507.67	1.0974e-11
214.67	507.67	1.1809e-11
214.67	507.67	1.2689e-11
214.67	507.67	1.3585e-11
214.67	507.67	1.4526e-11
214.67	507.67	1.5496e-11
214.67	507.67	1.6478e-11
214.67	507.67	1.7503e-11
214.67	507.67	1.8539e-11
214.67	507.67	1.9617e-11
214.67	507.67	2.0701e-11
214.67	507.67	2.1808e-11
214.67	507.67	2.2956e-11
214.67	507.67	2.4105e-11
214.67	507.67	2.5293e-11
214.67	507.67	2.6479e-11
214.67	507.67	2.7701e-11
214.67	507.67	2.8939e-11
214.67	507.67	3.017e-11
214.67	507.67	3.1434e-11
214.67	507.67	3.2688e-11
214.67	507.67	3.3971e-11
214.67	507.67	3.5241e-11
214.67	507.67	3.6517e-11
214.67	507.67	3.7816e-11
214.67	507.67	3.9097e-11
214.67	507.67	4.04e-11
214.67	507.67	4.168e-11
214.67	507.67	4.2978e-11
214.67	507.67	4.427e-11
214.67	507.67	4.5535e-11
214.67	507.67	4.6811e-11
214.67	507.67	4.8057e-11
214.67	507.67	4.9291e-11
214.67	507.67	5.053e-11
214.67	507.67	5.1734e-11
214.67	507.67	5.2939e-11
214.67	507.67	5.4106e-11
214.67	507.67	5.5271e-11
214.67	507.67	5.6412e-11
214.67	507.67	5.7508e-11
214.67	507.67	5.8599e-11
214.67	507.67	5.9641e-11
214.67	507.67	6.0677e-11
214.67	507.67	6.1658e-11
214.67	507.67	6.2612e-11
214.67	507.67	6.3544e-11
214.67	507.67	6.4427e-11
214.67	507.67	6.5286e-11
214.67	507.67	6.6093e-11
214.67	507.67	6.6875e-11
214.67	507.67	6.7617e-11
214.67	507.67	6.8304e-11
214.67	507.67	6.8957e-11
214.67	507.67	6.9557e-11
214.67	507.67	7.0122e-11
214.67	507.67	7.0634e-11
214.67	507.67	7.1098e-11
214.67	507.67	7.1519e-11
214.67	507.67	7.189e-11
214.67	507.67	7.2218e-11
214.67	507.67	7.249e-11
214.67	507.67	7.2718e-11
214.67	507.67	7.2895e-11
214.67	507.67	7.302e-11
214.67	507.67	7.3097e-11
214.67	507.67	7.3125e-11
