75000	33.188	-0.38307
73678	32.033	-0.39713
72368	30.917	-0.41152
71070	30.344	-0.42688
69782	30.172	-0.44269
68506	30.149	-0.45942
67242	30.276	-0.47679
65988	30.496	-0.49514
64746	30.796	-0.51426
63515	31.16	-0.53444
62296	31.584	-0.55551
61087	32.034	-0.57776
59890	32.555	-0.60103
58704	33.096	-0.62561
57529	33.69	-0.65136
56366	34.325	-0.67858
55214	34.991	-0.70714
54073	35.674	-0.73733
52943	36.408	-0.76908
51825	37.162	-0.80267
50718	37.973	-0.83803
49622	38.81	-0.87548
48538	39.693	-0.91496
47465	40.585	-0.95682
46404	41.548	-1.001
45354	42.522	-1.0479
44316	43.576	-1.0975
43289	44.644	-1.1503
42274	45.734	-1.2061
41270	46.882	-1.2655
40278	48.127	-1.3285
39298	49.368	-1.3957
38329	50.663	-1.467
37372	52.031	-1.5431
36427	53.461	-1.6241
35493	54.917	-1.7107
34572	56.44	-1.803
33662	58.05	-1.9018
32764	59.74	-2.0073
31878	61.463	-2.1204
31004	63.27	-2.2415
30143	65.149	-2.3714
29293	67.161	-2.5108
28455	69.218	-2.6607
27630	71.343	-2.8219
26817	73.595	-2.9955
26016	75.97	-3.1825
25227	78.448	-3.3844
24451	81.015	-3.6023
23687	83.746	-3.8382
22936	86.524	-4.0933
22197	89.481	-4.3699
21471	92.609	-4.67
20758	95.885	-4.9959
20057	99.221	-5.3505
19369	102.85	-5.7365
18693	106.63	-6.1574
18031	110.68	-6.6169
17382	114.81	-7.1191
16746	119.16	-7.6686
16122	123.67	-8.271
15512	128.62	-8.9317
14915	133.68	-9.6578
14332	139.13	-10.456
13762	144.69	-11.336
13205	150.83	-12.306
12662	156.96	-13.378
12132	163.75	-14.562
11616	170.66	-15.873
11114	178.03	-17.326
10625	185.66	-18.938
10151	194	-20.727
9690	202.24	-22.715
9243.2	211.73	-24.925
8810.4	220.74	-27.384
8391.8	231.04	-30.119
7987.1	240.91	-33.163
7596.7	252.25	-36.547
7220.4	262.75	-40.308
6858.3	275.09	-44.478
6510.2	286.08	-49.097
6176.5	299.16	-54.193
5856.7	310.22	-59.798
5551.1	323.81	-65.925
5259.5	334.24	-72.579
4981.8	347.71	-79.74
4717.9	356.56	-87.357
4467.7	369.19	-95.341
4231	375.17	-103.55
4007.5	385.7	-111.79
3797	387.27	-119.79
3599.2	393.79	-127.27
3413.7	389.55	-133.86
3240	390.32	-139.26
3077.6	379.63	-143.13
2925.9	373.59	-145.38
2784.4	357.91	-145.81
2652.4	346.58	-144.73
2529.2	329.3	-142.1
2414.3	314.73	-138.53
2306.9	298.23	-133.91
2206.6	282.34	-128.87
2112.7	268.1	-123.12
2024.7	253.02	-117.24
1942.2	241.68	-110.88
1864.7	229.89	-104.54
1791.8	221.9	-97.944
1723.2	212.02	-91.476
1658.4	206.13	-84.93
1597.3	198.67	-78.591
1539.5	194.32	-72.336
1484.8	188.44	-66.346
1432.9	185.33	-60.554
1383.6	180.96	-55.069
1336.8	179.18	-49.858
1292.2	176.08	-44.981
1249.8	174.97	-40.417
1209.3	172.85	-36.196
1170.7	171.98	-32.296
1133.8	170.39	-28.725
1098.6	170.02	-25.46
1064.8	168.84	-22.498
1032.6	168.59	-19.818
1001.7	167.74	-17.409
972.07	167.58	-15.245
943.72	166.97	-13.316
916.54	166.83	-11.597
890.49	166.31	-10.075
865.51	166.15	-8.7301
841.56	165.65	-7.5471
818.58	165.4	-6.5076
796.55	164.88	-5.5995
775.42	164.49	-4.8063
755.15	163.88	-4.1172
735.72	163.35	-3.519
717.08	162.62	-3.0017
699.22	161.9	-2.5551
682.09	161.01	-2.1708
665.67	160.14	-1.8407
649.94	159.07	-1.5579
634.86	157.96	-1.3161
620.42	156.76	-1.1098
606.59	155.44	-0.93418
593.34	153.99	-0.78504
580.67	152.5	-0.65851
568.53	150.9	-0.55148
556.92	149.26	-0.46107
545.81	147.42	-0.38486
535.19	145.56	-0.32074
525.03	143.64	-0.26687
515.32	141.65	-0.2217
506.05	139.55	-0.18391
497.18	137.43	-0.15233
488.72	135.24	-0.12598
480.63	133.02	-0.10404
472.91	130.71	-0.085797
465.55	128.34	-0.070655
458.52	125.94	-0.058105
451.81	123.59	-0.04772
445.42	121.18	-0.03914
439.32	119.07	-0.03206
433.51	116.31	-0.02618
427.97	113.8	-0.021431
422.69	111.38	-0.017457
417.66	108.22	-0.014256
412.87	106.49	-0.011629
408.31	104.74	-0.00944
403.97	101.65	-0.0076549
399.84	99.23	-0.0062236
395.9	96.884	-0.005036
392.16	93.902	-0.0040861
388.59	92.235	-0.0033122
385.21	90.571	-0.0026723
381.98	87.696	-0.002154
378.92	84.9	-0.0017412
376.01	83.328	-0.0014063
373.23	81.217	-0.0011307
370.6	79.086	-0.00091168
368.1	77.58	-0.00073183
365.72	75.036	-0.00058702
363.46	72.557	-0.00047227
361.31	71.154	-0.00037967
359.27	69.279	-0.0003039
357.34	67.421	-0.000244
355.5	66.097	-0.00019505
353.75	63.877	-0.00015582
352.09	61.724	-0.00012488
350.51	60.518	-0.00010002
349.02	58.893	-7.9774e-05
347.6	57.287	-6.3828e-05
346.25	56.182	-5.0854e-05
344.97	54.266	-4.0497e-05
343.75	52.399	-3.2354e-05
342.6	51.358	-2.5837e-05
341.5	50.356	-2.0547e-05
340.47	48.641	-1.6333e-05
339.48	47.292	-1.3026e-05
338.55	46.016	-1.0345e-05
337.66	44.465	-8.2427e-06
336.82	43.592	-6.5647e-06
336.02	42.71	-5.2064e-06
335.26	41.254	-4.1274e-06
334.54	40.151	-3.2827e-06
333.86	39.082	-2.6008e-06
333.21	37.723	-2.0674e-06
332.6	36.988	-1.6429e-06
332.02	36.269	-1.3002e-06
331.47	35.026	-1.0286e-06
330.94	34.074	-8.1648e-07
330.45	33.168	-6.4545e-07
329.97	32.022	-5.1201e-07
329.53	31.402	-4.06e-07
329.1	30.802	-3.2061e-07
328.7	29.747	-2.5311e-07
328.32	28.938	-2.0049e-07
327.96	28.174	-1.5816e-07
327.62	27.202	-1.2519e-07
327.29	26.68	-9.9061e-08
326.99	26.17	-7.8054e-08
326.69	25.276	-6.1477e-08
326.42	24.405	-4.8586e-08
326.15	23.939	-3.8382e-08
325.91	23.313	-3.0189e-08
325.67	22.678	-2.3827e-08
325.45	22.25	-1.8723e-08
325.23	21.489	-1.4705e-08
325.03	20.75	-1.1587e-08
324.84	20.354	-9.1246e-09
324.66	19.819	-7.1532e-09
324.49	19.287	-5.6255e-09
324.33	18.92	-4.4039e-09
324.17	18.281	-3.4449e-09
324.03	17.651	-2.703e-09
323.89	17.312	-2.1192e-09
323.76	16.863	-1.6533e-09
323.63	16.414	-1.2936e-09
323.51	16.096	-1.007e-09
323.4	15.55	-7.828e-10
323.3	15.017	-6.1006e-10
323.2	14.728	-4.7449e-10
323.1	14.458	-3.6673e-10
323.01	13.967	-2.832e-10
322.92	13.592	-2.1965e-10
322.84	13.237	-1.6987e-10
322.77	12.776	-1.3228e-10
322.69	12.534	-1.0351e-10
322.62	12.31	-8.1345e-11
322.56	11.89	-6.4714e-11
322.5	11.568	-5.2536e-11
322.44	11.266	-4.3458e-11
322.38	10.879	-3.7029e-11
322.33	10.675	-3.2505e-11
322.28	10.476	-2.9415e-11
322.23	10.119	-2.7479e-11
322.19	9.848	-2.6398e-11
322.14	9.5908	-2.5925e-11
322.1	9.261	-2.5914e-11
322.06	9.089	-2.6222e-11
322.03	8.9198	-2.6764e-11
321.99	8.6143	-2.7462e-11
321.96	8.319	-2.8241e-11
321.93	8.1637	-2.9068e-11
321.9	7.952	-2.9926e-11
321.87	7.739	-3.0761e-11
321.84	7.5936	-3.1585e-11
321.82	7.333	-3.2364e-11
321.8	7.0822	-3.3084e-11
321.77	6.9509	-3.3747e-11
321.75	6.7678	-3.4358e-11
321.73	6.5866	-3.4899e-11
321.71	6.4658	-3.5385e-11
321.69	6.2434	-3.5805e-11
321.68	6.0283	-3.6156e-11
321.66	5.9171	-3.6447e-11
321.64	5.7608	-3.6685e-11
321.63	5.606	-3.6863e-11
321.62	5.5019	-3.699e-11
321.6	5.3136	-3.7062e-11
321.59	5.1303	-3.7087e-11
321.58	5.0313	-3.7066e-11
321.57	4.9384	-3.6999e-11
321.56	4.7702	-3.689e-11
321.54	4.6402	-3.6747e-11
321.54	4.5203	-3.6564e-11
321.53	4.3625	-3.6352e-11
321.52	4.2775	-3.6108e-11
321.51	4.1973	-3.5831e-11
321.5	4.0544	-3.5529e-11
321.49	3.9442	-3.5205e-11
321.49	3.8395	-3.4855e-11
321.48	3.7062	-3.4492e-11
321.47	3.6347	-3.4109e-11
321.47	3.5657	-3.3705e-11
321.46	3.4418	-3.3284e-11
321.46	3.3472	-3.286e-11
321.45	3.2578	-3.2418e-11
321.45	3.1442	-3.1974e-11
321.44	3.0829	-3.152e-11
321.44	3.0232	-3.1054e-11
321.43	2.9177	-3.0583e-11
321.43	2.8367	-3.0117e-11
321.43	2.7602	-2.9638e-11
321.42	2.6626	-2.9167e-11
321.42	2.6104	-2.8696e-11
321.41	2.5591	-2.8217e-11
321.41	2.4688	-2.7738e-11
321.41	2.3812	-2.7269e-11
321.41	2.3338	-2.6805e-11
321.4	2.2697	-2.6336e-11
321.4	2.2058	-2.5876e-11
321.4	2.1621	-2.5417e-11
321.4	2.0849	-2.496e-11
321.39	2.0106	-2.4519e-11
321.39	1.9706	-2.4083e-11
321.39	1.9154	-2.3646e-11
321.39	1.8613	-2.3224e-11
321.39	1.8238	-2.2801e-11
321.39	1.7585	-2.2386e-11
321.38	1.7087	-2.1985e-11
321.38	1.6617	-2.1586e-11
321.38	1.6144	-2.1201e-11
321.38	1.5695	-2.0817e-11
321.38	1.5138	-2.0448e-11
321.38	1.4835	-2.0087e-11
321.38	1.4418	-1.9729e-11
321.37	1.402	-1.9384e-11
321.37	1.3742	-1.9042e-11
321.37	1.3255	-1.8709e-11
321.37	1.289	-1.8389e-11
321.37	1.2536	-1.8072e-11
321.37	1.2197	-1.7768e-11
321.37	1.1881	-1.7467e-11
321.37	1.1464	-1.718e-11
321.37	1.1252	-1.69e-11
321.37	1.0961	-1.6623e-11
321.37	1.0667	-1.6359e-11
321.37	1.0403	-1.6097e-11
321.36	1.0136	-1.5848e-11
321.36	0.99635	-1.5601e-11
321.36	0.96438	-1.5362e-11
321.36	0.94084	-1.5134e-11
321.36	0.91888	-1.4909e-11
321.36	0.8974	-1.4695e-11
321.36	0.87735	-1.4484e-11
321.36	0.85096	-1.4282e-11
321.36	0.83935	-1.4087e-11
321.36	0.82201	-1.3895e-11
321.36	0.80509	-1.3712e-11
321.36	0.78943	-1.3533e-11
321.36	0.774	-1.3362e-11
321.36	0.76587	-1.3193e-11
321.36	0.74637	-1.3031e-11
321.36	0.73337	-1.2876e-11
321.36	0.72167	-1.2725e-11
321.36	0.71012	-1.2581e-11
321.36	0.69949	-1.2439e-11
321.36	0.68395	-1.2305e-11
321.36	0.68022	-1.2175e-11
321.36	0.67163	-1.2048e-11
321.36	0.66319	-1.1928e-11
321.36	0.65566	-1.181e-11
321.36	0.64866	-1.1698e-11
321.36	0.64728	-1.1588e-11
321.36	0.636	-1.1483e-11
321.36	0.63029	-1.1383e-11
321.36	0.62552	-1.1286e-11
321.36	0.61564	-1.1194e-11
321.36	0.61603	-1.1106e-11
321.36	0.61251	-1.102e-11
321.36	0.60889	-1.0938e-11
321.36	0.60548	-1.0859e-11
321.36	0.60228	-1.0785e-11
321.36	0.60465	-1.0712e-11
321.36	0.59782	-1.0643e-11
321.36	0.59565	-1.0578e-11
321.36	0.59353	-1.0515e-11
321.36	0.59165	-1.0456e-11
321.36	0.59052	-1.0399e-11
321.36	0.58443	-1.0345e-11
321.36	0.58798	-1.0294e-11
321.36	0.58722	-1.0246e-11
321.36	0.5862	-1.02e-11
321.36	0.58568	-1.0157e-11
321.36	0.58496	-1.0117e-11
321.36	0.5892	-1.0079e-11
321.36	0.5842	-1.0044e-11
321.36	0.5837	-1.0011e-11
321.36	0.5837	-9.9803e-12
321.36	0.58318	-9.9523e-12
321.36	0.58324	-9.9264e-12
321.36	0.57825	-9.9033e-12
321.36	0.58262	-9.8823e-12
321.36	0.58279	-9.8635e-12
321.36	0.58205	-9.847e-12
321.36	0.58222	-9.8326e-12
321.36	0.58106	-9.8207e-12
321.36	0.58485	-9.8108e-12
321.36	0.57841	-9.8031e-12
321.36	0.57023	-9.7975e-12
321.36	0.53561	-9.7943e-12
321.36	0.501	-9.7934e-12
