70000	30.078	-0.22073
68842	28.521	-0.22851
67693	27.005	-0.23611
66554	26.262	-0.24456
65423	25.978	-0.2529
64301	25.872	-0.26197
63188	25.909	-0.27112
62085	26.078	-0.28099
60990	26.308	-0.29103
59904	26.589	-0.3018
58827	26.929	-0.31282
57758	27.3	-0.32461
56699	27.724	-0.33673
55649	28.186	-0.34967
54607	28.676	-0.363
53575	29.176	-0.37723
52552	29.724	-0.39194
51537	30.286	-0.40762
50532	30.901	-0.42387
49535	31.515	-0.44119
48548	32.188	-0.45919
47569	32.881	-0.47838
46600	33.577	-0.49834
45640	34.315	-0.51963
44689	35.103	-0.54184
43747	35.893	-0.5655
42814	36.761	-0.59027
41891	37.609	-0.61667
40976	38.516	-0.64435
40071	39.452	-0.67386
39176	40.457	-0.70487
38289	41.468	-0.73795
37412	42.523	-0.7728
36544	43.614	-0.81001
35686	44.756	-0.84925
34837	45.936	-0.8912
33997	47.208	-0.93556
33168	48.49	-0.98302
32347	49.836	-1.0333
31536	51.23	-1.0872
30735	52.697	-1.1444
29943	54.216	-1.2057
29161	55.818	-1.271
28389	57.479	-1.3411
27626	59.234	-1.4159
26873	61.007	-1.4962
26130	62.881	-1.5822
25397	64.877	-1.6748
24673	66.94	-1.7741
23960	69.081	-1.8811
23256	71.413	-1.9963
22563	73.781	-2.1206
21879	76.236	-2.2546
21206	78.854	-2.3998
20543	81.645	-2.5566
19890	84.556	-2.7267
19247	87.512	-2.9111
18614	90.667	-3.1116
17992	94.127	-3.3295
17380	97.66	-3.5672
16778	101.35	-3.8262
16187	105.41	-4.1093
15607	109.46	-4.419
15037	113.8	-4.7584
14477	118.59	-5.1308
13929	123.51	-5.5403
13391	128.54	-5.991
12864	134.24	-6.4883
12348	140.1	-7.0375
11842	146.46	-7.6457
11348	153	-8.3195
10864	159.91	-9.0683
10392	167.4	-9.9014
9931.1	175.66	-10.83
9481.1	183.98	-11.868
9042.6	193.25	-13.029
8615.3	202.81	-14.331
8199.5	213.42	-15.794
7795	224.29	-17.441
7402.2	236.43	-19.297
7020.9	248.82	-21.394
6651.4	262.72	-23.767
6293.5	276.71	-26.457
5947.4	292.53	-29.508
5613.1	308.13	-32.976
5290.8	325.86	-36.917
4980.4	342.76	-41.401
4682.2	362.21	-46.499
4396	379.97	-52.291
4122.2	400.62	-58.854
3860.7	418.19	-66.271
3611.8	439.75	-74.605
3375.5	456.63	-83.908
3152	478.82	-94.186
2941.2	494.35	-105.39
2743.4	517.86	-117.38
2558.5	531.72	-129.91
2386.3	555.55	-142.61
2226.5	566.13	-154.92
2078.9	587.36	-166.23
1943	590.57	-175.74
1818.1	603.23	-182.83
1703.6	595.87	-186.75
1598.7	595.53	-187.41
1502.7	578.54	-184.54
1414.6	565.96	-178.96
1333.8	545.7	-170.84
1259.5	527	-161.74
1191.1	509.81	-151.72
1128	491.56	-142.19
1069.7	478.17	-132.67
1015.6	461.3	-123.98
965.46	450.58	-115.37
918.83	437.57	-107.36
875.45	429.68	-99.397
835.01	419.57	-91.866
797.28	413.55	-84.452
762.04	405.23	-77.364
729.1	400.46	-70.494
698.27	393.75	-63.962
669.4	389.72	-57.727
642.35	383.77	-51.873
616.99	379.88	-46.373
593.19	374.39	-41.269
570.87	370.44	-36.542
549.92	365.18	-32.21
530.25	360.87	-28.253
511.78	355.45	-24.671
494.44	350.7	-21.439
478.16	345	-18.55
462.88	339.75	-15.975
448.54	333.76	-13.7
435.07	328.04	-11.695
422.45	321.61	-9.9425
410.6	315.38	-8.4159
399.49	308.67	-7.0953
389.08	302	-5.9571
379.32	294.95	-4.9824
370.19	287.86	-4.1504
361.63	280.59	-3.4448
353.62	273.27	-2.8482
346.13	265.83	-2.3468
339.12	258.4	-1.9268
332.57	250.86	-1.5767
326.45	243.43	-1.2859
320.73	235.94	-1.0455
315.39	228.53	-0.84731
310.41	221.09	-0.6847
305.75	213.87	-0.55172
301.41	206.71	-0.44332
297.37	199.68	-0.35526
293.59	192.78	-0.28399
290.07	186.03	-0.22645
286.8	179.46	-0.18014
283.74	173.04	-0.14298
280.9	166.77	-0.11324
278.25	160.71	-0.089494
275.78	154.82	-0.070589
273.49	149.11	-0.05557
271.35	143.61	-0.043668
269.37	138.73	-0.034255
267.52	133.1	-0.02677
265.8	128.06	-0.020974
264.2	123.34	-0.016339
262.72	117.82	-0.012763
261.33	114.21	-0.0099548
260.05	110.73	-0.0077221
258.86	105.8	-0.0059818
257.75	101.78	-0.0046476
256.71	97.959	-0.0035912
255.76	93.558	-0.0027834
254.87	90.731	-0.0021548
254.04	87.985	-0.001659
253.27	84.02	-0.0012759
252.56	80.258	-0.00098425
251.9	77.859	-0.00075853
251.28	74.958	-0.00058149
250.71	72.088	-0.00044728
250.18	69.924	-0.00034221
249.68	66.814	-0.00026157
249.23	63.812	-0.00020061
248.8	61.902	-0.0001537
248.41	59.621	-0.00011714
248.04	57.369	-8.9578e-05
247.7	55.668	-6.8136e-05
247.38	53.189	-5.1772e-05
247.09	50.801	-3.9475e-05
246.82	49.296	-3.0066e-05
246.57	47.487	-2.2774e-05
246.33	45.703	-1.7308e-05
246.11	44.364	-1.308e-05
245.91	42.388	-9.8715e-06
245.72	40.493	-7.4736e-06
245.55	39.305	-5.6503e-06
245.39	38.156	-4.2457e-06
245.24	36.459	-3.1847e-06
245.1	35.096	-2.3953e-06
244.97	33.814	-1.7896e-06
244.85	32.307	-1.3402e-06
244.74	31.363	-1.0012e-06
244.63	30.452	-7.4231e-07
244.54	29.109	-5.4866e-07
244.45	28.014	-4.0611e-07
244.37	26.991	-2.9802e-07
244.29	25.801	-2.189e-07
244.22	25.057	-1.6008e-07
244.15	24.328	-1.1592e-07
244.09	23.249	-8.3522e-08
244.03	22.376	-6.0186e-08
243.98	21.564	-4.2925e-08
243.93	20.612	-3.0652e-08
243.89	20.014	-2.1823e-08
243.84	19.436	-1.5446e-08
243.8	18.576	-1.0976e-08
243.77	17.888	-7.9257e-09
243.73	17.239	-5.8103e-09
243.7	16.472	-4.419e-09
243.67	15.995	-3.5096e-09
243.65	15.535	-2.9274e-09
243.62	14.847	-2.5788e-09
243.6	14.187	-2.386e-09
243.57	13.775	-2.2879e-09
243.55	13.276	-2.2457e-09
243.54	12.782	-2.2319e-09
243.52	12.412	-2.2259e-09
243.5	11.863	-2.2161e-09
243.49	11.334	-2.2006e-09
243.47	11.003	-2.1795e-09
243.46	10.603	-2.1527e-09
243.45	10.208	-2.1214e-09
243.44	9.9127	-2.0849e-09
243.43	9.4718	-2.0442e-09
243.42	9.0459	-2.0003e-09
243.41	8.7808	-1.9529e-09
243.4	8.459	-1.9016e-09
243.39	8.1423	-1.8484e-09
243.38	7.9028	-1.7919e-09
243.38	7.546	-1.7333e-09
243.37	7.2073	-1.674e-09
243.36	6.9946	-1.6133e-09
243.36	6.7872	-1.5507e-09
243.35	6.4808	-1.4872e-09
243.35	6.2342	-1.4243e-09
243.34	6.0015	-1.3602e-09
243.34	5.7282	-1.2973e-09
243.34	5.5551	-1.2347e-09
243.33	5.3869	-1.1717e-09
243.33	5.1414	-1.1095e-09
243.33	4.9423	-1.0492e-09
243.32	4.755	-9.8915e-10
243.32	4.5353	-9.3133e-10
243.32	4.3941	-8.7498e-10
243.31	4.2586	-8.1931e-10
243.31	4.0612	-7.6538e-10
243.31	3.8995	-7.1409e-10
243.31	3.7487	-6.6386e-10
243.31	3.5723	-6.1634e-10
243.3	3.457	-5.7075e-10
243.3	3.3467	-5.2645e-10
243.3	3.1892	-4.8428e-10
243.3	3.0357	-4.4478e-10
243.3	2.936	-4.0733e-10
243.3	2.8185	-3.7132e-10
243.29	2.7017	-3.3792e-10
243.29	2.6124	-3.0599e-10
243.29	2.4854	-2.7608e-10
243.29	2.3632	-2.4856e-10
243.29	2.2823	-2.229e-10
243.29	2.1881	-1.9868e-10
243.29	2.0953	-1.7662e-10
243.29	2.0234	-1.5594e-10
243.29	1.9215	-1.3696e-10
243.29	1.8235	-1.1986e-10
243.29	1.7596	-1.0426e-10
243.28	1.6843	-8.9878e-11
243.28	1.6103	-7.7106e-11
243.28	1.5522	-6.545e-11
243.28	1.4727	-5.5058e-11
243.28	1.3964	-4.5991e-11
243.28	1.3453	-3.7995e-11
243.28	1.296	-3.09e-11
243.28	1.2286	-2.4767e-11
243.28	1.173	-1.9598e-11
243.28	1.1212	-1.5153e-11
243.28	1.0624	-1.1503e-11
243.28	1.023	-8.5014e-12
243.28	0.98484	-6.048e-12
243.28	0.93344	-4.1347e-12
243.28	0.8911	-3.0686e-12
243.28	0.85177	-2.3461e-12
243.28	0.80733	-1.9301e-12
243.28	0.77805	-1.7462e-12
243.28	0.74949	-1.7371e-12
243.27	0.71116	-1.848e-12
243.27	0.67987	-2.0183e-12
243.27	0.65101	-2.1977e-12
243.27	0.61814	-2.3281e-12
243.27	0.59698	-2.362e-12
243.27	0.57688	-2.2476e-12
243.27	0.54883	-1.934e-12
243.27	0.52624	-1.3846e-12
243.27	0.50592	-5.3677e-13
243.27	0.48226	6.2533e-13
243.27	0.46791	2.1529e-12
243.27	0.45401	4.119e-12
243.27	0.43398	6.5406e-12
243.27	0.4154	9.4043e-12
243.27	0.40448	1.2778e-11
243.27	0.39111	1.6761e-11
243.27	0.37857	2.1256e-11
243.27	0.36964	2.6437e-11
243.27	0.35575	3.2265e-11
243.27	0.34302	3.8653e-11
243.27	0.33612	4.5712e-11
243.27	0.32692	5.3597e-11
243.27	0.31906	6.2069e-11
243.27	0.31386	7.142e-11
243.27	0.30416	8.1536e-11
243.27	0.2978	9.2252e-11
243.27	0.2917	1.0392e-10
243.27	0.28566	1.1618e-10
243.27	0.28075	1.2944e-10
243.27	0.27378	1.4327e-10
243.27	0.27193	1.5788e-10
243.27	0.26776	1.7354e-10
243.27	0.2642	1.8973e-10
243.27	0.26311	2.0698e-10
243.27	0.25789	2.2504e-10
243.27	0.25511	2.4357e-10
243.27	0.25271	2.6318e-10
243.27	0.25048	2.8323e-10
243.27	0.24861	3.0435e-10
243.27	0.24489	3.2586e-10
243.27	0.2454	3.4807e-10
243.27	0.24403	3.7134e-10
243.27	0.24293	3.949e-10
243.27	0.24202	4.195e-10
243.27	0.24121	4.4435e-10
243.27	0.24243	4.7019e-10
243.27	0.24006	4.966e-10
243.27	0.23974	5.2314e-10
243.27	0.23954	5.5062e-10
243.27	0.23936	5.7818e-10
243.27	0.23938	6.0666e-10
243.27	0.23757	6.3507e-10
243.27	0.23973	6.639e-10
243.27	0.23996	6.9358e-10
243.27	0.24033	7.2309e-10
243.27	0.24078	7.5338e-10
243.27	0.24133	7.8348e-10
243.27	0.24382	8.1424e-10
243.27	0.2426	8.4522e-10
243.27	0.24327	8.7584e-10
243.27	0.244	9.0708e-10
243.27	0.24476	9.3786e-10
243.27	0.24565	9.6919e-10
243.27	0.24453	1e-09
243.27	0.24741	1.0308e-09
243.27	0.24834	1.062e-09
243.27	0.24928	1.0926e-09
243.27	0.25027	1.1235e-09
243.27	0.25134	1.1538e-09
243.27	0.25439	1.1843e-09
243.27	0.2534	1.2146e-09
243.27	0.25429	1.244e-09
243.27	0.25547	1.2736e-09
243.27	0.25447	1.3023e-09
243.27	0.25748	1.3307e-09
243.27	0.25848	1.359e-09
243.27	0.25958	1.3864e-09
243.27	0.26068	1.4138e-09
243.27	0.26156	1.4401e-09
243.27	0.26471	1.4663e-09
243.27	0.26377	1.4919e-09
243.27	0.2645	1.5164e-09
243.27	0.26553	1.5406e-09
243.27	0.26647	1.5637e-09
243.27	0.26747	1.5865e-09
243.27	0.26612	1.6082e-09
243.27	0.26906	1.6291e-09
243.27	0.26996	1.6495e-09
243.27	0.27071	1.6688e-09
243.27	0.27151	1.6875e-09
243.27	0.2722	1.7051e-09
243.27	0.27505	1.722e-09
243.27	0.27362	1.738e-09
243.27	0.27409	1.7528e-09
243.27	0.27479	1.7669e-09
243.27	0.27518	1.7798e-09
243.27	0.27581	1.792e-09
243.27	0.27392	1.8029e-09
243.27	0.27649	1.8129e-09
243.27	0.27691	1.8219e-09
243.27	0.27696	1.8298e-09
243.27	0.2773	1.8368e-09
243.27	0.27702	1.8426e-09
243.27	0.27899	1.8475e-09
243.27	0.27611	1.8513e-09
243.27	0.27228	1.8539e-09
243.27	0.25584	1.8555e-09
243.27	0.2394	1.856e-09
