70000	34.771	-0.36114
68750	33.292	-0.37464
67510	31.859	-0.38834
66281	31.147	-0.40313
65064	30.91	-0.41822
63857	30.854	-0.43431
62660	30.983	-0.45094
61474	31.206	-0.46861
60299	31.508	-0.48695
59135	31.882	-0.5064
57981	32.326	-0.52666
56838	32.828	-0.54814
55706	33.368	-0.57056
54584	33.931	-0.59432
53473	34.57	-0.61919
52373	35.239	-0.64555
51284	35.961	-0.67319
50205	36.685	-0.7025
49137	37.449	-0.73328
48079	38.271	-0.76596
47033	39.141	-0.80034
45997	40.019	-0.83685
44972	40.968	-0.87532
43958	41.929	-0.91624
42955	42.948	-0.95943
41963	43.978	-1.0054
40982	45.097	-1.054
40011	46.256	-1.1058
39052	47.464	-1.1607
38104	48.69	-1.2192
37167	49.997	-1.2814
36241	51.324	-1.3477
35326	52.77	-1.4183
34422	54.241	-1.4938
33530	55.752	-1.5743
32649	57.351	-1.6604
31779	59.031	-1.7524
30920	60.74	-1.8511
30073	62.574	-1.9567
29237	64.481	-2.0701
28413	66.45	-2.1918
27600	68.54	-2.3228
26799	70.702	-2.4635
26009	72.954	-2.6153
25231	75.331	-2.7788
24465	77.811	-2.9555
23710	80.434	-3.1463
22968	83.174	-3.3529
22237	86.02	-3.5765
21518	88.991	-3.8193
20811	92.142	-4.0827
20116	95.507	-4.3693
19433	98.944	-4.6812
18762	102.62	-5.0213
18103	106.53	-5.3924
17457	110.64	-5.7982
16823	114.75	-6.2424
16201	119.34	-6.7293
15592	124.15	-7.2638
14995	129.11	-7.8515
14411	134.29	-8.4985
13839	139.99	-9.212
13280	145.96	-9.9998
12735	152.29	-10.871
12201	158.63	-11.836
11681	165.79	-12.907
11174	173.13	-14.096
10680	181.13	-15.419
10199	189.31	-16.893
9731.9	198.32	-18.538
9277.6	207.3	-20.375
8836.8	217.45	-22.429
8409.4	227.53	-24.729
7995.7	238.9	-27.306
7595.4	250.03	-30.195
7209	262.75	-33.434
6836.1	275.02	-37.069
6477.1	289.13	-41.143
6131.8	302.26	-45.706
5800.5	317.7	-50.808
5482.8	331.46	-56.499
5179.1	348.05	-62.823
4889.2	361.7	-69.818
4613.1	378.88	-77.503
4350.7	391.6	-85.871
4102.1	408.65	-94.873
3866.9	419.02	-104.42
3645.2	434.75	-114.33
3436.7	441.06	-124.37
3241.2	453.76	-134.2
3058.2	453.75	-143.38
2887.4	460.41	-151.48
2728.3	452.28	-157.95
2580.3	450.58	-162.48
2442.9	434.56	-164.68
2315.2	424.36	-164.69
2196.6	404.11	-162.44
2086.5	388.35	-158.68
1984	368.72	-153.42
1888.5	350.99	-147.6
1799.5	333.72	-141.02
1716.4	315.8	-134.37
1638.6	301.88	-127.27
1565.6	285.98	-120.28
1497.1	275.89	-112.94
1432.7	264.83	-105.8
1372	258.66	-98.52
1314.6	250.06	-91.51
1260.4	246.05	-84.532
1209.1	240.09	-77.866
1160.4	237.46	-71.377
1114.1	233.31	-65.223
1070.1	232.55	-59.341
1028.1	230.05	-53.818
988.03	230.26	-48.621
949.75	229.43	-43.796
913.12	230.49	-39.314
878.05	230.6	-35.198
844.42	232.27	-31.416
812.16	233.16	-27.971
781.17	235.35	-24.837
751.39	236.93	-22.005
722.75	239.59	-19.449
695.19	241.74	-17.157
668.65	244.74	-15.102
643.09	247.41	-13.271
618.47	250.71	-11.64
594.73	253.79	-10.194
571.84	257.42	-8.9136
549.77	260.89	-7.7836
528.48	264.73	-6.7876
507.95	268.54	-5.9126
488.14	272.76	-5.1442
469.03	276.92	-4.4716
450.6	281.27	-3.8829
432.82	285.7	-3.3691
415.67	290.44	-2.9208
399.14	295.2	-2.5303
383.19	300.17	-2.1906
367.83	305.21	-1.8952
353.02	310.52	-1.6388
338.75	315.92	-1.4163
325.01	321.46	-1.2233
311.78	327.09	-1.0561
299.05	332.96	-0.91134
286.8	338.92	-0.78609
275.02	345.12	-0.67772
263.7	351.36	-0.58408
252.81	357.82	-0.50312
242.36	364.39	-0.43322
232.33	370.95	-0.37287
222.7	377.75	-0.32079
213.46	384.59	-0.27585
204.61	391.49	-0.2371
196.12	398.48	-0.20369
188	405.48	-0.1749
180.22	412.51	-0.15009
172.77	419.54	-0.12874
165.65	426.5	-0.11035
158.85	433.39	-0.094535
152.35	441.13	-0.080931
146.14	446.9	-0.069103
140.21	453.37	-0.059187
134.55	459.74	-0.05046
129.16	463.84	-0.04315
124.02	471.76	-0.036869
119.12	479.3	-0.031351
114.45	482.43	-0.026634
110	487.27	-0.022691
105.77	491.83	-0.019238
101.75	493.79	-0.016356
97.923	499.49	-0.01389
94.284	504.69	-0.011736
90.826	505.14	-0.0099046
87.54	505.2	-0.0083808
84.42	508.82	-0.0070825
81.457	509.87	-0.0059542
78.645	510.19	-0.005018
75.977	512.15	-0.0042068
73.445	509.23	-0.0035216
71.045	505.62	-0.0029552
68.768	505.79	-0.0024762
66.61	503.35	-0.0020636
64.565	500.19	-0.0017239
62.628	498.65	-0.0014321
60.792	492.19	-0.0011879
59.054	485.12	-0.00098754
57.408	482.14	-0.00081955
55.849	476.57	-0.00067634
54.374	470.01	-0.00055938
52.977	465.52	-0.00046003
51.656	456.51	-0.00037768
50.406	446.95	-0.00031081
49.223	441.29	-0.00025538
48.104	435.34	-0.00020866
47.046	424.97	-0.00017021
46.046	416.38	-0.00013916
45.1	407.78	-0.00011314
44.205	396.92	-9.2199e-05
43.36	389.96	-7.5017e-05
42.56	382.87	-6.0702e-05
41.805	371.79	-4.904e-05
41.091	362.55	-3.9716e-05
40.416	353.49	-3.1989e-05
39.779	342.48	-2.5831e-05
39.176	335.27	-2.0827e-05
38.607	328.06	-1.6702e-05
38.069	317.32	-1.3375e-05
37.561	308.42	-1.0739e-05
37.081	299.83	-8.5756e-06
36.628	289.59	-6.8665e-06
36.2	282.82	-5.4903e-06
35.796	276.17	-4.3668e-06
35.414	266.47	-3.4685e-06
35.053	258.56	-2.7622e-06
34.712	250.85	-2.1882e-06
34.391	241.73	-1.7381e-06
34.087	235.94	-1.3787e-06
33.8	230.23	-1.0877e-06
33.53	221.83	-8.5695e-07
33.274	213.6	-6.7692e-07
33.032	208.39	-5.3395e-07
32.805	202.11	-4.1884e-07
32.589	195.76	-3.2937e-07
32.386	190.98	-2.5754e-07
32.194	183.94	-2.0101e-07
32.013	176.97	-1.5722e-07
31.842	172.67	-1.2267e-07
31.681	167.49	-9.5162e-08
31.529	162.29	-7.4069e-08
31.385	158.37	-5.739e-08
31.249	152.4	-4.449e-08
31.121	146.69	-3.4696e-08
31	143.21	-2.7151e-08
30.886	138.87	-2.1293e-08
30.778	134.57	-1.6919e-08
30.676	131.42	-1.3573e-08
30.58	126.51	-1.1086e-08
30.489	121.76	-9.2884e-09
30.404	118.93	-7.9859e-09
30.323	116.18	-7.0507e-09
30.247	111.86	-6.4139e-09
30.175	108.45	-6.0065e-09
30.107	105.22	-5.759e-09
30.043	101.28	-5.6363e-09
29.982	98.974	-5.6015e-09
29.925	96.738	-5.6287e-09
29.871	93.154	-5.6978e-09
29.82	90.354	-5.7926e-09
29.772	87.687	-5.9035e-09
29.726	84.417	-6.02e-09
29.684	82.527	-6.1366e-09
29.643	80.701	-6.2508e-09
29.605	77.729	-6.3575e-09
29.569	75.388	-6.4535e-09
29.535	73.207	-6.5394e-09
29.502	70.492	-6.612e-09
29.472	68.911	-6.6722e-09
29.443	67.43	-6.7206e-09
29.416	64.964	-6.756e-09
29.391	62.526	-6.7787e-09
29.367	61.175	-6.7899e-09
29.344	59.419	-6.7901e-09
29.322	57.652	-6.7797e-09
29.302	56.396	-6.7591e-09
29.283	54.319	-6.7289e-09
29.265	52.322	-6.6909e-09
29.248	51.196	-6.6447e-09
29.231	49.728	-6.5902e-09
29.216	48.241	-6.53e-09
29.202	47.219	-6.4622e-09
29.188	45.498	-6.3885e-09
29.175	43.806	-6.3109e-09
29.163	42.868	-6.229e-09
29.152	41.636	-6.1411e-09
29.141	40.408	-6.0513e-09
29.13	39.547	-5.9566e-09
29.121	38.098	-5.8591e-09
29.112	36.692	-5.7608e-09
29.103	35.905	-5.6604e-09
29.095	35.14	-5.5571e-09
29.087	33.853	-5.4523e-09
29.08	32.852	-5.348e-09
29.073	31.911	-5.2418e-09
29.066	30.735	-5.1368e-09
29.06	30.072	-5.0319e-09
29.054	29.435	-4.9253e-09
29.049	28.357	-4.8192e-09
29.044	27.515	-4.7154e-09
29.039	26.719	-4.6105e-09
29.034	25.737	-4.5085e-09
29.03	25.184	-4.4076e-09
29.025	24.643	-4.3061e-09
29.021	23.738	-4.2061e-09
29.018	23.038	-4.1093e-09
29.014	22.374	-4.0126e-09
29.011	21.54	-3.9189e-09
29.008	21.07	-3.8269e-09
29.005	20.614	-3.7354e-09
29.002	19.857	-3.6456e-09
28.999	19.266	-3.5594e-09
28.997	18.713	-3.4738e-09
28.994	18.015	-3.3913e-09
28.992	17.608	-3.3108e-09
28.99	17.23	-3.2307e-09
28.988	16.596	-3.1531e-09
28.986	15.977	-3.0785e-09
28.984	15.63	-3.0058e-09
28.982	15.165	-2.934e-09
28.981	14.706	-2.8653e-09
28.979	14.389	-2.7974e-09
28.978	13.857	-2.7315e-09
28.976	13.333	-2.6685e-09
28.975	13.036	-2.6073e-09
28.974	12.653	-2.547e-09
28.973	12.271	-2.4894e-09
28.972	12.001	-2.4327e-09
28.97	11.551	-2.3777e-09
28.969	11.202	-2.3253e-09
28.969	10.873	-2.2736e-09
28.968	10.543	-2.2245e-09
28.967	10.232	-2.1761e-09
28.966	9.8469	-2.1299e-09
28.965	9.6299	-2.0853e-09
28.964	9.3486	-2.0414e-09
28.964	9.0686	-1.9996e-09
28.963	8.8702	-1.9585e-09
28.963	8.5418	-1.9188e-09
28.962	8.2861	-1.8809e-09
28.961	8.046	-1.8438e-09
28.961	7.8114	-1.8084e-09
28.96	7.5868	-1.7737e-09
28.96	7.3076	-1.7406e-09
28.959	7.158	-1.7087e-09
28.959	6.9563	-1.6773e-09
28.959	6.7588	-1.6474e-09
28.958	6.575	-1.6181e-09
28.958	6.3912	-1.5902e-09
28.958	6.2657	-1.5628e-09
28.957	6.048	-1.5364e-09
28.957	5.8882	-1.5113e-09
28.957	5.7389	-1.4866e-09
28.956	5.5879	-1.4631e-09
28.956	5.4491	-1.44e-09
28.956	5.2719	-1.4181e-09
28.956	5.1878	-1.397e-09
28.956	5.0654	-1.3762e-09
28.955	4.9489	-1.3564e-09
28.955	4.8397	-1.337e-09
28.955	4.7319	-1.3186e-09
28.955	4.6717	-1.3005e-09
28.955	4.5403	-1.2831e-09
28.955	4.4475	-1.2665e-09
28.954	4.3647	-1.2503e-09
28.954	4.2878	-1.2348e-09
28.954	4.2118	-1.2196e-09
28.954	4.1063	-1.2053e-09
28.954	4.0744	-1.1914e-09
28.954	4.0133	-1.1778e-09
28.954	3.9542	-1.1649e-09
28.954	3.9008	-1.1522e-09
28.954	3.8492	-1.1403e-09
28.954	3.8333	-1.1285e-09
28.954	3.7599	-1.1172e-09
28.953	3.7182	-1.1065e-09
28.953	3.6815	-1.096e-09
28.953	3.6178	-1.0861e-09
28.953	3.6153	-1.0766e-09
28.953	3.5868	-1.0673e-09
28.953	3.5598	-1.0585e-09
28.953	3.5368	-1.0499e-09
28.953	3.5132	-1.0419e-09
28.953	3.5214	-1.034e-09
28.953	3.4763	-1.0265e-09
28.953	3.4587	-1.0194e-09
28.953	3.445	-1.0125e-09
28.953	3.4316	-1.0061e-09
28.953	3.4206	-9.9983e-10
28.953	3.3827	-9.9396e-10
28.953	3.4007	-9.8841e-10
28.953	3.3941	-9.8308e-10
28.953	3.3863	-9.781e-10
28.953	3.3814	-9.7332e-10
28.953	3.3744	-9.6892e-10
28.953	3.3971	-9.6468e-10
28.953	3.3677	-9.6075e-10
28.953	3.3631	-9.5713e-10
28.953	3.3616	-9.5375e-10
28.953	3.3579	-9.5066e-10
28.953	3.3574	-9.4777e-10
28.953	3.3277	-9.4519e-10
28.953	3.3519	-9.4288e-10
28.953	3.3524	-9.4075e-10
28.953	3.3479	-9.3895e-10
28.953	3.3481	-9.3734e-10
28.953	3.3409	-9.3599e-10
28.953	3.3628	-9.3489e-10
28.953	3.3253	-9.3401e-10
28.953	3.2782	-9.3341e-10
28.953	3.079	-9.3304e-10
28.953	2.8797	-9.3292e-10
