70000	33.401	-0.26952
68790	31.644	-0.27941
67589	29.934	-0.28915
66399	29.115	-0.29996
65219	28.81	-0.3107
64049	28.693	-0.32235
62888	28.754	-0.33418
61738	28.939	-0.34691
60597	29.191	-0.35994
59467	29.52	-0.37389
58346	29.917	-0.38826
57235	30.347	-0.40361
56133	30.841	-0.41945
55042	31.361	-0.43638
53961	31.922	-0.4539
52889	32.516	-0.47261
51828	33.155	-0.49202
50776	33.798	-0.51273
49734	34.51	-0.53429
48703	35.247	-0.55729
47681	36.005	-0.58129
46669	36.81	-0.60689
45668	37.66	-0.63366
44676	38.499	-0.66221
43694	39.431	-0.69214
42723	40.377	-0.72408
41762	41.356	-0.75766
40810	42.372	-0.79349
39870	43.451	-0.83123
38939	44.548	-0.87154
38018	45.741	-0.9141
37108	46.928	-0.95958
36208	48.161	-1.0077
35319	49.475	-1.0592
34440	50.878	-1.1138
33571	52.275	-1.1723
32713	53.734	-1.2344
31865	55.252	-1.301
31028	56.914	-1.372
30201	58.613	-1.4482
29385	60.355	-1.5295
28580	62.13	-1.617
27785	64.078	-1.7105
27001	66.115	-1.8113
26228	68.166	-1.9195
25465	70.356	-2.0361
24714	72.664	-2.1615
23973	75.08	-2.2971
23243	77.575	-2.4432
22524	80.186	-2.6015
21817	83.006	-2.7727
21120	85.903	-2.9584
20434	88.971	-3.1597
19760	92.191	-3.3787
19097	95.534	-3.6168
18445	99.123	-3.8765
17805	102.86	-4.1595
17176	106.87	-4.4691
16558	111.06	-4.8076
15952	115.39	-5.1787
15358	119.98	-5.5859
14775	124.95	-6.0338
14204	130.14	-6.5266
13645	135.75	-7.0704
13097	141.37	-7.671
12562	147.6	-8.3355
12038	154.11	-9.0721
11527	161.21	-9.8899
11028	168.47	-10.8
10541	176.41	-11.813
10066	184.53	-12.944
9603.4	193.5	-14.209
9153.3	202.78	-15.625
8715.9	213.02	-17.214
8290.9	223.41	-18.999
7878.8	235.04	-21.007
7479.2	246.71	-23.271
7092.6	259.93	-25.824
6718.8	272.99	-28.708
6358	287.86	-31.967
6010.2	302.31	-35.653
5675.6	318.97	-39.82
5354	334.62	-44.53
5045.8	352.94	-49.846
4750.7	369.36	-55.833
4469.1	389	-62.552
4200.7	405.51	-70.057
3945.9	426.17	-78.383
3704.3	441.71	-87.534
3476.3	462.79	-97.464
3261.5	476.31	-108.07
3060	497.01	-119.14
2871.5	506.59	-130.37
2695.8	524.55	-141.33
2532.4	527.6	-151.46
2381	539.37	-160.18
2240.9	532.5	-166.79
2111.5	533.26	-170.9
1992	515.91	-172.03
1881.7	504.96	-170.47
1779.8	481.94	-166.21
1685.6	463.73	-160.37
1598.2	442.34	-153.09
1517.1	422.24	-145.67
1441.6	404.78	-137.82
1371.2	385.97	-130.4
1305.4	371.34	-122.85
1243.7	355.06	-115.61
1185.9	345.25	-108.23
1131.5	333.11	-101.14
1080.2	326.66	-93.955
1031.8	318.52	-87.083
986.01	315.06	-80.262
942.65	309.54	-73.793
901.52	307.8	-67.501
862.42	304.3	-61.584
825.22	304.18	-55.925
789.76	302.56	-50.65
755.93	303.56	-45.684
723.61	303.37	-41.095
692.7	305.27	-36.836
663.11	306.29	-32.933
634.76	309.03	-29.352
607.58	311.1	-26.1
581.49	314.53	-23.147
556.45	317.52	-20.484
532.4	321.63	-18.088
509.28	325.31	-15.942
487.06	329.99	-14.024
465.7	334.48	-12.318
445.15	339.68	-10.801
425.39	344.86	-9.4587
406.39	350.71	-8.2719
388.11	356.61	-7.2261
370.54	363.07	-6.3054
353.64	369.63	-5.497
337.4	376.81	-4.7879
321.79	384.19	-4.1672
306.79	392.07	-3.6243
292.39	400.2	-3.1504
278.57	408.89	-2.7367
265.31	417.97	-2.3762
252.59	427.52	-2.0622
240.39	437.56	-1.789
228.72	448.18	-1.5515
217.53	459.02	-1.345
206.83	470.49	-1.1656
196.6	482.51	-1.0098
186.82	495.07	-0.87457
177.49	508.14	-0.75724
168.57	521.69	-0.65545
160.07	535.72	-0.56719
151.97	550.27	-0.49066
144.26	565.27	-0.42432
136.91	580.68	-0.36682
129.92	596.5	-0.317
123.28	612.75	-0.27383
116.97	629.28	-0.23645
110.98	646.1	-0.20408
105.3	663.15	-0.17605
99.907	681.75	-0.15179
94.799	697.7	-0.13052
89.961	714.98	-0.11263
85.382	732.5	-0.096726
81.049	746.77	-0.083349
76.952	766.95	-0.071767
73.08	786.82	-0.061487
69.422	800.18	-0.052635
65.968	816.24	-0.045199
62.708	831.9	-0.038615
59.632	843.84	-0.033092
56.732	861.57	-0.028328
53.998	878.16	-0.024121
51.422	887.53	-0.020514
48.995	896.25	-0.017496
46.71	910.58	-0.014903
44.559	920.24	-0.012622
42.535	928.71	-0.010719
40.631	939.54	-0.0090504
38.839	942.13	-0.0076291
37.155	943.38	-0.0064467
35.572	950.27	-0.0054394
34.084	952.65	-0.0045634
32.686	952.99	-0.0038377
31.372	955.7	-0.0032085
30.139	949.68	-0.0026777
28.98	942.19	-0.0022401
27.892	940.8	-0.0018706
26.871	934.42	-0.0015528
25.913	926.24	-0.001292
25.013	920.78	-0.0010687
24.169	906.46	-0.00088247
23.377	890.94	-0.00073043
22.633	881.95	-0.00060356
21.936	871.87	-0.00049582
21.282	853.19	-0.00040666
20.669	837.37	-0.00033437
20.094	821.05	-0.00027339
19.554	800.13	-0.00022412
19.049	786.15	-0.00018346
18.574	771.56	-0.00014937
18.13	749.21	-0.00012146
17.713	730.06	-9.903e-05
17.322	711.03	-8.0331e-05
16.956	688.27	-6.5354e-05
16.612	672.29	-5.3113e-05
16.29	656.21	-4.295e-05
15.988	633.61	-3.4702e-05
15.706	614.17	-2.8125e-05
15.44	595.29	-2.2687e-05
15.192	573.33	-1.836e-05
14.959	557.97	-1.4848e-05
14.74	542.88	-1.1954e-05
14.536	522.24	-9.6197e-06
14.344	504.55	-7.7671e-06
14.164	487.51	-6.2439e-06
13.996	468.24	-5.0362e-06
13.838	455.09	-4.0582e-06
13.689	442.13	-3.2568e-06
13.551	424.08	-2.6159e-06
13.421	406.74	-2.1118e-06
13.299	395.03	-1.7077e-06
13.184	381.33	-1.3797e-06
13.077	367.81	-1.123e-06
12.976	357.2	-9.1567e-07
12.882	342.4	-7.5187e-07
12.794	328.13	-6.2494e-07
12.711	318.71	-5.2509e-07
12.633	307.58	-4.4575e-07
12.56	296.68	-3.8528e-07
12.492	288.22	-3.379e-07
12.428	276.2	-3.0186e-07
12.368	264.65	-2.7513e-07
12.312	257.18	-2.5524e-07
12.259	248.32	-2.4043e-07
12.209	239.54	-2.3032e-07
12.163	232.87	-2.232e-07
12.119	223.19	-2.1848e-07
12.078	213.84	-2.156e-07
12.039	207.93	-2.1399e-07
12.003	202.32	-2.1324e-07
11.969	193.89	-2.1311e-07
11.938	187.12	-2.1339e-07
11.908	180.78	-2.1385e-07
11.88	173.24	-2.1438e-07
11.853	168.56	-2.1489e-07
11.829	164.01	-2.1524e-07
11.805	157.25	-2.1545e-07
11.783	151.84	-2.1543e-07
11.763	146.69	-2.1517e-07
11.744	140.64	-2.1465e-07
11.726	136.89	-2.1391e-07
11.708	133.26	-2.1286e-07
11.692	127.83	-2.1156e-07
11.677	123.4	-2.1006e-07
11.663	119.27	-2.0828e-07
11.65	114.34	-2.0631e-07
11.637	111.32	-2.0416e-07
11.625	108.41	-2.018e-07
11.614	103.95	-1.9925e-07
11.604	99.66	-1.9662e-07
11.594	97.044	-1.9387e-07
11.585	93.809	-1.9097e-07
11.576	90.614	-1.8803e-07
11.568	88.247	-1.8496e-07
11.56	84.623	-1.8184e-07
11.553	81.12	-1.7872e-07
11.546	79.015	-1.7557e-07
11.539	76.394	-1.7235e-07
11.533	73.774	-1.6917e-07
11.527	71.861	-1.6594e-07
11.522	68.898	-1.6271e-07
11.517	66.048	-1.5956e-07
11.512	64.34	-1.5643e-07
11.507	62.206	-1.5328e-07
11.503	60.077	-1.5022e-07
11.499	58.518	-1.4715e-07
11.495	56.132	-1.4412e-07
11.491	53.81	-1.412e-07
11.488	52.403	-1.3834e-07
11.484	51.042	-1.3548e-07
11.481	48.936	-1.3269e-07
11.478	47.277	-1.3e-07
11.476	45.713	-1.2734e-07
11.473	43.845	-1.2478e-07
11.471	42.706	-1.2229e-07
11.468	41.586	-1.1983e-07
11.466	39.911	-1.1744e-07
11.464	38.545	-1.1515e-07
11.462	37.274	-1.1289e-07
11.46	35.757	-1.1074e-07
11.458	34.82	-1.0866e-07
11.456	33.94	-1.0661e-07
11.455	32.558	-1.0462e-07
11.453	31.47	-1.0273e-07
11.452	30.441	-1.0088e-07
11.45	29.197	-9.9115e-08
11.449	28.461	-9.7413e-08
11.448	27.749	-9.5743e-08
11.447	26.633	-9.4132e-08
11.445	25.75	-9.2605e-08
11.444	24.921	-9.1107e-08
11.443	23.919	-8.9689e-08
11.442	23.331	-8.8322e-08
11.441	22.763	-8.6982e-08
11.441	21.865	-8.5695e-08
11.44	20.994	-8.4475e-08
11.439	20.486	-8.33e-08
11.438	19.847	-8.2149e-08
11.437	19.214	-8.1061e-08
11.437	18.765	-7.9997e-08
11.436	18.04	-7.8975e-08
11.435	17.338	-7.8006e-08
11.435	16.943	-7.7074e-08
11.434	16.435	-7.6162e-08
11.434	15.93	-7.5298e-08
11.433	15.574	-7.4455e-08
11.433	14.994	-7.3643e-08
11.432	14.542	-7.2874e-08
11.432	14.122	-7.2122e-08
11.431	13.709	-7.141e-08
11.431	13.325	-7.0713e-08
11.431	12.839	-7.0053e-08
11.43	12.571	-6.9415e-08
11.43	12.23	-6.8791e-08
11.43	11.895	-6.8201e-08
11.429	11.665	-6.7622e-08
11.429	11.26	-6.7064e-08
11.429	10.963	-6.6535e-08
11.429	10.686	-6.6016e-08
11.428	10.4	-6.5523e-08
11.428	10.145	-6.5039e-08
11.428	9.8166	-6.458e-08
11.428	9.6481	-6.4135e-08
11.427	9.4249	-6.37e-08
11.427	9.2043	-6.3284e-08
11.427	8.9935	-6.2876e-08
11.427	8.7867	-6.2489e-08
11.427	8.6627	-6.2105e-08
11.427	8.4108	-6.1737e-08
11.426	8.2304	-6.1385e-08
11.426	8.0635	-6.1038e-08
11.426	7.901	-6.0709e-08
11.426	7.7503	-6.0383e-08
11.426	7.5421	-6.0073e-08
11.426	7.4616	-5.9772e-08
11.426	7.3314	-5.9474e-08
11.426	7.2033	-5.9192e-08
11.425	7.0831	-5.8913e-08
11.425	6.9667	-5.8646e-08
11.425	6.9155	-5.8383e-08
11.425	6.7571	-5.8127e-08
11.425	6.6567	-5.7884e-08
11.425	6.567	-5.7642e-08
11.425	6.478	-5.7412e-08
11.425	6.3963	-5.7185e-08
11.425	6.2666	-5.6968e-08
11.425	6.2423	-5.6757e-08
11.425	6.1733	-5.655e-08
11.425	6.1061	-5.6352e-08
11.425	6.0471	-5.6157e-08
11.425	5.9876	-5.5969e-08
11.425	5.9817	-5.5785e-08
11.425	5.8824	-5.5607e-08
11.425	5.8322	-5.5436e-08
11.425	5.7903	-5.5268e-08
11.425	5.7007	-5.5109e-08
11.425	5.706	-5.4955e-08
11.424	5.6743	-5.4803e-08
11.424	5.6391	-5.4658e-08
11.424	5.6053	-5.4518e-08
11.424	5.5754	-5.4383e-08
11.424	5.5962	-5.425e-08
11.424	5.5259	-5.4123e-08
11.424	5.5005	-5.4004e-08
11.424	5.4807	-5.3887e-08
11.424	5.4616	-5.3775e-08
11.424	5.4449	-5.3668e-08
11.424	5.3837	-5.3566e-08
11.424	5.4111	-5.3469e-08
11.424	5.3993	-5.3375e-08
11.424	5.3849	-5.3289e-08
11.424	5.3754	-5.3205e-08
11.424	5.3631	-5.3126e-08
11.424	5.3972	-5.305e-08
11.424	5.3469	-5.2979e-08
11.424	5.3376	-5.2914e-08
11.424	5.3325	-5.2853e-08
11.424	5.3242	-5.2797e-08
11.424	5.3204	-5.2745e-08
11.424	5.2713	-5.2698e-08
11.424	5.3072	-5.2656e-08
11.424	5.3063	-5.2617e-08
11.424	5.2962	-5.2584e-08
11.424	5.2957	-5.2555e-08
11.424	5.2827	-5.253e-08
11.424	5.3155	-5.2508e-08
11.424	5.2554	-5.2493e-08
11.424	5.1805	-5.2481e-08
11.424	4.8651	-5.2475e-08
11.424	4.5497	-5.2473e-08
