80000	32.781	-0.41953
78579	32.031	-0.43493
77170	31.313	-0.45091
75774	30.874	-0.46777
74390	30.71	-0.48534
73018	30.732	-0.50374
71659	30.873	-0.52303
70312	31.112	-0.54326
68977	31.426	-0.56449
67655	31.808	-0.58677
66345	32.244	-0.61017
65047	32.722	-0.63476
63762	33.24	-0.66055
62489	33.806	-0.68774
61228	34.411	-0.71636
59979	35.051	-0.7465
58743	35.727	-0.77818
57519	36.445	-0.81164
56307	37.194	-0.84695
55108	37.976	-0.88421
53921	38.793	-0.92348
52747	39.656	-0.96505
51585	40.549	-1.009
50436	41.476	-1.0554
49299	42.447	-1.1047
48174	43.461	-1.1568
47062	44.509	-1.212
45963	45.604	-1.2707
44877	46.746	-1.3329
43803	47.936	-1.399
42742	49.174	-1.4692
41693	50.467	-1.5439
40658	51.805	-1.6235
39635	53.194	-1.7082
38625	54.636	-1.7986
37628	56.142	-1.8951
36644	57.713	-1.9981
35673	59.352	-2.1082
34715	61.058	-2.2259
33770	62.843	-2.352
32838	64.707	-2.4872
31919	66.643	-2.6321
31014	68.656	-2.7875
30122	70.752	-2.9548
29243	72.951	-3.1345
28378	75.265	-3.3282
27526	77.683	-3.5368
26687	80.178	-3.7618
25862	82.79	-4.0048
25051	85.543	-4.2676
24254	88.425	-4.5516
23470	91.421	-4.8593
22700	94.569	-5.1932
21943	97.872	-5.5557
21201	101.35	-5.9493
20473	104.98	-6.3783
19758	108.77	-6.8447
19058	112.72	-7.3534
18372	116.92	-7.9091
17700	121.33	-8.516
17043	125.96	-9.1798
16399	130.78	-9.9073
15771	135.9	-10.704
15156	141.24	-11.579
14557	146.82	-12.54
13972	152.65	-13.596
13401	158.89	-14.759
12846	165.41	-16.04
12305	172.22	-17.453
11779	179.26	-19.009
11268	186.79	-20.727
10772	194.63	-22.621
10291	202.88	-24.714
9824.5	211.35	-27.023
9373.5	220.31	-29.571
8937.6	229.49	-32.38
8516.7	239.16	-35.471
8110.9	248.96	-38.866
7720.1	259.25	-42.586
7344.3	269.49	-46.654
6983.4	280.15	-51.08
6637.4	290.51	-55.872
6306.1	301.19	-61.027
5989.5	311.18	-66.526
5687.3	321.22	-72.335
5399.5	330.04	-78.391
5125.7	338.6	-84.607
4865.7	345.26	-90.867
4619.3	351.17	-97.015
4386.2	354.46	-102.88
4165.8	356.67	-108.24
3958	357.4	-112.91
3762.1	358.14	-116.66
3577.7	358.14	-119.39
3404.3	358.14	-120.9
3241.3	358.14	-121.27
3088.1	358.14	-120.41
2944.1	358.14	-118.61
2808.8	358.14	-115.83
2681.5	358.14	-112.47
2561.8	358.14	-108.44
2449	358.14	-104.15
2342.8	358.14	-99.425
2242.6	358.14	-94.639
2148.1	358.14	-89.595
2058.9	358.14	-84.606
1974.6	358.14	-79.496
1894.8	358.14	-74.499
1819.2	358.14	-69.488
1747.7	358.14	-64.634
1679.9	358.14	-59.859
1615.6	358.14	-55.265
1554.5	358.14	-50.815
1496.5	358.14	-46.575
1441.4	358.14	-42.525
1389.1	358.14	-38.708
1339.3	358.14	-35.106
1291.9	358.14	-31.742
1246.8	358.14	-28.6
1203.9	358.14	-25.694
1163.1	358.14	-23.008
1124.2	358.14	-20.542
1087.2	358.14	-18.283
1051.9	358.14	-16.227
1018.4	358.14	-14.359
986.41	358.14	-12.671
955.98	358.14	-11.149
927.02	358.14	-9.7841
899.45	358.14	-8.5623
873.21	358.14	-7.4741
848.24	358.14	-6.5065
824.49	358.14	-5.6505
801.89	358.14	-4.8941
780.39	358.14	-4.2291
759.95	358.14	-3.6454
740.51	358.14	-3.1349
722.04	358.14	-2.6894
704.48	358.14	-2.3021
687.8	358.14	-1.966
671.95	358.14	-1.6753
656.89	358.14	-1.4245
642.6	358.14	-1.2086
629.02	358.14	-1.0233
616.14	358.14	-0.86468
603.91	358.14	-0.7292
592.3	358.14	-0.61367
581.29	358.14	-0.51547
570.85	358.14	-0.43216
560.94	358.14	-0.36165
551.55	358.14	-0.30211
542.64	358.14	-0.25192
534.2	358.14	-0.20971
526.19	358.14	-0.17428
518.6	358.14	-0.1446
511.41	358.14	-0.11978
504.6	358.14	-0.099078
498.15	358.14	-0.081828
492.03	358.14	-0.067482
486.24	358.14	-0.055574
480.75	358.14	-0.045704
475.55	358.14	-0.037538
470.63	358.14	-0.030737
465.97	358.14	-0.025226
461.56	358.14	-0.020606
457.38	358.14	-0.016871
453.43	358.14	-0.013798
449.69	358.14	-0.011233
446.14	358.14	-0.0091357
442.79	358.14	-0.0074484
439.62	358.14	-0.0060456
436.61	358.14	-0.0049198
433.77	358.14	-0.004
431.08	358.14	-0.0032379
428.53	358.14	-0.0026187
426.13	358.14	-0.0021238
423.85	358.14	-0.001721
421.69	358.14	-0.0013887
419.65	358.14	-0.0011237
417.72	358.14	-0.00090545
415.9	358.14	-0.00072905
414.17	358.14	-0.00058875
412.54	358.14	-0.00047516
410.99	358.14	-0.00038186
409.53	358.14	-0.00030781
408.15	358.14	-0.00024709
406.84	358.14	-0.00019824
405.6	358.14	-0.00015953
404.43	358.14	-0.00012831
403.33	358.14	-0.00010278
402.28	358.14	-8.2584e-05
401.29	358.14	-6.6086e-05
400.36	358.14	-5.2856e-05
399.47	358.14	-4.2404e-05
398.64	358.14	-3.4003e-05
397.84	358.14	-2.7151e-05
397.1	358.14	-2.1671e-05
396.39	358.14	-1.735e-05
395.72	358.14	-1.3832e-05
395.09	358.14	-1.1064e-05
394.49	358.14	-8.8463e-06
393.92	358.14	-7.0436e-06
393.39	358.14	-5.6054e-06
392.88	358.14	-4.475e-06
392.41	358.14	-3.5577e-06
391.95	358.14	-2.8374e-06
391.53	358.14	-2.2617e-06
391.12	358.14	-1.7953e-06
390.74	358.14	-1.4241e-06
390.38	358.14	-1.1333e-06
390.04	358.14	-8.9798e-07
389.71	358.14	-7.1374e-07
389.41	358.14	-5.6695e-07
389.12	358.14	-4.4836e-07
388.85	358.14	-3.5432e-07
388.59	358.14	-2.8086e-07
388.35	358.14	-2.216e-07
388.11	358.14	-1.7537e-07
387.9	358.14	-1.3867e-07
387.69	358.14	-1.0913e-07
387.5	358.14	-8.5789e-08
387.31	358.14	-6.7631e-08
387.14	358.14	-5.3255e-08
386.97	358.14	-4.1721e-08
386.82	358.14	-3.277e-08
386.67	358.14	-2.5602e-08
386.53	358.14	-1.9973e-08
386.4	358.14	-1.5616e-08
386.28	358.14	-1.2189e-08
386.16	358.14	-9.4577e-09
386.05	358.14	-7.3528e-09
385.94	358.14	-5.6797e-09
385.84	358.14	-4.375e-09
385.75	358.14	-3.3761e-09
385.66	358.14	-2.6001e-09
385.58	358.14	-1.9902e-09
385.5	358.14	-1.5274e-09
385.42	358.14	-1.166e-09
385.35	358.14	-8.9005e-10
385.29	358.14	-6.8315e-10
385.22	358.14	-5.2597e-10
385.16	358.14	-4.0564e-10
385.11	358.14	-3.1581e-10
385.05	358.14	-2.502e-10
385	358.14	-2.0121e-10
384.95	358.14	-1.6617e-10
384.91	358.14	-1.4099e-10
384.87	358.14	-1.2296e-10
384.83	358.14	-1.1055e-10
384.79	358.14	-1.0237e-10
384.75	358.14	-9.7028e-11
384.72	358.14	-9.3787e-11
384.69	358.14	-9.1928e-11
384.66	358.14	-9.0976e-11
384.63	358.14	-9.0612e-11
384.6	358.14	-9.0578e-11
384.57	358.14	-9.0688e-11
384.55	358.14	-9.0814e-11
384.53	358.14	-9.0874e-11
384.5	358.14	-9.0809e-11
384.48	358.14	-9.0583e-11
384.46	358.14	-9.019e-11
384.45	358.14	-8.9622e-11
384.43	358.14	-8.8875e-11
384.41	358.14	-8.7986e-11
384.4	358.14	-8.6938e-11
384.38	358.14	-8.5756e-11
384.37	358.14	-8.4478e-11
384.36	358.14	-8.3093e-11
384.34	358.14	-8.1591e-11
384.33	358.14	-8.003e-11
384.32	358.14	-7.8365e-11
384.31	358.14	-7.6638e-11
384.3	358.14	-7.4883e-11
384.29	358.14	-7.3083e-11
384.28	358.14	-7.1214e-11
384.27	358.14	-6.9347e-11
384.27	358.14	-6.7427e-11
384.26	358.14	-6.5491e-11
384.25	358.14	-6.3576e-11
384.24	358.14	-6.166e-11
384.24	358.14	-5.9716e-11
384.23	358.14	-5.7778e-11
384.23	358.14	-5.5885e-11
384.22	358.14	-5.3979e-11
384.22	358.14	-5.2122e-11
384.21	358.14	-5.0291e-11
384.21	358.14	-4.8459e-11
384.2	358.14	-4.6656e-11
384.2	358.14	-4.4914e-11
384.2	358.14	-4.318e-11
384.19	358.14	-4.1511e-11
384.19	358.14	-3.9881e-11
384.18	358.14	-3.8262e-11
384.18	358.14	-3.6687e-11
384.18	358.14	-3.5177e-11
384.18	358.14	-3.3689e-11
384.17	358.14	-3.2264e-11
384.17	358.14	-3.0884e-11
384.17	358.14	-2.9526e-11
384.17	358.14	-2.8211e-11
384.16	358.14	-2.696e-11
384.16	358.14	-2.5732e-11
384.16	358.14	-2.4568e-11
384.16	358.14	-2.3445e-11
384.16	358.14	-2.2344e-11
384.16	358.14	-2.1288e-11
384.15	358.14	-2.0285e-11
384.15	358.14	-1.9323e-11
384.15	358.14	-1.8383e-11
384.15	358.14	-1.7498e-11
384.15	358.14	-1.6634e-11
384.15	358.14	-1.5806e-11
384.15	358.14	-1.5027e-11
384.15	358.14	-1.4281e-11
384.14	358.14	-1.3556e-11
384.14	358.14	-1.2873e-11
384.14	358.14	-1.2211e-11
384.14	358.14	-1.1579e-11
384.14	358.14	-1.0986e-11
384.14	358.14	-1.0411e-11
384.14	358.14	-9.8718e-12
384.14	358.14	-9.3494e-12
384.14	358.14	-8.8603e-12
384.14	358.14	-8.3942e-12
384.14	358.14	-7.9437e-12
384.14	358.14	-7.5218e-12
384.14	358.14	-7.1148e-12
384.14	358.14	-6.728e-12
384.14	358.14	-6.3664e-12
384.13	358.14	-6.0175e-12
384.13	358.14	-5.6916e-12
384.13	358.14	-5.3776e-12
384.13	358.14	-5.0843e-12
384.13	358.14	-4.8063e-12
384.13	358.14	-4.5386e-12
384.13	358.14	-4.2891e-12
384.13	358.14	-4.0489e-12
384.13	358.14	-3.8251e-12
384.13	358.14	-3.6098e-12
384.13	358.14	-3.4082e-12
384.13	358.14	-3.2206e-12
384.13	358.14	-3.0405e-12
384.13	358.14	-2.8732e-12
384.13	358.14	-2.7123e-12
384.13	358.14	-2.563e-12
384.13	358.14	-2.4218e-12
384.13	358.14	-2.2862e-12
384.13	358.14	-2.1604e-12
384.13	358.14	-2.0399e-12
384.13	358.14	-1.928e-12
384.13	358.14	-1.8209e-12
384.13	358.14	-1.7197e-12
384.13	358.14	-1.6261e-12
384.13	358.14	-1.5365e-12
384.13	358.14	-1.4533e-12
384.13	358.14	-1.3738e-12
384.13	358.14	-1.3002e-12
384.13	358.14	-1.2308e-12
384.13	358.14	-1.1645e-12
384.13	358.14	-1.1032e-12
384.13	358.14	-1.0447e-12
384.13	358.14	-9.9036e-13
384.13	358.14	-9.3871e-13
384.13	358.14	-8.9022e-13
384.13	358.14	-8.4532e-13
384.13	358.14	-8.0254e-13
384.13	358.14	-7.6306e-13
384.13	358.14	-7.26e-13
384.13	358.14	-6.9077e-13
384.13	358.14	-6.5824e-13
384.13	358.14	-6.2729e-13
384.13	358.14	-5.9881e-13
384.13	358.14	-5.7174e-13
384.13	358.14	-5.4645e-13
384.13	358.14	-5.2321e-13
384.13	358.14	-5.0122e-13
384.13	358.14	-4.8098e-13
384.13	358.14	-4.6183e-13
384.13	358.14	-4.4428e-13
384.13	358.14	-4.2801e-13
384.13	358.14	-4.1267e-13
384.13	358.14	-3.9865e-13
384.13	358.14	-3.8545e-13
384.13	358.14	-3.7354e-13
384.13	358.14	-3.6224e-13
384.13	358.14	-3.52e-13
384.13	358.14	-3.4268e-13
384.13	358.14	-3.3412e-13
384.13	358.14	-3.2636e-13
384.13	358.14	-3.1928e-13
384.13	358.14	-3.1304e-13
384.13	358.14	-3.0746e-13
384.13	358.14	-3.0248e-13
384.13	358.14	-2.9818e-13
384.13	358.14	-2.9443e-13
384.13	358.14	-2.9131e-13
384.13	358.14	-2.8876e-13
384.13	358.14	-2.8679e-13
384.13	358.14	-2.8545e-13
384.13	358.14	-2.8465e-13
384.13	358.14	-2.8432e-13
