90000	28.318	-0.26603
88541	27.282	-0.27509
87094	26.292	-0.28414
85659	25.673	-0.29398
84235	25.395	-0.30388
82822	25.315	-0.31445
81420	25.354	-0.32526
80030	25.483	-0.33676
78651	25.676	-0.34858
77284	25.926	-0.36111
75927	26.225	-0.37404
74582	26.565	-0.38773
73249	26.934	-0.4019
71926	27.337	-0.41689
70615	27.769	-0.43244
69315	28.23	-0.44888
68026	28.717	-0.46597
66749	29.234	-0.48405
65483	29.773	-0.50287
64228	30.34	-0.52277
62985	30.929	-0.54354
61753	31.547	-0.5655
60533	32.189	-0.58846
59324	32.858	-0.61275
58126	33.552	-0.63818
56940	34.28	-0.66511
55765	35.029	-0.69334
54602	35.804	-0.72325
53451	36.604	-0.75466
52311	37.443	-0.78797
51183	38.317	-0.82301
50066	39.228	-0.86019
48961	40.166	-0.89936
47868	41.138	-0.94098
46786	42.146	-0.98488
45717	43.195	-1.0316
44659	44.279	-1.0809
43613	45.41	-1.1334
42578	46.589	-1.1891
41556	47.811	-1.2483
40546	49.07	-1.3112
39548	50.384	-1.3783
38561	51.76	-1.4496
37587	53.196	-1.5257
36625	54.678	-1.6068
35675	56.221	-1.6936
34737	57.826	-1.7861
33812	59.497	-1.8852
32898	61.243	-1.9912
31997	63.072	-2.1049
31109	64.98	-2.2267
30233	66.956	-2.3576
29369	69.02	-2.4982
28518	71.186	-2.6494
27679	73.444	-2.8122
26853	75.8	-2.9878
26040	78.272	-3.1771
25239	80.858	-3.3817
24451	83.556	-3.6028
23676	86.382	-3.8423
22914	89.362	-4.1018
22164	92.49	-4.3834
21428	95.777	-4.6893
20705	99.203	-5.022
19995	102.81	-5.3843
19298	106.58	-5.7794
18614	110.54	-6.2108
17944	114.69	-6.6823
17287	119.11	-7.1984
16644	123.78	-7.7641
16014	128.68	-8.3849
15397	133.77	-9.0671
14794	139.2	-9.8179
14206	144.91	-10.645
13630	150.93	-11.558
13069	157.23	-12.566
12522	164	-13.681
11988	171.08	-14.916
11469	178.52	-16.286
10964	186.27	-17.805
10473	194.53	-19.495
9996.7	203.18	-21.373
9534.4	212.39	-23.464
9086.7	221.92	-25.792
8653.3	232.02	-28.387
8234.6	242.4	-31.277
7830.3	253.38	-34.497
7440.6	264.52	-38.081
7065.5	276.24	-42.068
6705.1	287.95	-46.491
6359.3	300.17	-51.389
6028.2	312.06	-56.789
5711.6	324.33	-62.717
5409.8	335.87	-69.179
5122.4	347.63	-76.165
4849.5	358.15	-83.63
4591	368.65	-91.497
4346.7	377.19	-99.634
4116.4	385.36	-107.85
3899.9	390.64	-115.89
3696.8	394.96	-123.44
3506.6	397.03	-130.16
3329	398.58	-135.66
3163.2	398.58	-139.68
3008.8	398.58	-141.92
2865	398.58	-142.46
2731	398.58	-141.21
2606.3	398.58	-138.71
2490	398.58	-134.97
2381.6	398.58	-130.7
2280.3	398.58	-125.69
2185.6	398.58	-120.54
2097	398.58	-114.83
2013.9	398.58	-109.12
1935.8	398.58	-103.05
1862.5	398.58	-97.038
1793.4	398.58	-90.833
1728.3	398.58	-84.731
1666.9	398.58	-78.613
1608.7	398.58	-72.646
1553.7	398.58	-66.793
1501.4	398.58	-61.17
1451.9	398.58	-55.763
1404.7	398.58	-50.647
1359.8	398.58	-45.803
1317	398.58	-41.279
1276.2	398.58	-37.053
1237.2	398.58	-33.151
1199.8	398.58	-29.547
1164.1	398.58	-26.257
1130	398.58	-23.247
1097.2	398.58	-20.527
1065.8	398.58	-18.063
1035.6	398.58	-15.853
1006.7	398.58	-13.87
978.86	398.58	-12.104
952.16	398.58	-10.533
926.5	398.58	-9.1435
901.85	398.58	-7.9162
878.15	398.58	-6.8379
855.37	398.58	-5.8917
833.47	398.58	-5.0655
812.43	398.58	-4.3447
792.19	398.58	-3.7189
772.75	398.58	-3.1763
754.06	398.58	-2.7074
736.1	398.58	-2.303
718.85	398.58	-1.9552
702.27	398.58	-1.6567
686.35	398.58	-1.4012
671.07	398.58	-1.1829
656.4	398.58	-0.9968
642.31	398.58	-0.8385
628.8	398.58	-0.70412
615.84	398.58	-0.59026
603.42	398.58	-0.49398
591.5	398.58	-0.41272
580.09	398.58	-0.34427
569.15	398.58	-0.28671
558.67	398.58	-0.2384
548.64	398.58	-0.19792
539.04	398.58	-0.16376
529.85	398.58	-0.13579
521.06	398.58	-0.11202
512.66	398.58	-0.09261
504.62	398.58	-0.076452
496.94	398.58	-0.062799
489.6	398.58	-0.051511
482.59	398.58	-0.042348
475.9	398.58	-0.034642
469.51	398.58	-0.028403
463.41	398.58	-0.023259
457.59	398.58	-0.018953
452.04	398.58	-0.015425
446.74	398.58	-0.012584
441.7	398.58	-0.010255
436.89	398.58	-0.0083163
432.3	398.58	-0.0067613
427.93	398.58	-0.0054709
423.77	398.58	-0.0044219
419.81	398.58	-0.0035835
416.04	398.58	-0.0029012
412.45	398.58	-0.0023378
409.03	398.58	-0.0018889
405.78	398.58	-0.0015191
402.68	398.58	-0.0012206
399.74	398.58	-0.00098352
396.94	398.58	-0.00079182
394.28	398.58	-0.00063457
391.74	398.58	-0.00051002
389.34	398.58	-0.00040809
387.05	398.58	-0.00032625
384.88	398.58	-0.00026161
382.81	398.58	-0.00020963
380.85	398.58	-0.00016722
378.98	398.58	-0.0001333
377.21	398.58	-0.00010659
375.53	398.58	-8.4858e-05
373.93	398.58	-6.7765e-05
372.41	398.58	-5.4081e-05
370.97	398.58	-4.2973e-05
369.6	398.58	-3.4125e-05
368.3	398.58	-2.7183e-05
367.07	398.58	-2.1558e-05
365.9	398.58	-1.7151e-05
364.79	398.58	-1.3636e-05
363.73	398.58	-1.0793e-05
362.73	398.58	-8.5375e-06
361.78	398.58	-6.7745e-06
360.88	398.58	-5.3522e-06
360.02	398.58	-4.2426e-06
359.21	398.58	-3.3611e-06
358.44	398.58	-2.6511e-06
357.71	398.58	-2.0898e-06
357.02	398.58	-1.6525e-06
356.36	398.58	-1.3009e-06
355.74	398.58	-1.0274e-06
355.15	398.58	-8.1092e-07
354.59	398.58	-6.3713e-07
354.05	398.58	-5.0022e-07
353.55	398.58	-3.9398e-07
353.07	398.58	-3.1007e-07
352.62	398.58	-2.4291e-07
352.19	398.58	-1.9087e-07
351.78	398.58	-1.4927e-07
351.39	398.58	-1.1663e-07
351.03	398.58	-9.1405e-08
350.68	398.58	-7.1564e-08
350.35	398.58	-5.5748e-08
350.03	398.58	-4.3551e-08
349.74	398.58	-3.3848e-08
349.46	398.58	-2.627e-08
349.19	398.58	-2.0446e-08
348.94	398.58	-1.5889e-08
348.7	398.58	-1.2278e-08
348.47	398.58	-9.5104e-09
348.26	398.58	-7.3229e-09
348.05	398.58	-5.6271e-09
347.86	398.58	-4.333e-09
347.67	398.58	-3.329e-09
347.5	398.58	-2.54e-09
347.34	398.58	-1.9326e-09
347.18	398.58	-1.4722e-09
347.03	398.58	-1.1125e-09
346.89	398.58	-8.4175e-10
346.76	398.58	-6.3504e-10
346.63	398.58	-4.756e-10
346.51	398.58	-3.5541e-10
346.4	398.58	-2.6654e-10
346.29	398.58	-1.9905e-10
346.19	398.58	-1.4982e-10
346.09	398.58	-1.1354e-10
346	398.58	-8.6738e-11
345.91	398.58	-6.7567e-11
345.83	398.58	-5.4276e-11
345.75	398.58	-4.498e-11
345.68	398.58	-3.8913e-11
345.61	398.58	-3.5072e-11
345.54	398.58	-3.2794e-11
345.48	398.58	-3.1675e-11
345.42	398.58	-3.1367e-11
345.36	398.58	-3.1586e-11
345.31	398.58	-3.2158e-11
345.26	398.58	-3.2928e-11
345.21	398.58	-3.3817e-11
345.17	398.58	-3.4748e-11
345.12	398.58	-3.5653e-11
345.08	398.58	-3.6512e-11
345.04	398.58	-3.7318e-11
345.01	398.58	-3.8034e-11
344.97	398.58	-3.8671e-11
344.94	398.58	-3.9218e-11
344.91	398.58	-3.9671e-11
344.88	398.58	-4.0041e-11
344.85	398.58	-4.0334e-11
344.82	398.58	-4.0543e-11
344.8	398.58	-4.0678e-11
344.77	398.58	-4.0744e-11
344.75	398.58	-4.0739e-11
344.73	398.58	-4.067e-11
344.71	398.58	-4.054e-11
344.69	398.58	-4.0348e-11
344.67	398.58	-4.0107e-11
344.65	398.58	-3.9812e-11
344.64	398.58	-3.9475e-11
344.62	398.58	-3.9096e-11
344.61	398.58	-3.8672e-11
344.59	398.58	-3.8208e-11
344.58	398.58	-3.772e-11
344.57	398.58	-3.7194e-11
344.55	398.58	-3.665e-11
344.54	398.58	-3.6083e-11
344.53	398.58	-3.5483e-11
344.52	398.58	-3.4866e-11
344.51	398.58	-3.4241e-11
344.5	398.58	-3.3595e-11
344.49	398.58	-3.2949e-11
344.49	398.58	-3.2292e-11
344.48	398.58	-3.1618e-11
344.47	398.58	-3.0937e-11
344.46	398.58	-3.0267e-11
344.46	398.58	-2.9584e-11
344.45	398.58	-2.8912e-11
344.44	398.58	-2.8239e-11
344.44	398.58	-2.756e-11
344.43	398.58	-2.6887e-11
344.43	398.58	-2.6229e-11
344.42	398.58	-2.5575e-11
344.42	398.58	-2.4922e-11
344.41	398.58	-2.4285e-11
344.41	398.58	-2.3646e-11
344.41	398.58	-2.3018e-11
344.4	398.58	-2.2411e-11
344.4	398.58	-2.1814e-11
344.39	398.58	-2.1217e-11
344.39	398.58	-2.0642e-11
344.39	398.58	-2.007e-11
344.39	398.58	-1.9511e-11
344.38	398.58	-1.8973e-11
344.38	398.58	-1.8439e-11
344.38	398.58	-1.7926e-11
344.37	398.58	-1.7417e-11
344.37	398.58	-1.6929e-11
344.37	398.58	-1.6454e-11
344.37	398.58	-1.5985e-11
344.37	398.58	-1.5535e-11
344.36	398.58	-1.5092e-11
344.36	398.58	-1.466e-11
344.36	398.58	-1.4248e-11
344.36	398.58	-1.3842e-11
344.36	398.58	-1.3454e-11
344.36	398.58	-1.3073e-11
344.36	398.58	-1.2708e-11
344.35	398.58	-1.2355e-11
344.35	398.58	-1.2008e-11
344.35	398.58	-1.1678e-11
344.35	398.58	-1.1353e-11
344.35	398.58	-1.1043e-11
344.35	398.58	-1.074e-11
344.35	398.58	-1.0446e-11
344.35	398.58	-1.0167e-11
344.35	398.58	-9.8933e-12
344.35	398.58	-9.6332e-12
344.34	398.58	-9.3781e-12
344.34	398.58	-9.1355e-12
344.34	398.58	-8.9018e-12
344.34	398.58	-8.6724e-12
344.34	398.58	-8.4554e-12
344.34	398.58	-8.2422e-12
344.34	398.58	-8.0403e-12
344.34	398.58	-7.8428e-12
344.34	398.58	-7.6523e-12
344.34	398.58	-7.472e-12
344.34	398.58	-7.2954e-12
344.34	398.58	-7.1285e-12
344.34	398.58	-6.9651e-12
344.34	398.58	-6.8106e-12
344.34	398.58	-6.6619e-12
344.34	398.58	-6.5165e-12
344.34	398.58	-6.3791e-12
344.34	398.58	-6.2452e-12
344.34	398.58	-6.1184e-12
344.34	398.58	-5.9948e-12
344.34	398.58	-5.8764e-12
344.34	398.58	-5.7645e-12
344.34	398.58	-5.6554e-12
344.34	398.58	-5.5526e-12
344.34	398.58	-5.4541e-12
344.34	398.58	-5.3584e-12
344.34	398.58	-5.2681e-12
344.34	398.58	-5.1805e-12
344.34	398.58	-5.0982e-12
344.34	398.58	-5.0183e-12
344.34	398.58	-4.9423e-12
344.34	398.58	-4.8707e-12
344.34	398.58	-4.8018e-12
344.34	398.58	-4.7372e-12
344.34	398.58	-4.675e-12
344.34	398.58	-4.6169e-12
344.34	398.58	-4.5618e-12
344.34	398.58	-4.509e-12
344.34	398.58	-4.4598e-12
344.34	398.58	-4.4131e-12
344.34	398.58	-4.3696e-12
344.34	398.58	-4.3285e-12
344.34	398.58	-4.29e-12
344.34	398.58	-4.255e-12
344.34	398.58	-4.2219e-12
344.34	398.58	-4.192e-12
344.34	398.58	-4.1642e-12
344.34	398.58	-4.1392e-12
344.34	398.58	-4.1168e-12
344.34	398.58	-4.0965e-12
344.34	398.58	-4.0789e-12
344.34	398.58	-4.0636e-12
344.34	398.58	-4.0507e-12
344.34	398.58	-4.0401e-12
344.34	398.58	-4.0317e-12
344.34	398.58	-4.026e-12
344.34	398.58	-4.0226e-12
344.34	398.58	-4.0213e-12
