35000	45.993	-0.50778
34310	41.771	-0.52845
33626	38.024	-0.54998
32949	37.378	-0.57277
32278	37.119	-0.59663
31613	37.224	-0.62184
30956	37.447	-0.64835
30304	37.879	-0.67633
29659	38.353	-0.70583
29021	39.009	-0.73699
28389	39.668	-0.7699
27763	40.457	-0.80472
27144	41.204	-0.84152
26531	42.106	-0.88051
25925	43.004	-0.9218
25325	44.058	-0.96558
24732	45.04	-1.012
24145	46.178	-1.0613
23565	47.282	-1.1137
22991	48.565	-1.1694
22424	49.763	-1.2286
21863	51.152	-1.2917
21309	52.482	-1.359
20762	54.01	-1.4307
20222	55.482	-1.5073
19688	57.156	-1.5891
19160	58.747	-1.6766
18640	60.577	-1.7703
18126	62.363	-1.8707
17619	64.397	-1.9784
17119	66.326	-2.0939
16626	68.513	-2.2181
16139	70.639	-2.3517
15660	73.105	-2.4956
15187	75.442	-2.6506
14721	78.104	-2.818
14263	80.682	-2.9987
13811	83.662	-3.1944
13366	86.516	-3.4061
12929	89.798	-3.6357
12498	92.973	-3.885
12075	96.624	-4.156
11658	100.14	-4.451
11249	104.19	-4.7723
10848	108.11	-5.1231
10453	112.64	-5.5064
10066	117.03	-5.9259
9686.1	122.1	-6.3854
9313.6	127.02	-6.89
8948.7	132.69	-7.4446
8591.1	138.22	-8.0548
8241.1	144.62	-8.7279
7898.5	150.87	-9.4708
7563.7	158.08	-10.293
7236.3	165.15	-11.203
6916.7	173.36	-12.212
6604.8	181.39	-13.334
6300.6	190.67	-14.582
6004.2	199.82	-15.974
5715.6	210.45	-17.526
5434.9	220.92	-19.262
5162	233.07	-21.204
4897.1	245.1	-23.38
4640.1	259.02	-25.823
4391.1	272.82	-28.566
4150.1	288.83	-31.649
3917	304.72	-35.115
3692	323.06	-39.014
3475	341.33	-43.403
3266.1	362.24	-48.336
3065.2	382.92	-53.879
2872.2	406.36	-60.095
2687.2	429.32	-67.048
2510.2	454.71	-74.804
2341	478.92	-83.414
2179.7	504.73	-92.914
2026.2	528.61	-103.32
1880.5	552.81	-114.6
1742.6	573.98	-126.67
1612.3	593.82	-139.4
1489.6	610.33	-152.53
1374.4	624.39	-165.77
1266.7	635.76	-178.65
1166.3	644.35	-190.81
1072.9	651.99	-201.55
986.31	657.39	-210.59
906.25	664.05	-217.23
832.36	669.53	-221.52
764.28	678.36	-222.91
701.61	687.53	-222.01
643.97	701.15	-218.47
590.96	711.64	-213.43
542.23	717.92	-206.61
497.42	717.92	-199.41
456.22	717.92	-191.44
418.32	717.92	-183.92
383.46	717.92	-176.31
351.4	717.92	-169.44
321.92	717.92	-162.69
294.82	717.92	-156.62
269.9	717.92	-150.58
247.01	717.92	-145.13
225.98	717.92	-139.68
206.67	717.92	-134.62
188.95	717.92	-129.56
172.69	717.92	-124.74
157.79	717.92	-119.93
144.13	717.92	-115.27
131.62	717.92	-110.62
120.16	717.92	-106.08
109.68	717.92	-101.57
100.09	717.92	-97.141
91.321	717.92	-92.755
83.308	717.92	-88.453
75.988	717.92	-84.21
69.304	717.92	-80.057
63.203	717.92	-75.973
57.636	717.92	-71.991
52.559	717.92	-68.094
47.93	717.92	-64.302
43.712	717.92	-60.611
39.868	717.92	-57.032
36.367	717.92	-53.563
33.179	717.92	-50.216
30.278	717.92	-46.981
27.637	717.92	-43.873
25.234	717.92	-40.886
23.049	717.92	-38.024
21.061	717.92	-35.285
19.254	717.92	-32.671
17.612	717.92	-30.179
16.119	717.92	-27.811
14.763	717.92	-25.564
13.531	717.92	-23.437
12.411	717.92	-21.427
11.395	717.92	-19.533
10.471	717.92	-17.751
9.6331	717.92	-16.081
8.872	717.92	-14.519
8.1811	717.92	-13.062
7.554	717.92	-11.709
6.9848	717.92	-10.455
6.4682	717.92	-9.2972
5.9994	717.92	-8.2318
5.5741	717.92	-7.2553
5.1881	717.92	-6.3645
4.8379	717.92	-5.5559
4.5202	717.92	-4.8261
4.232	717.92	-4.1707
3.9705	717.92	-3.5848
3.7332	717.92	-3.0643
3.518	717.92	-2.6046
3.3228	717.92	-2.2011
3.1457	717.92	-1.8493
2.985	717.92	-1.5444
2.8393	717.92	-1.282
2.7071	717.92	-1.0577
2.5871	717.92	-0.86727
2.4783	717.92	-0.70665
2.3795	717.92	-0.57218
2.2899	717.92	-0.46033
2.2086	717.92	-0.36707
2.1348	717.92	-0.29217
2.0678	717.92	-0.22988
2.007	717.92	-0.18052
1.9518	717.92	-0.1408
1.9017	717.92	-0.10931
1.8562	717.92	-0.083921
1.8149	717.92	-0.064241
1.7773	717.92	-0.048565
1.7432	717.92	-0.036639
1.7122	717.92	-0.027446
1.684	717.92	-0.020316
1.6583	717.92	-0.01495
1.635	717.92	-0.011015
1.6138	717.92	-0.0081052
1.5944	717.92	-0.0059519
1.5768	717.92	-0.0044389
1.5608	717.92	-0.0033608
1.5462	717.92	-0.0026279
1.5328	717.92	-0.0021542
1.5206	717.92	-0.0018574
1.5095	717.92	-0.0016865
1.4993	717.92	-0.0016138
1.49	717.92	-0.0015986
1.4815	717.92	-0.0016041
1.4736	717.92	-0.0016062
1.4664	717.92	-0.0016042
1.4599	717.92	-0.0015979
1.4538	717.92	-0.0015882
1.4482	717.92	-0.0015746
1.443	717.92	-0.0015574
1.4383	717.92	-0.0015375
1.4339	717.92	-0.0015145
1.4298	717.92	-0.0014882
1.426	717.92	-0.0014594
1.4225	717.92	-0.0014286
1.4192	717.92	-0.0013951
1.4161	717.92	-0.0013603
1.4133	717.92	-0.0013237
1.4106	717.92	-0.001285
1.4081	717.92	-0.001245
1.4057	717.92	-0.0012046
1.4035	717.92	-0.0011626
1.4014	717.92	-0.0011207
1.3994	717.92	-0.0010782
1.3975	717.92	-0.0010347
1.3957	717.92	-0.00099112
1.3939	717.92	-0.00094824
1.3923	717.92	-0.00090482
1.3907	717.92	-0.00086245
1.3892	717.92	-0.00082052
1.3878	717.92	-0.00077847
1.3864	717.92	-0.00073714
1.385	717.92	-0.00069726
1.3837	717.92	-0.00065764
1.3824	717.92	-0.00061961
1.3812	717.92	-0.00058262
1.38	717.92	-0.00054613
1.3789	717.92	-0.00051084
1.3778	717.92	-0.0004773
1.3767	717.92	-0.000445
1.3756	717.92	-0.00041345
1.3746	717.92	-0.00038369
1.3735	717.92	-0.00035478
1.3725	717.92	-0.0003272
1.3716	717.92	-0.00030138
1.3706	717.92	-0.00027686
1.3697	717.92	-0.00025325
1.3687	717.92	-0.00023132
1.3678	717.92	-0.00021031
1.3669	717.92	-0.00019058
1.3661	717.92	-0.0001724
1.3652	717.92	-0.00015538
1.3644	717.92	-0.00013927
1.3635	717.92	-0.00012455
1.3627	717.92	-0.0001107
1.3619	717.92	-9.7927e-05
1.3611	717.92	-8.6369e-05
1.3603	717.92	-7.5777e-05
1.3596	717.92	-6.5956e-05
1.3588	717.92	-5.7042e-05
1.358	717.92	-4.9115e-05
1.3573	717.92	-4.1867e-05
1.3566	717.92	-3.549e-05
1.3559	717.92	-2.9815e-05
1.3552	717.92	-2.4723e-05
1.3545	717.92	-2.0264e-05
1.3538	717.92	-1.645e-05
1.3531	717.92	-1.3114e-05
1.3524	717.92	-1.0317e-05
1.3518	717.92	-7.9616e-06
1.3511	717.92	-5.9764e-06
1.3505	717.92	-4.361e-06
1.3499	717.92	-3.0921e-06
1.3492	717.92	-2.1538e-06
1.3486	717.92	-1.4813e-06
1.348	717.92	-1.0009e-06
1.3474	717.92	-6.7467e-07
1.3469	717.92	-4.7779e-07
1.3463	717.92	-3.7832e-07
1.3457	717.92	-3.4212e-07
1.3452	717.92	-3.4051e-07
1.3446	717.92	-3.4572e-07
1.3441	717.92	-3.3097e-07
1.3436	717.92	-2.7026e-07
1.343	717.92	-1.4196e-07
1.3425	717.92	7.6245e-08
1.342	717.92	4.1112e-07
1.3415	717.92	8.712e-07
1.341	717.92	1.4895e-06
1.3406	717.92	2.2765e-06
1.3401	717.92	3.2307e-06
1.3396	717.92	4.3765e-06
1.3392	717.92	5.7494e-06
1.3388	717.92	7.3164e-06
1.3383	717.92	9.1375e-06
1.3379	717.92	1.1197e-05
1.3375	717.92	1.3465e-05
1.3371	717.92	1.5975e-05
1.3367	717.92	1.8781e-05
1.3363	717.92	2.1845e-05
1.3359	717.92	2.5116e-05
1.3355	717.92	2.8699e-05
1.3351	717.92	3.248e-05
1.3348	717.92	3.6514e-05
1.3344	717.92	4.0869e-05
1.3341	717.92	4.5478e-05
1.3337	717.92	5.0259e-05
1.3334	717.92	5.5363e-05
1.3331	717.92	6.0622e-05
1.3328	717.92	6.6109e-05
1.3325	717.92	7.1911e-05
1.3322	717.92	7.7934e-05
1.3319	717.92	8.407e-05
1.3316	717.92	9.0508e-05
1.3313	717.92	9.7035e-05
1.331	717.92	0.00010374
1.3308	717.92	0.00011074
1.3305	717.92	0.0001179
1.3303	717.92	0.0001251
1.33	717.92	0.00013256
1.3298	717.92	0.00014004
1.3295	717.92	0.00014763
1.3293	717.92	0.00015547
1.3291	717.92	0.00016342
1.3289	717.92	0.00017132
1.3287	717.92	0.0001793
1.3285	717.92	0.00018749
1.3283	717.92	0.00019561
1.3281	717.92	0.00020391
1.3279	717.92	0.00021225
1.3277	717.92	0.00022049
1.3276	717.92	0.00022875
1.3274	717.92	0.00023714
1.3272	717.92	0.00024541
1.3271	717.92	0.00025381
1.3269	717.92	0.00026217
1.3268	717.92	0.0002704
1.3266	717.92	0.00027871
1.3265	717.92	0.00028687
1.3263	717.92	0.00029508
1.3262	717.92	0.00030312
1.3261	717.92	0.0003111
1.326	717.92	0.00031912
1.3259	717.92	0.00032696
1.3258	717.92	0.00033483
1.3256	717.92	0.00034261
1.3255	717.92	0.00035017
1.3254	717.92	0.00035775
1.3254	717.92	0.00036511
1.3253	717.92	0.00037249
1.3252	717.92	0.00037962
1.3251	717.92	0.00038665
1.325	717.92	0.00039366
1.3249	717.92	0.00040045
1.3249	717.92	0.00040722
1.3248	717.92	0.00041375
1.3247	717.92	0.00042025
1.3247	717.92	0.00042662
1.3246	717.92	0.00043274
1.3245	717.92	0.00043884
1.3245	717.92	0.0004447
1.3244	717.92	0.00045052
1.3244	717.92	0.00045611
1.3243	717.92	0.00046156
1.3243	717.92	0.00046695
1.3242	717.92	0.00047212
1.3242	717.92	0.00047723
1.3242	717.92	0.00048213
1.3241	717.92	0.00048696
1.3241	717.92	0.00049165
1.3241	717.92	0.00049613
1.324	717.92	0.00050055
1.324	717.92	0.00050477
1.324	717.92	0.00050891
1.324	717.92	0.00051286
1.3239	717.92	0.00051668
1.3239	717.92	0.00052044
1.3239	717.92	0.00052401
1.3239	717.92	0.00052751
1.3239	717.92	0.00053082
1.3238	717.92	0.00053407
1.3238	717.92	0.0005372
1.3238	717.92	0.00054016
1.3238	717.92	0.00054306
1.3238	717.92	0.0005458
1.3238	717.92	0.00054842
1.3238	717.92	0.00055098
1.3238	717.92	0.0005534
1.3237	717.92	0.00055575
1.3237	717.92	0.00055797
1.3237	717.92	0.0005601
1.3237	717.92	0.00056214
1.3237	717.92	0.00056407
1.3237	717.92	0.00056592
1.3237	717.92	0.00056766
1.3237	717.92	0.00056933
1.3237	717.92	0.00057089
1.3237	717.92	0.00057237
1.3237	717.92	0.00057379
1.3237	717.92	0.00057509
1.3237	717.92	0.00057636
1.3237	717.92	0.00057751
1.3237	717.92	0.00057862
1.3237	717.92	0.00057964
1.3237	717.92	0.00058058
1.3237	717.92	0.00058145
1.3237	717.92	0.00058225
1.3237	717.92	0.00058298
1.3237	717.92	0.00058364
1.3237	717.92	0.00058424
1.3237	717.92	0.00058478
1.3237	717.92	0.00058524
1.3237	717.92	0.00058565
1.3237	717.92	0.000586
1.3237	717.92	0.00058627
1.3237	717.92	0.00058649
1.3237	717.92	0.00058664
1.3237	717.92	0.00058674
1.3237	717.92	0.00058677
