0	4.4518e+06	55472
6.25e-06	4.2206e+06	45112
1.25e-05	4.0012e+06	36665
1.875e-05	3.7942e+06	29782
2.5e-05	3.5977e+06	24177
3.125e-05	3.412e+06	19618
3.75e-05	3.2358e+06	15910
4.375e-05	3.0691e+06	12898
5e-05	2.9109e+06	10452
5.625e-05	2.7612e+06	8466.8
6.25e-05	2.6191e+06	6856.2
6.875e-05	2.4845e+06	5550.3
7.5e-05	2.3568e+06	4491.8
8.125e-05	2.2357e+06	3634.2
8.75e-05	2.1209e+06	2939.6
9.375e-05	2.012e+06	2377.3
0.0001	1.9087e+06	1922.1
0.00010625	1.8107e+06	1553.8
0.0001125	1.7178e+06	1255.9
0.00011875	1.6297e+06	1014.9
0.000125	1.5461e+06	820.08
0.00013125	1.4668e+06	662.55
0.0001375	1.3915e+06	535.22
0.00014375	1.3201e+06	432.31
0.00015	1.2524e+06	349.16
0.00015625	1.1882e+06	281.97
0.0001625	1.1272e+06	227.7
0.00016875	1.0694e+06	183.86
0.000175	1.0146e+06	148.45
0.00018125	9.6254e+05	119.85
0.0001875	9.1318e+05	96.755
0.00019375	8.6634e+05	78.107
0.0002	8.2191e+05	63.051
0.00020625	7.7976e+05	50.894
0.0002125	7.3977e+05	41.081
0.00021875	7.0183e+05	33.158
0.000225	6.6583e+05	26.762
0.00023125	6.3169e+05	21.6
0.0002375	5.9929e+05	17.433
0.00024375	5.6855e+05	14.069
0.00025	5.3939e+05	11.354
0.00025625	5.1173e+05	9.1632
0.0002625	4.8548e+05	7.3949
0.00026875	4.6058e+05	5.9677
0.000275	4.3696e+05	4.8159
0.00028125	4.1455e+05	3.8863
0.0002875	3.9329e+05	3.1362
0.00029375	3.7311e+05	2.5308
0.0003	3.5398e+05	2.0422
0.00030625	3.3582e+05	1.648
0.0003125	3.186e+05	1.3299
0.00031875	3.0225e+05	1.0731
0.000325	2.8675e+05	0.86594
0.00033125	2.7204e+05	0.69876
0.0003375	2.5809e+05	0.56385
0.00034375	2.4485e+05	0.45499
0.00035	2.3229e+05	0.36715
0.00035625	2.2038e+05	0.29626
0.0003625	2.0907e+05	0.23906
0.00036875	1.9835e+05	0.19291
0.000375	1.8818e+05	0.15566
0.00038125	1.7852e+05	0.12561
0.0003875	1.6937e+05	0.10136
0.00039375	1.6068e+05	0.081787
0.0004	1.5244e+05	0.065996
0.00040625	1.4462e+05	0.053254
0.0004125	1.372e+05	0.042972
0.00041875	1.3016e+05	0.034676
0.000425	1.2349e+05	0.027981
0.00043125	1.1715e+05	0.022579
0.0004375	1.1114e+05	0.018219
0.00044375	1.0544e+05	0.014702
0.00045	1.0003e+05	0.011863
0.00045625	94900	0.009573
0.0004625	90032	0.0077248
0.00046875	85414	0.0062334
0.000475	81033	0.00503
0.00048125	76876	0.0040589
0.0004875	72932	0.0032752
0.00049375	69191	0.0026429
0.0005	65642	0.0021327
0.00050625	62275	0.0017209
0.0005125	59080	0.0013887
0.00051875	56049	0.0011206
0.000525	53174	0.00090423
0.00053125	50447	0.00072965
0.0005375	47859	0.00058877
0.00054375	45404	0.0004751
0.00055	43075	0.00038336
0.00055625	40865	0.00030935
0.0005625	38769	0.00024962
0.00056875	36780	0.00020142
0.000575	34893	0.00016253
0.00058125	33103	0.00013114
0.0005875	31405	0.00010582
0.00059375	29794	8.5387e-05
0.0006	28266	6.8898e-05
0.00060625	26816	5.5593e-05
0.0006125	25440	4.4857e-05
0.00061875	24135	3.6194e-05
0.000625	22897	2.9204e-05
0.00063125	21722	2.3563e-05
0.0006375	20608	1.9012e-05
0.00064375	19551	1.534e-05
0.00065	18548	1.2377e-05
0.00065625	17597	9.9862e-06
0.0006625	16694	8.0571e-06
0.00066875	15838	6.5006e-06
0.000675	15025	5.2447e-06
0.00068125	14254	4.2314e-06
0.0006875	13523	3.4139e-06
0.00069375	12830	2.7542e-06
0.0007	12171	2.222e-06
0.00070625	11547	1.7927e-06
0.0007125	10955	1.4462e-06
0.00071875	10393	1.1667e-06
0.000725	9859.7	9.4122e-07
0.00073125	9354	7.5929e-07
0.0007375	8874.2	6.1252e-07
0.00074375	8419	4.9411e-07
0.00075	7987.1	3.9859e-07
0.00075625	7577.5	3.2153e-07
0.0007625	7188.8	2.5936e-07
0.00076875	6820.1	2.0921e-07
0.000775	6470.3	1.6875e-07
0.00078125	6138.4	1.3611e-07
0.0007875	5823.5	1.0978e-07
0.00079375	5524.8	8.854e-08
0.0008	5241.5	7.1406e-08
0.00080625	4972.6	5.7586e-08
0.0008125	4717.6	4.6438e-08
0.00081875	4475.7	3.7446e-08
0.000825	4246.1	3.0193e-08
0.00083125	4028.3	2.4343e-08
0.0008375	3821.7	1.9624e-08
0.00084375	3625.7	1.5819e-08
0.00085	3439.8	1.275e-08
0.00085625	3263.4	1.0274e-08
0.0008625	3096	8.278e-09
0.00086875	2937.2	6.6683e-09
0.000875	2786.6	5.3707e-09
0.00088125	2643.7	4.3239e-09
0.0008875	2508.1	3.4801e-09
0.00089375	2379.5	2.7998e-09
0.0009	2257.5	2.2516e-09
0.00090625	2141.7	1.8096e-09
0.0009125	2031.9	1.4535e-09
0.00091875	1927.7	1.1666e-09
0.000925	1828.9	9.3565e-10
0.00093125	1735.1	7.4964e-10
0.0009375	1646.1	5.9967e-10
0.00094375	1561.7	4.7923e-10
0.00095	1481.6	3.8215e-10
0.00095625	1405.7	3.0431e-10
0.0009625	1333.6	2.4158e-10
0.00096875	1265.2	1.9129e-10
0.000975	1200.3	1.5078e-10
0.00098125	1138.8	1.1856e-10
0.0009875	1080.4	9.2671e-11
0.00099375	1025	7.1884e-11
0.001	972.44	5.5389e-11
0.0010062	922.58	4.2216e-11
0.0010125	875.28	3.1762e-11
0.0010187	830.4	2.3554e-11
0.001025	787.82	1.6957e-11
0.0010313	747.43	1.1847e-11
0.0010375	709.11	7.8165e-12
0.0010437	672.75	4.721e-12
0.00105	638.25	2.3167e-12
0.0010562	605.53	4.9329e-13
0.0010625	574.48	-9.253e-13
0.0010688	545.02	-1.9368e-12
0.001075	517.08	-2.6615e-12
0.0010812	490.56	-3.1941e-12
0.0010875	465.41	-3.5236e-12
0.0010938	441.54	-3.7236e-12
0.0011	418.9	-3.7986e-12
0.0011063	397.42	-3.8195e-12
0.0011125	377.04	-3.7581e-12
0.0011187	357.7	-3.6571e-12
0.001125	339.35	-3.5309e-12
0.0011313	321.95	-3.3899e-12
0.0011375	305.44	-3.2466e-12
0.0011438	289.77	-3.0426e-12
0.00115	274.91	-2.8685e-12
0.0011562	260.81	-2.6691e-12
0.0011625	247.43	-2.4937e-12
0.0011688	234.73	-2.3144e-12
0.001175	222.69	-2.157e-12
0.0011813	211.26	-2.0073e-12
0.0011875	200.42	-1.8534e-12
0.0011937	190.14	-1.6997e-12
0.0012	180.38	-1.5688e-12
0.0012063	171.12	-1.4196e-12
0.0012125	162.34	-1.2993e-12
0.0012187	154.01	-1.1851e-12
0.001225	146.1	-1.0799e-12
0.0012312	138.6	-9.7154e-13
0.0012375	131.49	-8.7985e-13
0.0012438	124.73	-7.9783e-13
0.00125	118.33	-7.1506e-13
0.0012562	112.25	-6.4e-13
0.0012625	106.49	-5.7099e-13
0.0012687	101.02	-5.1062e-13
0.001275	95.826	-4.5873e-13
0.0012813	90.903	-3.9901e-13
0.0012875	86.231	-3.5737e-13
0.0012937	81.799	-3.1577e-13
0.0013	77.595	-2.7455e-13
0.0013062	73.606	-2.4451e-13
0.0013125	69.821	-2.081e-13
0.0013188	66.231	-1.7701e-13
0.001325	62.824	-1.5554e-13
0.0013312	59.593	-1.29e-13
0.0013375	56.527	-1.1661e-13
0.0013437	53.618	-9.5319e-14
0.00135	50.859	-7.4721e-14
0.0013563	48.241	-6.7345e-14
0.0013625	45.757	-5.079e-14
0.0013687	43.401	-4.2689e-14
0.001375	41.166	-3.1534e-14
0.0013813	39.046	-2.3203e-14
0.0013875	37.034	-2.0624e-14
0.0013938	35.126	-1.4758e-14
0.0014	33.315	-6.0414e-15
0.0014062	31.598	-4.9187e-15
0.0014125	29.969	1.2434e-16
0.0014188	28.423	-1.8563e-16
0.001425	26.957	-3.4404e-15
0.0014313	25.567	-9.1083e-16
0.0014375	24.247	2.4625e-16
0.0014437	22.996	2.5921e-15
0.00145	21.809	2.7178e-15
0.0014563	20.683	3.5056e-15
0.0014625	19.614	4.5759e-15
0.0014688	18.601	7.7254e-15
0.001475	17.64	8.2672e-15
0.0014812	16.728	9.8748e-15
0.0014875	15.864	1.0925e-14
0.0014938	15.044	1.0298e-14
0.0015	14.266	1.1049e-14
0.0015062	13.528	1.2392e-14
0.0015125	12.828	1.2058e-14
0.0015187	12.164	1.333e-14
0.001525	11.534	1.3365e-14
0.0015313	10.937	1.349e-14
0.0015375	10.371	1.3035e-14
0.0015437	9.834	1.2751e-14
0.00155	9.3246	1.252e-14
0.0015562	8.8415	1.2463e-14
0.0015625	8.3833	1.1802e-14
0.0015688	7.9489	1.1113e-14
0.001575	7.5368	1.1671e-14
0.0015812	7.1462	1.085e-14
0.0015875	6.7756	1.01e-14
0.0015937	6.4243	9.635e-15
0.0016	6.0911	9.7131e-15
0.0016063	5.7751	7.4145e-15
0.0016125	5.4756	8.8392e-15
0.0016187	5.1915	8.388e-15
0.001625	4.9222	7.3435e-15
0.0016313	4.6668	6.5015e-15
0.0016375	4.4246	6.4837e-15
0.0016438	4.1951	5.9615e-15
0.00165	3.9774	5.6311e-15
0.0016562	3.771	5.2776e-15
0.0016625	3.5754	3.805e-15
0.0016688	3.3899	3.3911e-15
0.001675	3.2141	3.519e-15
0.0016813	3.0474	3.3236e-15
0.0016875	2.8894	2.2222e-15
0.0016937	2.7395	2.1334e-15
0.0017	2.5976	2.2968e-15
0.0017063	2.4629	2.4869e-15
0.0017125	2.3354	1.9345e-15
0.0017188	2.2144	1.7089e-15
0.001725	2.0998	5.3646e-16
0.0017312	1.9912	6.0041e-16
0.0017375	1.8882	1.0161e-15
0.0017438	1.7906	9.77e-16
0.00175	1.6981	7.816e-16
0.0017562	1.6105	5.1603e-16
0.0017625	1.5274	5.6843e-16
0.0017687	1.4487	-3.1086e-17
0.001775	1.3741	2.4869e-16
0.0017813	1.3034	-2.5402e-16
0.0017875	1.2364	6.0663e-16
0.0017937	1.1729	-1.7319e-16
0.0018	1.1128	3.8414e-16
0.0018062	1.0557	1.2568e-16
0.0018125	1.0018	-2.3448e-16
0.0018188	0.95058	-3.1486e-16
0.001825	0.90212	9.1482e-17
0.0018312	0.85616	-4.2877e-16
0.0018375	0.81266	1.8852e-16
0.0018437	0.77141	-2.861e-16
0.00185	0.73236	1.4705e-16
0.0018563	0.69533	2.6418e-16
0.0018625	0.66028	-3.0309e-17
0.0018687	0.62704	-3.3862e-16
0.001875	0.59558	9.3481e-17
0.0018812	0.56574	2.6845e-16
0.0018875	0.53751	8.3933e-17
0.0018938	0.51072	6.1284e-17
0.0019	0.48537	-1.7719e-16
0.0019062	0.46132	-2.6601e-16
0.0019125	0.43857	2.5313e-17
0.0019188	0.41697	1.8563e-16
0.001925	0.39654	-1.128e-16
0.0019313	0.37715	-9.0594e-17
0.0019375	0.3588	2.0872e-16
0.0019437	0.34138	-2.6201e-16
0.00195	0.3249	-3.4905e-16
0.0019563	0.30925	-2.931e-17
0.0019625	0.29444	-2.1494e-16
0.0019688	0.28037	-3.4905e-16
0.001975	0.26705	-3.9613e-16
0.0019812	0.2544	-3.9613e-16
0.0019875	0.24242	-6.4837e-16
0.0019937	0.23103	-7.5229e-16
0.002	0.22025	-8.1535e-16
0.0020062	0.20999	-7.0255e-16
0.0020125	0.20028	-7.5495e-16
0.0020188	0.19104	-8.4821e-16
0.002025	0.18228	-1.017e-15
0.0020313	0.17394	-1.0258e-15
0.0020375	0.16603	-1.1964e-15
0.0020437	0.1585	-1.1555e-15
0.00205	0.15136	-1.3767e-15
0.0020562	0.14454	-1.3571e-15
0.0020625	0.13808	-1.4797e-15
0.0020687	0.13191	-1.5135e-15
0.002075	0.12605	-1.6396e-15
0.0020813	0.12045	-1.7373e-15
0.0020875	0.11513	-1.8314e-15
0.0020938	0.11004	-1.8936e-15
0.0021	0.1052	-2.0286e-15
0.0021063	0.10057	-2.0428e-15
0.0021125	0.09616	-2.1938e-15
0.0021187	0.091933	-2.192e-15
0.002125	0.087904	-2.3892e-15
0.0021312	0.084039	-2.4531e-15
0.0021375	0.080351	-2.597e-15
0.0021437	0.076808	-2.6201e-15
0.00215	0.073424	-2.7018e-15
0.0021563	0.07017	-2.828e-15
0.0021625	0.067057	-2.9328e-15
0.0021688	0.064061	-3.0269e-15
0.002175	0.061192	-3.0784e-15
0.0021813	0.058426	-3.1974e-15
0.0021875	0.055775	-3.3538e-15
0.0021937	0.053217	-3.3999e-15
0.0022	0.050762	-3.5616e-15
0.0022062	0.048391	-3.6113e-15
0.0022125	0.046113	-3.6238e-15
0.0022187	0.043911	-3.7641e-15
0.002225	0.041793	-3.8387e-15
0.0022313	0.039745	-3.9755e-15
0.0022375	0.037774	-4.0377e-15
0.0022438	0.035867	-4.1158e-15
0.00225	0.03403	-4.2153e-15
0.0022563	0.032252	-4.313e-15
0.0022625	0.030538	-4.3592e-15
0.0022687	0.02888	-4.4675e-15
0.002275	0.027282	-4.4835e-15
0.0022812	0.025735	-4.5901e-15
0.0022875	0.024244	-4.7713e-15
0.0022938	0.022803	-4.8068e-15
0.0023	0.021414	-4.8423e-15
0.0023063	0.020072	-4.9578e-15
0.0023125	0.018779	-5.0644e-15
0.0023188	0.017532	-5.0555e-15
0.002325	0.016333	-5.0751e-15
0.0023312	0.015178	-5.2349e-15
0.0023375	0.014068	-5.3149e-15
0.0023437	0.013001	-5.2918e-15
0.00235	0.01198	-5.4143e-15
0.0023562	0.010999	-5.4801e-15
0.0023625	0.010063	-5.5422e-15
0.0023688	0.0091685	-5.5707e-15
0.002375	0.0083167	-5.6666e-15
0.0023813	0.007506	-5.6364e-15
0.0023875	0.0067378	-5.7625e-15
0.0023938	0.0060106	-5.7554e-15
0.0024	0.0053255	-5.8531e-15
0.0024062	0.0046814	-5.9348e-15
0.0024125	0.0040791	-5.8478e-15
0.0024187	0.0035179	-5.8886e-15
0.002425	0.0029983	-5.9686e-15
0.0024312	0.0025199	-6.0645e-15
0.0024375	0.0020831	-5.9863e-15
0.0024438	0.0016876	-6.0201e-15
0.00245	0.0013338	-6.1675e-15
0.0024563	0.0010213	-6.1515e-15
0.0024625	0.00075053	-6.0592e-15
0.0024688	0.00052126	-6.1249e-15
0.002475	0.00033366	-6.1995e-15
0.0024812	0.00018769	-6.1977e-15
0.0024875	8.343e-05	-6.1355e-15
0.0024937	2.0857e-05	-6.1853e-15
0.0025	0	-6.1799e-15
