0	9.9859e+08	2.8116e+07
6.25e-06	9.6071e+08	2.809e+07
1.25e-05	9.2891e+08	2.8063e+07
1.875e-05	8.9475e+08	2.8034e+07
2.5e-05	8.6587e+08	2.8002e+07
3.125e-05	8.3419e+08	2.7969e+07
3.75e-05	8.072e+08	2.7934e+07
4.375e-05	7.7726e+08	2.7896e+07
5e-05	7.5168e+08	2.7856e+07
5.625e-05	7.2311e+08	2.7813e+07
6.25e-05	6.9867e+08	2.7767e+07
6.875e-05	6.7127e+08	2.7718e+07
7.5e-05	6.4781e+08	2.7665e+07
8.125e-05	6.2146e+08	2.7609e+07
8.75e-05	5.9888e+08	2.7548e+07
9.375e-05	5.735e+08	2.7483e+07
0.0001	5.5173e+08	2.7412e+07
0.00010625	5.2729e+08	2.7336e+07
0.0001125	5.063e+08	2.7254e+07
0.00011875	4.8276e+08	2.7166e+07
0.000125	4.6253e+08	2.707e+07
0.00013125	4.3989e+08	2.6965e+07
0.0001375	4.2041e+08	2.6852e+07
0.00014375	3.9868e+08	2.6729e+07
0.00015	3.7996e+08	2.6594e+07
0.00015625	3.5914e+08	2.6447e+07
0.0001625	3.4119e+08	2.6286e+07
0.00016875	3.2131e+08	2.6109e+07
0.000175	3.0415e+08	2.5915e+07
0.00018125	2.8524e+08	2.5702e+07
0.0001875	2.6889e+08	2.5467e+07
0.00019375	2.5101e+08	2.5208e+07
0.0002	2.3551e+08	2.4922e+07
0.00020625	2.1868e+08	2.4606e+07
0.0002125	2.0408e+08	2.4255e+07
0.00021875	1.8837e+08	2.3867e+07
0.000225	1.7471e+08	2.3437e+07
0.00023125	1.6019e+08	2.2961e+07
0.0002375	1.4753e+08	2.2433e+07
0.00024375	1.3426e+08	2.185e+07
0.00025	1.2267e+08	2.1205e+07
0.00025625	1.1074e+08	2.0495e+07
0.0002625	1.0029e+08	1.9716e+07
0.00026875	8.9749e+07	1.8866e+07
0.000275	8.0511e+07	1.7943e+07
0.00028125	7.1423e+07	1.695e+07
0.0002875	6.3447e+07	1.5889e+07
0.00029375	5.5829e+07	1.4771e+07
0.0003	4.9135e+07	1.3603e+07
0.00030625	4.2951e+07	1.2407e+07
0.0003125	3.7509e+07	1.1193e+07
0.00031875	3.2655e+07	9.9907e+06
0.000325	2.8372e+07	8.8111e+06
0.00033125	2.4681e+07	7.6874e+06
0.0003375	2.1408e+07	6.6246e+06
0.00034375	1.8671e+07	5.6509e+06
0.00035	1.6229e+07	4.7631e+06
0.00035625	1.4229e+07	3.979e+06
0.0003625	1.2434e+07	3.2879e+06
0.00036875	1.0978e+07	2.697e+06
0.000375	9.6626e+06	2.1915e+06
0.00038125	8.5946e+06	1.7707e+06
0.0003875	7.6256e+06	1.4196e+06
0.00039375	6.8303e+06	1.1335e+06
0.0004	6.1061e+06	8.995e+05
0.00040625	5.502e+06	7.1193e+05
0.0004125	4.9506e+06	5.6081e+05
0.00041875	4.482e+06	4.4113e+05
0.000425	4.0536e+06	3.4576e+05
0.00043125	3.6829e+06	2.7085e+05
0.0004375	3.3437e+06	2.1163e+05
0.00044375	3.0455e+06	1.6534e+05
0.00045	2.7726e+06	1.2894e+05
0.00045625	2.5297e+06	1.0057e+05
0.0004625	2.3074e+06	78345
0.00046875	2.1077e+06	61039
0.000475	1.9249e+06	47512
0.00048125	1.7596e+06	36986
0.0004875	1.6083e+06	28773
0.00049375	1.4708e+06	22383
0.0005	1.3451e+06	17403
0.00050625	1.2304e+06	13530
0.0005125	1.1255e+06	10514
0.00051875	1.0296e+06	8169.1
0.000525	9.4197e+05	6344.4
0.00053125	8.6176e+05	4926.2
0.0005375	7.8843e+05	3823.5
0.00054375	7.2127e+05	2966.8
0.00055	6.5987e+05	2301.2
0.00055625	6.0362e+05	1784.4
0.0005625	5.522e+05	1383.2
0.00056875	5.0508e+05	1071.8
0.000575	4.6201e+05	830.2
0.00058125	4.2255e+05	642.85
0.0005875	3.8648e+05	497.6
0.00059375	3.5343e+05	385.04
0.0006	3.2322e+05	297.83
0.00060625	2.9556e+05	230.29
0.0006125	2.7027e+05	178
0.00061875	2.4711e+05	137.54
0.000625	2.2595e+05	106.24
0.00063125	2.0657e+05	82.028
0.0006375	1.8886e+05	63.312
0.00064375	1.7265e+05	48.849
0.00065	1.5783e+05	37.676
0.00065625	1.4427e+05	29.048
0.0006625	1.3188e+05	22.387
0.00066875	1.2054e+05	17.247
0.000675	1.1018e+05	13.282
0.00068125	1.007e+05	10.224
0.0006875	92038	7.8676
0.00069375	84114	6.0517
0.0007	76874	4.6531
0.00070625	70252	3.5763
0.0007125	64201	2.7475
0.00071875	58668	2.11
0.000725	53613	1.6197
0.00073125	48990	1.2429
0.0007375	44766	0.95332
0.00074375	40904	0.73093
0.00075	37376	0.56021
0.00075625	34151	0.42917
0.0007625	31204	0.32862
0.00076875	28510	0.2515
0.000775	26049	0.19238
0.00078125	23799	0.1471
0.0007875	21744	0.11244
0.00079375	19866	0.085903
0.0008	18150	0.065603
0.00080625	16581	0.05008
0.0008125	15148	0.038214
0.00081875	13839	0.029148
0.000825	12643	0.022225
0.00083125	11549	0.016939
0.0008375	10551	0.012905
0.00084375	9638.1	0.0098287
0.00085	8804.4	0.0074826
0.00085625	8042.6	0.0056943
0.0008625	7346.7	0.0043316
0.00086875	6710.9	0.0032937
0.000875	6130	0.0025032
0.00088125	5599.2	0.0019016
0.0008875	5114.4	0.0014437
0.00089375	4671.5	0.0010955
0.0009	4266.8	0.00083081
0.00090625	3897.1	0.00062978
0.0009125	3559.5	0.00047726
0.00091875	3250.9	0.00036179
0.000925	2969.1	0.0002747
0.00093125	2711.7	0.00020968
0.0009375	2476.5	0.00016622
0.00094375	2261.7	0.0001322
0.00095	2065.5	0.0001043
0.00095625	1886.2	8.2887e-05
0.0009625	1722.5	6.6571e-05
0.00096875	1573	5.4175e-05
0.000975	1436.4	4.4769e-05
0.00098125	1311.6	3.7637e-05
0.0009875	1197.7	3.2229e-05
0.00099375	1093.6	2.8123e-05
0.001	998.55	2.5e-05
0.0010062	911.73	2.2615e-05
0.0010125	832.45	2.0782e-05
0.0010187	760.04	1.9362e-05
0.001025	693.92	1.8247e-05
0.0010313	633.54	1.7356e-05
0.0010375	578.4	1.6631e-05
0.0010437	528.04	1.6024e-05
0.00105	482.07	1.5502e-05
0.0010562	440.08	1.504e-05
0.0010625	401.75	1.462e-05
0.0010688	366.75	1.4227e-05
0.001075	334.8	1.3853e-05
0.0010812	305.63	1.3488e-05
0.0010875	279	1.3129e-05
0.0010938	254.68	1.2774e-05
0.0011	232.49	1.242e-05
0.0011063	212.23	1.2066e-05
0.0011125	193.74	1.1712e-05
0.0011187	176.86	1.1355e-05
0.001125	161.46	1.0996e-05
0.0011313	147.4	1.0637e-05
0.0011375	134.57	1.0277e-05
0.0011438	122.86	9.9198e-06
0.00115	112.18	9.5646e-06
0.0011562	102.42	9.2128e-06
0.0011625	93.53	8.8653e-06
0.0011688	85.41	8.5228e-06
0.001175	78.008	8.186e-06
0.0011813	71.248	7.8553e-06
0.0011875	65.088	7.5315e-06
0.0011937	59.462	7.2147e-06
0.0012	54.337	6.9056e-06
0.0012063	49.656	6.6043e-06
0.0012125	45.392	6.3111e-06
0.0012187	41.497	6.0262e-06
0.001225	37.951	5.7498e-06
0.0012312	34.711	5.482e-06
0.0012375	31.762	5.2228e-06
0.0012438	29.067	4.9723e-06
0.00125	26.616	4.7305e-06
0.0012562	24.375	4.4972e-06
0.0012625	22.337	4.2725e-06
0.0012687	20.474	4.0563e-06
0.001275	18.781	3.8484e-06
0.0012813	17.232	3.6487e-06
0.0012875	15.825	3.457e-06
0.0012937	14.538	3.2732e-06
0.0013	13.369	3.0971e-06
0.0013062	12.299	2.9285e-06
0.0013125	11.329	2.7671e-06
0.0013188	10.44	2.6129e-06
0.001325	9.6341	2.4656e-06
0.0013312	8.8962	2.3249e-06
0.0013375	8.2272	2.1907e-06
0.0013437	7.6146	2.0627e-06
0.00135	7.0595	1.9407e-06
0.0013563	6.5511	1.8245e-06
0.0013625	6.0907	1.7139e-06
0.0013687	5.669	1.6087e-06
0.001375	5.2874	1.5086e-06
0.0013813	4.9379	1.4136e-06
0.0013875	4.6219	1.3233e-06
0.0013938	4.3323	1.2376e-06
0.0014	4.0708	1.1564e-06
0.0014062	3.8312	1.0793e-06
0.0014125	3.615	1.0063e-06
0.0014188	3.417	9.3722e-07
0.001425	3.2386	8.7184e-07
0.0014313	3.0751	8.1003e-07
0.0014375	2.9281	7.5165e-07
0.0014437	2.7935	6.9653e-07
0.00145	2.6726	6.4456e-07
0.0014563	2.5619	5.9558e-07
0.0014625	2.4627	5.4947e-07
0.0014688	2.372	5.061e-07
0.001475	2.2909	4.6536e-07
0.0014812	2.2167	4.2713e-07
0.0014875	2.1507	3.9129e-07
0.0014938	2.0903	3.5775e-07
0.0015	2.0367	3.2638e-07
0.0015062	1.9877	2.971e-07
0.0015125	1.9444	2.6981e-07
0.0015187	1.9049	2.4441e-07
0.001525	1.8702	2.2081e-07
0.0015313	1.8385	1.9893e-07
0.0015375	1.8108	1.7867e-07
0.0015437	1.7856	1.5997e-07
0.00155	1.7637	1.4273e-07
0.0015562	1.7437	1.2688e-07
0.0015625	1.7265	1.1235e-07
0.0015688	1.7109	9.9064e-08
0.001575	1.6975	8.6949e-08
0.0015812	1.6853	7.5941e-08
0.0015875	1.6751	6.5971e-08
0.0015937	1.6656	5.6977e-08
0.0016	1.6578	4.8897e-08
0.0016063	1.6505	4.1671e-08
0.0016125	1.6446	3.5239e-08
0.0016187	1.6389	2.9548e-08
0.001625	1.6344	2.4541e-08
0.0016313	1.63	2.0166e-08
0.0016375	1.6266	1.6373e-08
0.0016438	1.623	1.3113e-08
0.00165	1.6203	1.0338e-08
0.0016562	1.6173	8.003e-09
0.0016625	1.615	6.0639e-09
0.0016688	1.6123	4.4786e-09
0.001675	1.6102	3.2068e-09
0.0016813	1.6076	2.2096e-09
0.0016875	1.6054	1.45e-09
0.0016937	1.6027	8.9235e-10
0.0017	1.6004	5.0398e-10
0.0017063	1.5974	2.5172e-10
0.0017125	1.5947	1.0416e-10
0.0017188	1.5913	3.2136e-11
0.001725	1.5882	8.0013e-12
0.0017312	1.5843	5.6111e-12
0.0017375	1.5806	2.8291e-13
0.0017438	1.5761	-3.121e-11
0.00175	1.5717	-1.1068e-10
0.0017562	1.5665	-2.5855e-10
0.0017625	1.5615	-4.9386e-10
0.0017687	1.5556	-8.3436e-10
0.001775	1.5498	-1.2964e-09
0.0017813	1.5431	-1.8953e-09
0.0017875	1.5365	-2.6447e-09
0.0017937	1.5291	-3.5576e-09
0.0018	1.5217	-4.6453e-09
0.0018062	1.5134	-5.9183e-09
0.0018125	1.5051	-7.3859e-09
0.0018188	1.496	-9.0563e-09
0.001825	1.487	-1.0937e-08
0.0018312	1.477	-1.3033e-08
0.0018375	1.4671	-1.5352e-08
0.0018437	1.4563	-1.7896e-08
0.00185	1.4456	-2.0669e-08
0.0018563	1.434	-2.3674e-08
0.0018625	1.4225	-2.6913e-08
0.0018687	1.4101	-3.0387e-08
0.001875	1.3978	-3.4095e-08
0.0018812	1.3846	-3.8039e-08
0.0018875	1.3715	-4.2216e-08
0.0018938	1.3576	-4.6624e-08
0.0019	1.3438	-5.1263e-08
0.0019062	1.3292	-5.6128e-08
0.0019125	1.3147	-6.1216e-08
0.0019188	1.2995	-6.6524e-08
0.001925	1.2843	-7.2047e-08
0.0019313	1.2684	-7.7781e-08
0.0019375	1.2527	-8.372e-08
0.0019437	1.2362	-8.9858e-08
0.00195	1.2198	-9.619e-08
0.0019563	1.2028	-1.0271e-07
0.0019625	1.1859	-1.0941e-07
0.0019688	1.1684	-1.1629e-07
0.001975	1.1511	-1.2333e-07
0.0019812	1.1331	-1.3053e-07
0.0019875	1.1153	-1.3789e-07
0.0019937	1.097	-1.4539e-07
0.002	1.0788	-1.5302e-07
0.0020062	1.0601	-1.6079e-07
0.0020125	1.0416	-1.6868e-07
0.0020188	1.0226	-1.7669e-07
0.002025	1.0038	-1.848e-07
0.0020313	0.98456	-1.93e-07
0.0020375	0.96552	-2.013e-07
0.0020437	0.9461	-2.0968e-07
0.00205	0.92687	-2.1813e-07
0.0020562	0.9073	-2.2665e-07
0.0020625	0.88795	-2.3523e-07
0.0020687	0.86828	-2.4385e-07
0.002075	0.84884	-2.5252e-07
0.0020813	0.82914	-2.6122e-07
0.0020875	0.80967	-2.6994e-07
0.0020938	0.78997	-2.7869e-07
0.0021	0.77051	-2.8744e-07
0.0021063	0.75087	-2.962e-07
0.0021125	0.73148	-3.0495e-07
0.0021187	0.71193	-3.1369e-07
0.002125	0.69266	-3.2241e-07
0.0021312	0.67327	-3.3111e-07
0.0021375	0.65415	-3.3977e-07
0.0021437	0.63495	-3.484e-07
0.00215	0.61604	-3.5698e-07
0.0021563	0.59709	-3.655e-07
0.0021625	0.57843	-3.7397e-07
0.0021688	0.55976	-3.8237e-07
0.002175	0.54139	-3.9071e-07
0.0021813	0.52305	-3.9896e-07
0.0021875	0.50502	-4.0714e-07
0.0021937	0.48704	-4.1522e-07
0.0022	0.46939	-4.2322e-07
0.0022062	0.45183	-4.3112e-07
0.0022125	0.43459	-4.3891e-07
0.0022187	0.41747	-4.466e-07
0.002225	0.4007	-4.5417e-07
0.0022313	0.38406	-4.6163e-07
0.0022375	0.36777	-4.6896e-07
0.0022438	0.35166	-4.7618e-07
0.00225	0.3359	-4.8326e-07
0.0022563	0.32034	-4.9021e-07
0.0022625	0.30515	-4.9702e-07
0.0022687	0.29017	-5.0369e-07
0.002275	0.27557	-5.1022e-07
0.0022812	0.26121	-5.1661e-07
0.0022875	0.24724	-5.2284e-07
0.0022938	0.23353	-5.2892e-07
0.0023	0.22021	-5.3484e-07
0.0023063	0.20717	-5.4061e-07
0.0023125	0.19453	-5.4621e-07
0.0023188	0.1822	-5.5166e-07
0.002325	0.17027	-5.5693e-07
0.0023312	0.15866	-5.6204e-07
0.0023375	0.14746	-5.6698e-07
0.0023437	0.13661	-5.7175e-07
0.00235	0.12616	-5.7634e-07
0.0023562	0.11608	-5.8076e-07
0.0023625	0.10641	-5.85e-07
0.0023688	0.097112	-5.8906e-07
0.002375	0.08824	-5.9295e-07
0.0023813	0.079753	-5.9665e-07
0.0023875	0.071694	-6.0017e-07
0.0023938	0.064032	-6.035e-07
0.0024	0.056803	-6.0665e-07
0.0024062	0.049981	-6.0961e-07
0.0024125	0.043595	-6.1239e-07
0.0024187	0.037626	-6.1498e-07
0.002425	0.032096	-6.1738e-07
0.0024312	0.026991	-6.1959e-07
0.0024375	0.022328	-6.2161e-07
0.0024438	0.018097	-6.2344e-07
0.00245	0.01431	-6.2508e-07
0.0024563	0.010962	-6.2653e-07
0.0024625	0.0080587	-6.2778e-07
0.0024688	0.0055981	-6.2884e-07
0.002475	0.0035845	-6.2971e-07
0.0024812	0.0020166	-6.3039e-07
0.0024875	0.00089655	-6.3087e-07
0.0024937	0.00022414	-6.3116e-07
0.0025	0	-6.3126e-07
