0	1.2247e+07	3.1643e+06
6.25e-06	1.1011e+07	2.6617e+06
1.25e-05	9.8729e+06	2.2264e+06
1.875e-05	8.9163e+06	1.8537e+06
2.5e-05	8.0327e+06	1.5342e+06
3.125e-05	7.2859e+06	1.2644e+06
3.75e-05	6.5955e+06	1.0362e+06
4.375e-05	6.0053e+06	8.4587e+05
5e-05	5.4593e+06	6.8694e+05
5.625e-05	4.9867e+06	5.5581e+05
6.25e-05	4.5495e+06	4.4764e+05
6.875e-05	4.1663e+06	3.593e+05
7.5e-05	3.8119e+06	2.872e+05
8.125e-05	3.4979e+06	2.2887e+05
8.75e-05	3.2077e+06	1.8172e+05
9.375e-05	2.948e+06	1.4389e+05
0.0001	2.708e+06	1.1358e+05
0.00010625	2.4915e+06	89432
0.0001125	2.2916e+06	70229
0.00011875	2.1101e+06	55035
0.000125	1.9424e+06	43029
0.00013125	1.7895e+06	33582
0.0001375	1.6484e+06	26159
0.00014375	1.5191e+06	20346
0.00015	1.3999e+06	15800
0.00015625	1.2904e+06	12254
0.0001625	1.1894e+06	9492.2
0.00016875	1.0964e+06	7345.1
0.000175	1.0107e+06	5677.8
0.00018125	9.3182e+05	4385.3
0.0001875	8.5904e+05	3384.3
0.00019375	7.9196e+05	2610
0.0002	7.3011e+05	2011.6
0.00020625	6.7307e+05	1549.5
0.0002125	6.2049e+05	1193.1
0.00021875	5.7199e+05	918.2
0.000225	5.2729e+05	706.41
0.00023125	4.8605e+05	543.3
0.0002375	4.4804e+05	417.74
0.00024375	4.1297e+05	321.12
0.00025	3.8066e+05	246.8
0.00025625	3.5084e+05	189.65
0.0002625	3.2337e+05	145.71
0.00026875	2.9803e+05	111.95
0.000275	2.7468e+05	85.994
0.00028125	2.5314e+05	66.055
0.0002875	2.3329e+05	50.736
0.00029375	2.1499e+05	38.968
0.0003	1.9812e+05	29.928
0.00030625	1.8257e+05	22.986
0.0003125	1.6824e+05	17.653
0.00031875	1.5503e+05	13.558
0.000325	1.4286e+05	10.413
0.00033125	1.3164e+05	7.9975
0.0003375	1.213e+05	6.1425
0.00034375	1.1176e+05	4.7179
0.00035	1.0298e+05	3.6238
0.00035625	94886	2.7836
0.0003625	87428	2.1382
0.00036875	80554	1.6426
0.000375	74220	1.2619
0.00038125	68383	0.96948
0.0003875	63005	0.74486
0.00039375	58049	0.57232
0.0004	53483	0.43977
0.00040625	49275	0.33793
0.0004125	45399	0.25969
0.00041875	41826	0.19958
0.000425	38535	0.15339
0.00043125	35502	0.1179
0.0004375	32709	0.09062
0.00044375	30134	0.069658
0.00045	27762	0.053547
0.00045625	25577	0.041164
0.0004625	23564	0.031646
0.00046875	21709	0.02433
0.000475	20000	0.018706
0.00048125	18425	0.014382
0.0004875	16975	0.011058
0.00049375	15638	0.0085024
0.0005	14407	0.0065375
0.00050625	13273	0.0050268
0.0005125	12228	0.0038653
0.00051875	11265	0.0029721
0.000525	10378	0.0022854
0.00053125	9560.8	0.0017573
0.0005375	8808.1	0.0013512
0.00054375	8114.5	0.001039
0.00055	7475.6	0.00079886
0.00055625	6886.9	0.00061423
0.0005625	6344.6	0.00047226
0.00056875	5845	0.00036309
0.000575	5384.8	0.00027915
0.00058125	4960.7	0.00021461
0.0005875	4570.1	0.00016498
0.00059375	4210.2	0.00012682
0.0006	3878.7	9.7484e-05
0.00060625	3573.3	7.4928e-05
0.0006125	3291.9	5.7587e-05
0.00061875	3032.7	4.4257e-05
0.000625	2793.9	3.4009e-05
0.00063125	2573.9	2.6132e-05
0.0006375	2371.2	2.0078e-05
0.00064375	2184.5	1.5424e-05
0.00065	2012.5	1.1848e-05
0.00065625	1854	9.0999e-06
0.0006625	1708	6.988e-06
0.00066875	1573.5	5.3654e-06
0.000675	1449.6	4.1187e-06
0.00068125	1335.5	3.1611e-06
0.0006875	1230.3	2.4254e-06
0.00069375	1133.5	1.8604e-06
0.0007	1044.2	1.4266e-06
0.00070625	961.97	1.0934e-06
0.0007125	886.22	8.3768e-07
0.00071875	816.43	6.4137e-07
0.000725	752.14	4.9072e-07
0.00073125	692.91	3.7511e-07
0.0007375	638.34	2.8643e-07
0.00074375	588.07	2.1842e-07
0.00075	541.76	1.6631e-07
0.00075625	499.09	1.2639e-07
0.0007625	459.78	9.5828e-08
0.00076875	423.56	7.245e-08
0.000775	390.2	5.4582e-08
0.00078125	359.46	4.0942e-08
0.0007875	331.14	3.0542e-08
0.00079375	305.05	2.2628e-08
0.0008	281.02	1.6617e-08
0.00080625	258.88	1.2065e-08
0.0008125	238.48	8.6285e-09
0.00081875	219.68	6.0462e-09
0.000825	202.37	4.1165e-09
0.00083125	186.42	2.6851e-09
0.0008375	171.72	1.6342e-09
0.00084375	158.18	8.7263e-10
0.00085	145.71	3.3109e-10
0.00085625	134.22	-4.3624e-11
0.0008625	123.64	-2.9213e-10
0.00086875	113.88	-4.4533e-10
0.000875	104.9	-5.2685e-10
0.00088125	96.623	-5.5458e-10
0.0008875	88.998	-5.4211e-10
0.00089375	81.974	-4.9939e-10
0.0009	75.503	-4.3376e-10
0.00090625	69.542	-3.4983e-10
0.0009125	64.051	-2.4959e-10
0.00091875	58.993	-1.3017e-10
0.000925	54.333	4.1576e-11
0.00093125	50.041	2.5801e-10
0.0009375	46.087	3.6409e-10
0.00094375	42.445	4.4205e-10
0.00095	39.09	5.0333e-10
0.00095625	36	5.5238e-10
0.0009625	33.153	5.9167e-10
0.00096875	30.531	6.2273e-10
0.000975	28.117	6.467e-10
0.00098125	25.893	6.6444e-10
0.0009875	23.844	6.7666e-10
0.00099375	21.957	6.8398e-10
0.001	20.22	6.8691e-10
0.0010062	18.62	6.8598e-10
0.0010125	17.146	6.8159e-10
0.0010187	15.789	6.7416e-10
0.001025	14.539	6.6405e-10
0.0010313	13.388	6.516e-10
0.0010375	12.328	6.3712e-10
0.0010437	11.352	6.2092e-10
0.00105	10.454	6.0323e-10
0.0010562	9.6265	5.8434e-10
0.0010625	8.8648	5.6445e-10
0.0010688	8.1635	5.4378e-10
0.001075	7.5179	5.2252e-10
0.0010812	6.9234	5.0085e-10
0.0010875	6.3762	4.7892e-10
0.0010938	5.8725	4.5689e-10
0.0011	5.4088	4.3489e-10
0.0011063	4.9819	4.1302e-10
0.0011125	4.5891	3.914e-10
0.0011187	4.2274	3.7012e-10
0.001125	3.8946	3.4927e-10
0.0011313	3.5882	3.289e-10
0.0011375	3.3063	3.0908e-10
0.0011438	3.0467	2.8988e-10
0.00115	2.808	2.713e-10
0.0011562	2.5881	2.5341e-10
0.0011625	2.386	2.3623e-10
0.0011688	2.1998	2.1976e-10
0.001175	2.0286	2.0404e-10
0.0011813	1.871	1.8906e-10
0.0011875	1.726	1.7482e-10
0.0011937	1.5925	1.6132e-10
0.0012	1.4698	1.4856e-10
0.0012063	1.3568	1.3652e-10
0.0012125	1.2529	1.252e-10
0.0012187	1.1572	1.1456e-10
0.001225	1.0693	1.0461e-10
0.0012312	0.98824	9.5301e-11
0.0012375	0.91378	8.663e-11
0.0012438	0.84516	7.8563e-11
0.00125	0.78213	7.1079e-11
0.0012562	0.72401	6.4148e-11
0.0012625	0.67063	5.7748e-11
0.0012687	0.6214	5.1851e-11
0.001275	0.5762	4.643e-11
0.0012813	0.53449	4.1458e-11
0.0012875	0.4962	3.6911e-11
0.0012937	0.46086	3.276e-11
0.0013	0.42841	2.8984e-11
0.0013062	0.39845	2.5553e-11
0.0013125	0.37094	2.2451e-11
0.0013188	0.34553	1.965e-11
0.001325	0.3222	1.7128e-11
0.0013312	0.30064	1.4866e-11
0.0013375	0.28084	1.2843e-11
0.0013437	0.26253	1.104e-11
0.00135	0.24573	9.4406e-12
0.0013563	0.23017	8.0248e-12
0.0013625	0.21589	6.7785e-12
0.0013687	0.20266	5.6863e-12
0.001375	0.19051	4.7341e-12
0.0013813	0.17925	3.9071e-12
0.0013875	0.16891	3.195e-12
0.0013938	0.15931	2.5845e-12
0.0014	0.1505	2.0663e-12
0.0014062	0.14231	1.6297e-12
0.0014125	0.13478	1.2646e-12
0.0014188	0.12779	9.6368e-13
0.001425	0.12135	7.1889e-13
0.0014313	0.11536	5.2272e-13
0.0014375	0.10986	3.6831e-13
0.0014437	0.10472	2.4939e-13
0.00145	0.099995	1.6093e-13
0.0014563	0.095583	9.7284e-14
0.0014625	0.091518	5.3491e-14
0.0014688	0.087719	2.561e-14
0.001475	0.084215	1.0139e-14
0.0014812	0.080935	2.6857e-15
0.0014875	0.077905	4.9638e-16
0.0014938	0.075065	1.5415e-16
0.0015	0.072438	-5.5517e-16
0.0015062	0.06997	-4.3129e-15
0.0015125	0.067683	-1.2884e-14
0.0015187	0.065531	-2.8437e-14
0.001525	0.063534	-5.2828e-14
0.0015313	0.06165	-8.6988e-14
0.0015375	0.059898	-1.3292e-13
0.0015437	0.058241	-1.9125e-13
0.00155	0.056697	-2.6355e-13
0.0015562	0.055233	-3.5012e-13
0.0015625	0.053865	-4.5169e-13
0.0015688	0.052564	-5.6913e-13
0.001575	0.051345	-7.0261e-13
0.0015812	0.050183	-8.5282e-13
0.0015875	0.049091	-1.0193e-12
0.0015937	0.048046	-1.2027e-12
0.0016	0.047061	-1.4029e-12
0.0016063	0.046115	-1.6196e-12
0.0016125	0.045221	-1.8529e-12
0.0016187	0.04436	-2.1025e-12
0.001625	0.043543	-2.368e-12
0.0016313	0.042752	-2.6491e-12
0.0016375	0.042	-2.9453e-12
0.0016438	0.04127	-3.2558e-12
0.00165	0.040573	-3.5805e-12
0.0016562	0.039893	-3.9182e-12
0.0016625	0.039242	-4.2689e-12
0.0016688	0.038605	-4.6313e-12
0.001675	0.037993	-5.005e-12
0.0016813	0.037393	-5.3892e-12
0.0016875	0.036814	-5.783e-12
0.0016937	0.036243	-6.1855e-12
0.0017	0.035692	-6.596e-12
0.0017063	0.035147	-7.0135e-12
0.0017125	0.034618	-7.4373e-12
0.0017188	0.034095	-7.8664e-12
0.001725	0.033586	-8.2999e-12
0.0017312	0.033081	-8.737e-12
0.0017375	0.032588	-9.1769e-12
0.0017438	0.032098	-9.6185e-12
0.00175	0.031619	-1.0061e-11
0.0017562	0.031142	-1.0504e-11
0.0017625	0.030675	-1.0946e-11
0.0017687	0.030208	-1.1387e-11
0.001775	0.029751	-1.1825e-11
0.0017813	0.029293	-1.226e-11
0.0017875	0.028844	-1.2692e-11
0.0017937	0.028395	-1.3119e-11
0.0018	0.027953	-1.354e-11
0.0018062	0.027511	-1.3956e-11
0.0018125	0.027075	-1.4366e-11
0.0018188	0.026639	-1.4768e-11
0.001825	0.026209	-1.5163e-11
0.0018312	0.025778	-1.555e-11
0.0018375	0.025353	-1.5928e-11
0.0018437	0.024928	-1.6297e-11
0.00185	0.024507	-1.6657e-11
0.0018563	0.024087	-1.7007e-11
0.0018625	0.023671	-1.7346e-11
0.0018687	0.023255	-1.7675e-11
0.001875	0.022843	-1.7994e-11
0.0018812	0.022432	-1.8301e-11
0.0018875	0.022025	-1.8597e-11
0.0018938	0.021618	-1.8881e-11
0.0019	0.021215	-1.9155e-11
0.0019062	0.020812	-1.9416e-11
0.0019125	0.020414	-1.9666e-11
0.0019188	0.020016	-1.9903e-11
0.001925	0.019623	-2.0129e-11
0.0019313	0.01923	-2.0343e-11
0.0019375	0.018842	-2.0546e-11
0.0019437	0.018454	-2.0736e-11
0.00195	0.01807	-2.0915e-11
0.0019563	0.017688	-2.1083e-11
0.0019625	0.017309	-2.1238e-11
0.0019688	0.016932	-2.1383e-11
0.001975	0.01656	-2.1516e-11
0.0019812	0.016189	-2.1639e-11
0.0019875	0.015822	-2.175e-11
0.0019937	0.015457	-2.1851e-11
0.002	0.015096	-2.1942e-11
0.0020062	0.014737	-2.2022e-11
0.0020125	0.014383	-2.2093e-11
0.0020188	0.014031	-2.2154e-11
0.002025	0.013683	-2.2205e-11
0.0020313	0.013338	-2.2248e-11
0.0020375	0.012997	-2.2281e-11
0.0020437	0.012659	-2.2307e-11
0.00205	0.012326	-2.2324e-11
0.0020562	0.011995	-2.2333e-11
0.0020625	0.011669	-2.2334e-11
0.0020687	0.011346	-2.2328e-11
0.002075	0.011028	-2.2315e-11
0.0020813	0.010713	-2.2295e-11
0.0020875	0.010402	-2.2269e-11
0.0020938	0.010095	-2.2237e-11
0.0021	0.0097924	-2.2199e-11
0.0021063	0.0094936	-2.2155e-11
0.0021125	0.0091994	-2.2107e-11
0.0021187	0.0089089	-2.2053e-11
0.002125	0.0086232	-2.1995e-11
0.0021312	0.0083413	-2.1933e-11
0.0021375	0.0080642	-2.1866e-11
0.0021437	0.0077911	-2.1796e-11
0.00215	0.0075227	-2.1722e-11
0.0021563	0.0072585	-2.1645e-11
0.0021625	0.006999	-2.1566e-11
0.0021688	0.0067437	-2.1483e-11
0.002175	0.0064932	-2.1399e-11
0.0021813	0.0062471	-2.1312e-11
0.0021875	0.0060057	-2.1223e-11
0.0021937	0.0057688	-2.1132e-11
0.0022	0.0055366	-2.1041e-11
0.0022062	0.0053089	-2.0948e-11
0.0022125	0.0050861	-2.0854e-11
0.0022187	0.0048678	-2.0759e-11
0.002225	0.0046542	-2.0663e-11
0.0022313	0.0044454	-2.0568e-11
0.0022375	0.0042413	-2.0472e-11
0.0022438	0.0040418	-2.0376e-11
0.00225	0.0038472	-2.028e-11
0.0022563	0.0036573	-2.0185e-11
0.0022625	0.0034722	-2.0091e-11
0.0022687	0.0032918	-1.9997e-11
0.002275	0.0031163	-1.9904e-11
0.0022812	0.0029455	-1.9812e-11
0.0022875	0.0027795	-1.9721e-11
0.0022938	0.0026183	-1.9631e-11
0.0023	0.002462	-1.9543e-11
0.0023063	0.0023104	-1.9456e-11
0.0023125	0.0021636	-1.9371e-11
0.0023188	0.0020217	-1.9288e-11
0.002325	0.0018845	-1.9207e-11
0.0023312	0.0017522	-1.9128e-11
0.0023375	0.0016247	-1.905e-11
0.0023437	0.0015021	-1.8975e-11
0.00235	0.0013842	-1.8903e-11
0.0023562	0.0012712	-1.8832e-11
0.0023625	0.001163	-1.8765e-11
0.0023688	0.0010596	-1.8699e-11
0.002375	0.00096099	-1.8637e-11
0.0023813	0.00086723	-1.8576e-11
0.0023875	0.00077829	-1.8519e-11
0.0023938	0.00069418	-1.8464e-11
0.0024	0.00061487	-1.8413e-11
0.0024062	0.00054038	-1.8364e-11
0.0024125	0.0004707	-1.8318e-11
0.0024187	0.00040584	-1.8275e-11
0.002425	0.00034578	-1.8235e-11
0.0024312	0.00029054	-1.8198e-11
0.0024375	0.00024011	-1.8164e-11
0.0024438	0.00019448	-1.8134e-11
0.00245	0.00015365	-1.8106e-11
0.0024563	0.00011764	-1.8082e-11
0.0024625	8.6425e-05	-1.8061e-11
0.0024688	6.0016e-05	-1.8043e-11
0.002475	3.8409e-05	-1.8028e-11
0.0024812	2.1605e-05	-1.8017e-11
0.0024875	9.6021e-06	-1.8009e-11
0.0024937	2.4005e-06	-1.8004e-11
0.0025	0	-1.8002e-11
