0	1.2638e+10	1.0623e+08
6.25e-06	1.2377e+10	1.0628e+08
1.25e-05	1.2165e+10	1.0626e+08
1.875e-05	1.193e+10	1.063e+08
2.5e-05	1.1737e+10	1.0628e+08
3.125e-05	1.1517e+10	1.063e+08
3.75e-05	1.1335e+10	1.0629e+08
4.375e-05	1.1124e+10	1.063e+08
5e-05	1.095e+10	1.0629e+08
5.625e-05	1.0747e+10	1.063e+08
6.25e-05	1.0579e+10	1.0629e+08
6.875e-05	1.0381e+10	1.0629e+08
7.5e-05	1.0218e+10	1.0629e+08
8.125e-05	1.0025e+10	1.0629e+08
8.75e-05	9.8652e+09	1.0628e+08
9.375e-05	9.6763e+09	1.0629e+08
0.0001	9.5204e+09	1.0628e+08
0.00010625	9.3353e+09	1.0628e+08
0.0001125	9.1825e+09	1.0628e+08
0.00011875	9.0008e+09	1.0628e+08
0.000125	8.8508e+09	1.0627e+08
0.00013125	8.6724e+09	1.0627e+08
0.0001375	8.5251e+09	1.0627e+08
0.00014375	8.3496e+09	1.0627e+08
0.00015	8.2049e+09	1.0626e+08
0.00015625	8.0324e+09	1.0626e+08
0.0001625	7.8901e+09	1.0625e+08
0.00016875	7.7204e+09	1.0625e+08
0.000175	7.5804e+09	1.0625e+08
0.00018125	7.4135e+09	1.0625e+08
0.0001875	7.2759e+09	1.0624e+08
0.00019375	7.1118e+09	1.0624e+08
0.0002	6.9763e+09	1.0623e+08
0.00020625	6.815e+09	1.0623e+08
0.0002125	6.6817e+09	1.0622e+08
0.00021875	6.5231e+09	1.0622e+08
0.000225	6.3921e+09	1.0621e+08
0.00023125	6.2362e+09	1.0621e+08
0.0002375	6.1074e+09	1.062e+08
0.00024375	5.9543e+09	1.0619e+08
0.00025	5.8277e+09	1.0619e+08
0.00025625	5.6774e+09	1.0618e+08
0.0002625	5.553e+09	1.0617e+08
0.00026875	5.4055e+09	1.0616e+08
0.000275	5.2834e+09	1.0615e+08
0.00028125	5.1386e+09	1.0615e+08
0.0002875	5.0188e+09	1.0614e+08
0.00029375	4.8769e+09	1.0613e+08
0.0003	4.7594e+09	1.0611e+08
0.00030625	4.6204e+09	1.061e+08
0.0003125	4.5052e+09	1.0609e+08
0.00031875	4.3692e+09	1.0608e+08
0.000325	4.2563e+09	1.0606e+08
0.00033125	4.1233e+09	1.0605e+08
0.0003375	4.0128e+09	1.0603e+08
0.00034375	3.8829e+09	1.0601e+08
0.00035	3.7747e+09	1.0599e+08
0.00035625	3.6479e+09	1.0597e+08
0.0003625	3.5423e+09	1.0594e+08
0.00036875	3.4187e+09	1.0592e+08
0.000375	3.3155e+09	1.0589e+08
0.00038125	3.1951e+09	1.0586e+08
0.0003875	3.0945e+09	1.0583e+08
0.00039375	2.9775e+09	1.0579e+08
0.0004	2.8795e+09	1.0575e+08
0.00040625	2.7658e+09	1.0571e+08
0.0004125	2.6705e+09	1.0566e+08
0.00041875	2.5602e+09	1.056e+08
0.000425	2.4676e+09	1.0554e+08
0.00043125	2.3609e+09	1.0548e+08
0.0004375	2.2711e+09	1.054e+08
0.00044375	2.1681e+09	1.0532e+08
0.00045	2.0811e+09	1.0523e+08
0.00045625	1.9818e+09	1.0513e+08
0.0004625	1.8978e+09	1.0502e+08
0.00046875	1.8023e+09	1.0489e+08
0.000475	1.7214e+09	1.0474e+08
0.00048125	1.6298e+09	1.0458e+08
0.0004875	1.552e+09	1.0439e+08
0.00049375	1.4645e+09	1.0418e+08
0.0005	1.39e+09	1.0393e+08
0.00050625	1.3067e+09	1.0366e+08
0.0005125	1.2357e+09	1.0334e+08
0.00051875	1.1567e+09	1.0297e+08
0.000525	1.0892e+09	1.0255e+08
0.00053125	1.0149e+09	1.0206e+08
0.0005375	9.5109e+08	1.0149e+08
0.00054375	8.8153e+08	1.0084e+08
0.00055	8.2168e+08	1.0007e+08
0.00055625	7.5714e+08	9.9176e+07
0.0005625	7.0143e+08	9.8134e+07
0.00056875	6.4218e+08	9.6918e+07
0.000575	5.9087e+08	9.5499e+07
0.00058125	5.3718e+08	9.3846e+07
0.0005875	4.9053e+08	9.1924e+07
0.00059375	4.4269e+08	8.9699e+07
0.0006	4.0097e+08	8.7134e+07
0.00060625	3.5923e+08	8.4203e+07
0.0006125	3.2271e+08	8.0877e+07
0.00061875	2.8723e+08	7.7155e+07
0.000625	2.5607e+08	7.3034e+07
0.00063125	2.2681e+08	6.8561e+07
0.0006375	2.0103e+08	6.3771e+07
0.00064375	1.7768e+08	5.8778e+07
0.00065	1.5701e+08	5.3647e+07
0.00065625	1.3894e+08	4.8546e+07
0.0006625	1.2282e+08	4.3537e+07
0.00066875	1.0913e+08	3.8796e+07
0.000675	9.6801e+07	3.4336e+07
0.00068125	8.652e+07	3.0283e+07
0.0006875	7.7166e+07	2.658e+07
0.00069375	6.9438e+07	2.3298e+07
0.0007	6.2347e+07	2.0339e+07
0.00070625	5.648e+07	1.7745e+07
0.0007125	5.1048e+07	1.5426e+07
0.00071875	4.6533e+07	1.34e+07
0.000725	4.2329e+07	1.1599e+07
0.00073125	3.8802e+07	1.0027e+07
0.0007375	3.5502e+07	8.6399e+06
0.00074375	3.271e+07	7.4303e+06
0.00075	3.0087e+07	6.3693e+06
0.00075625	2.7841e+07	5.4476e+06
0.0007625	2.5726e+07	4.6449e+06
0.00076875	2.3889e+07	3.9514e+06
0.000775	2.2157e+07	3.3516e+06
0.00078125	2.0637e+07	2.8364e+06
0.0007875	1.9202e+07	2.3938e+06
0.00079375	1.7928e+07	2.0157e+06
0.0008	1.6727e+07	1.6928e+06
0.00080625	1.5649e+07	1.4186e+06
0.0008125	1.4632e+07	1.1859e+06
0.00081875	1.3711e+07	9.8931e+05
0.000825	1.2842e+07	8.2337e+05
0.00083125	1.205e+07	6.8396e+05
0.0008375	1.1302e+07	5.669e+05
0.00084375	1.0616e+07	4.6904e+05
0.00085	9.968e+06	3.8729e+05
0.00085625	9.3699e+06	3.1925e+05
0.0008625	8.8059e+06	2.6268e+05
0.00086875	8.2827e+06	2.158e+05
0.000875	7.7894e+06	1.7698e+05
0.00088125	7.3301e+06	1.4494e+05
0.0008875	6.8971e+06	1.1851e+05
0.00089375	6.4927e+06	96777
0.0009	6.1116e+06	78916
0.00090625	5.7549e+06	64273
0.0009125	5.4188e+06	52280
0.00091875	5.1036e+06	42477
0.000925	4.8066e+06	34472
0.00093125	4.5277e+06	27946
0.0009375	4.2649e+06	22632
0.00094375	4.0179e+06	18311
0.00095	3.7852e+06	14800
0.00095625	3.5663e+06	11952
0.0009625	3.3601e+06	9644.1
0.00096875	3.166e+06	7775.2
0.000975	2.9831e+06	6263.4
0.00098125	2.8109e+06	5041.8
0.0009875	2.6487e+06	4055.5
0.00099375	2.4959e+06	3259.9
0.001	2.3519e+06	2618.6
0.0010062	2.2163e+06	2102.1
0.0010125	2.0885e+06	1686.4
0.0010187	1.9681e+06	1352.2
0.001025	1.8547e+06	1083.5
0.0010313	1.7478e+06	867.79
0.0010375	1.6471e+06	694.63
0.0010437	1.5522e+06	555.75
0.00105	1.4628e+06	444.41
0.0010562	1.3785e+06	355.21
0.0010625	1.2991e+06	283.79
0.0010688	1.2242e+06	226.62
0.001075	1.1537e+06	180.9
0.0010812	1.0873e+06	144.34
0.0010875	1.0246e+06	115.12
0.0010938	9.6561e+05	91.778
0.0011	9.1e+05	73.142
0.0011063	8.5758e+05	58.269
0.0011125	8.0819e+05	46.403
0.0011187	7.6164e+05	36.941
0.001125	7.1777e+05	29.398
0.0011313	6.7643e+05	23.387
0.0011375	6.3747e+05	18.599
0.0011438	6.0076e+05	14.786
0.00115	5.6616e+05	11.751
0.0011562	5.3355e+05	9.3361
0.0011625	5.0282e+05	7.4151
0.0011688	4.7386e+05	5.8875
0.001175	4.4657e+05	4.6731
0.0011813	4.2084e+05	3.708
0.0011875	3.9661e+05	2.9413
0.0011937	3.7376e+05	2.3324
0.0012	3.5223e+05	1.849
0.0012063	3.3194e+05	1.4651
0.0012125	3.1282e+05	1.1606
0.0012187	2.9481e+05	0.91894
0.001225	2.7782e+05	0.72732
0.0012312	2.6182e+05	0.57543
0.0012375	2.4674e+05	0.4551
0.0012438	2.3252e+05	0.35981
0.00125	2.1913e+05	0.28437
0.0012562	2.0651e+05	0.22466
0.0012625	1.9461e+05	0.17741
0.0012687	1.834e+05	0.14004
0.001275	1.7283e+05	0.11049
0.0012813	1.6287e+05	0.087134
0.0012875	1.5349e+05	0.068682
0.0012937	1.4464e+05	0.05411
0.0013	1.3631e+05	0.042607
0.0013062	1.2846e+05	0.033531
0.0013125	1.2105e+05	0.026373
0.0013188	1.1408e+05	0.02073
0.001325	1.075e+05	0.016283
0.0013312	1.0131e+05	0.012782
0.0013375	95466	0.010026
0.0013437	89963	0.0078577
0.00135	84777	0.0061531
0.0013563	79890	0.0048139
0.0013625	75284	0.0037624
0.0013687	70943	0.0029375
0.001375	66852	0.0022907
0.0013813	62997	0.0017841
0.0013875	59364	0.0013876
0.0013938	55940	0.0010777
0.0014	52713	0.00083559
0.0014062	49672	0.00064675
0.0014125	46806	0.00049963
0.0014188	44106	0.00038517
0.001425	41560	0.00029625
0.0014313	39162	0.00022728
0.0014375	36902	0.00017386
0.0014437	34771	0.00013263
0.00145	32764	0.0001009
0.0014563	30872	7.6532e-05
0.0014625	29090	5.7882e-05
0.0014688	27410	4.3654e-05
0.001475	25826	3.2842e-05
0.0014812	24335	2.4662e-05
0.0014875	22929	1.8504e-05
0.0014938	21604	1.3894e-05
0.0015	20355	1.0465e-05
0.0015062	19179	7.9328e-06
0.0015125	18070	6.0793e-06
0.0015187	17025	4.736e-06
0.001525	16041	3.7736e-06
0.0015313	15113	3.0937e-06
0.0015375	14239	2.6212e-06
0.0015437	13415	2.2992e-06
0.00155	12639	2.0851e-06
0.0015562	11907	1.9467e-06
0.0015625	11218	1.861e-06
0.0015688	10569	1.8095e-06
0.001575	9956.9	1.7796e-06
0.0015812	9380.3	1.7625e-06
0.0015875	8837	1.752e-06
0.0015937	8325.2	1.7436e-06
0.0016	7842.8	1.7346e-06
0.0016063	7388.4	1.7231e-06
0.0016125	6960.2	1.7083e-06
0.0016187	6556.8	1.69e-06
0.001625	6176.7	1.6684e-06
0.0016313	5818.6	1.644e-06
0.0016375	5481.2	1.6169e-06
0.0016438	5163.3	1.5874e-06
0.00165	4863.8	1.5559e-06
0.0016562	4581.7	1.5224e-06
0.0016625	4315.9	1.4874e-06
0.0016688	4065.5	1.4509e-06
0.001675	3829.6	1.4132e-06
0.0016813	3607.3	1.3746e-06
0.0016875	3398	1.3351e-06
0.0016937	3200.7	1.295e-06
0.0017	3015	1.2545e-06
0.0017063	2839.9	1.2137e-06
0.0017125	2675.1	1.1728e-06
0.0017188	2519.8	1.1319e-06
0.001725	2373.5	1.0911e-06
0.0017312	2235.8	1.0505e-06
0.0017375	2106	1.0103e-06
0.0017438	1983.8	9.7061e-07
0.00175	1868.6	9.314e-07
0.0017562	1760.2	8.9283e-07
0.0017625	1658.1	8.5494e-07
0.0017687	1561.9	8.1781e-07
0.001775	1471.3	7.8148e-07
0.0017813	1386	7.4602e-07
0.0017875	1305.7	7.1145e-07
0.0017937	1230	6.778e-07
0.0018	1158.7	6.4513e-07
0.0018062	1091.6	6.1343e-07
0.0018125	1028.5	5.8273e-07
0.0018188	968.94	5.5304e-07
0.001825	912.93	5.2437e-07
0.0018312	860.16	4.9671e-07
0.0018375	810.49	4.7008e-07
0.0018437	763.71	4.4446e-07
0.00185	719.68	4.1984e-07
0.0018563	678.2	3.9622e-07
0.0018625	639.17	3.7359e-07
0.0018687	602.4	3.5192e-07
0.001875	567.8	3.3121e-07
0.0018812	535.21	3.1141e-07
0.0018875	504.55	2.9253e-07
0.0018938	475.66	2.7454e-07
0.0019	448.48	2.5741e-07
0.0019062	422.87	2.4112e-07
0.0019125	398.79	2.2564e-07
0.0019188	376.1	2.1095e-07
0.001925	354.76	1.9702e-07
0.0019313	334.64	1.8383e-07
0.0019375	315.73	1.7135e-07
0.0019437	297.9	1.5956e-07
0.00195	281.14	1.4842e-07
0.0019563	265.34	1.3791e-07
0.0019625	250.49	1.28e-07
0.0019688	236.49	1.1868e-07
0.001975	223.32	1.0991e-07
0.0019812	210.91	1.0167e-07
0.0019875	199.24	9.3942e-08
0.0019937	188.23	8.6692e-08
0.002	177.88	7.9901e-08
0.0020062	168.12	7.3547e-08
0.0020125	158.94	6.761e-08
0.0020188	150.28	6.2066e-08
0.002025	142.14	5.702e-08
0.0020313	134.45	5.2333e-08
0.0020375	127.22	4.7979e-08
0.0020437	120.4	4.3938e-08
0.00205	113.98	4.0194e-08
0.0020562	107.91	3.6726e-08
0.0020625	102.2	3.3521e-08
0.0020687	96.807	3.0562e-08
0.002075	91.729	2.7836e-08
0.0020813	86.926	2.5325e-08
0.0020875	82.403	2.3018e-08
0.0020938	78.121	2.0901e-08
0.0021	74.087	1.896e-08
0.0021063	70.266	1.7186e-08
0.0021125	66.663	1.5566e-08
0.0021187	63.247	1.409e-08
0.002125	60.024	1.2747e-08
0.0021312	56.965	1.1529e-08
0.0021375	54.076	1.0425e-08
0.0021437	51.331	9.4275e-09
0.00215	48.736	8.5275e-09
0.0021563	46.268	7.7185e-09
0.0021625	43.931	6.9929e-09
0.0021688	41.707	6.3435e-09
0.002175	39.599	5.7632e-09
0.0021813	37.589	5.2482e-09
0.0021875	35.681	4.7909e-09
0.0021937	33.86	4.3871e-09
0.0022	32.13	4.0312e-09
0.0022062	30.476	3.7191e-09
0.0022125	28.902	3.4467e-09
0.0022187	27.396	3.2093e-09
0.002225	25.96	3.0037e-09
0.0022313	24.585	2.8272e-09
0.0022375	23.273	2.6754e-09
0.0022438	22.015	2.5461e-09
0.00225	20.812	2.4367e-09
0.0022563	19.658	2.345e-09
0.0022625	18.554	2.2676e-09
0.0022687	17.493	2.2036e-09
0.002275	16.478	2.1513e-09
0.0022812	15.502	2.1082e-09
0.0022875	14.568	2.0737e-09
0.0022938	13.669	2.0454e-09
0.0023	12.808	2.0238e-09
0.0023063	11.981	2.0055e-09
0.0023125	11.188	1.992e-09
0.0023188	10.427	1.9811e-09
0.002325	9.6974	1.9725e-09
0.0023312	8.9978	1.9655e-09
0.0023375	8.3282	1.9597e-09
0.0023437	7.6868	1.9544e-09
0.00235	7.074	1.9497e-09
0.0023562	6.4883	1.9452e-09
0.0023625	5.9299	1.9399e-09
0.0023688	5.3978	1.935e-09
0.002375	4.8921	1.9294e-09
0.0023813	4.412	1.9236e-09
0.0023875	3.9576	1.9172e-09
0.0023938	3.5284	1.9102e-09
0.0024	3.1244	1.9031e-09
0.0024062	2.7451	1.8956e-09
0.0024125	2.3908	1.8878e-09
0.0024187	2.0611	1.8794e-09
0.002425	1.756	1.8711e-09
0.0024312	1.4754	1.8631e-09
0.0024375	1.2193	1.8549e-09
0.0024438	0.98757	1.8475e-09
0.00245	0.78031	1.8402e-09
0.0024563	0.59742	1.8334e-09
0.0024625	0.43893	1.8272e-09
0.0024688	0.30482	1.8218e-09
0.002475	0.19509	1.8175e-09
0.0024812	0.10974	1.8138e-09
0.0024875	0.048775	1.8114e-09
0.0024937	0.012194	1.8096e-09
0.0025	0	1.8089e-09
