0	1.0236e+10	5.214e+07
6.25e-06	1.0026e+10	5.2301e+07
1.25e-05	9.8748e+09	5.2163e+07
1.875e-05	9.6964e+09	5.2316e+07
2.5e-05	9.5637e+09	5.2214e+07
3.125e-05	9.3978e+09	5.2303e+07
3.75e-05	9.2743e+09	5.2224e+07
4.375e-05	9.1161e+09	5.2296e+07
5e-05	8.9981e+09	5.2227e+07
5.625e-05	8.8452e+09	5.229e+07
6.25e-05	8.7311e+09	5.2229e+07
6.875e-05	8.5823e+09	5.2285e+07
7.5e-05	8.4711e+09	5.2229e+07
8.125e-05	8.3256e+09	5.2281e+07
8.75e-05	8.217e+09	5.2228e+07
9.375e-05	8.0742e+09	5.2276e+07
0.0001	7.9677e+09	5.2228e+07
0.00010625	7.8274e+09	5.2273e+07
0.0001125	7.7228e+09	5.2227e+07
0.00011875	7.5847e+09	5.2269e+07
0.000125	7.4818e+09	5.2225e+07
0.00013125	7.3458e+09	5.2265e+07
0.0001375	7.2445e+09	5.2224e+07
0.00014375	7.1105e+09	5.2261e+07
0.00015	7.0106e+09	5.2222e+07
0.00015625	6.8785e+09	5.2257e+07
0.0001625	6.78e+09	5.222e+07
0.00016875	6.6497e+09	5.2254e+07
0.000175	6.5526e+09	5.2218e+07
0.00018125	6.4241e+09	5.225e+07
0.0001875	6.3283e+09	5.2216e+07
0.00019375	6.2016e+09	5.2246e+07
0.0002	6.107e+09	5.2214e+07
0.00020625	5.9821e+09	5.2242e+07
0.0002125	5.8888e+09	5.2211e+07
0.00021875	5.7656e+09	5.2238e+07
0.000225	5.6735e+09	5.2209e+07
0.00023125	5.5521e+09	5.2233e+07
0.0002375	5.4613e+09	5.2206e+07
0.00024375	5.3416e+09	5.2229e+07
0.00025	5.252e+09	5.2203e+07
0.00025625	5.1341e+09	5.2225e+07
0.0002625	5.0458e+09	5.22e+07
0.00026875	4.9296e+09	5.222e+07
0.000275	4.8426e+09	5.2197e+07
0.00028125	4.7282e+09	5.2215e+07
0.0002875	4.6424e+09	5.2193e+07
0.00029375	4.5299e+09	5.221e+07
0.0003	4.4454e+09	5.219e+07
0.00030625	4.3346e+09	5.2205e+07
0.0003125	4.2514e+09	5.2186e+07
0.00031875	4.1425e+09	5.22e+07
0.000325	4.0607e+09	5.2182e+07
0.00033125	3.9537e+09	5.2194e+07
0.0003375	3.8731e+09	5.2177e+07
0.00034375	3.768e+09	5.2188e+07
0.00035	3.6888e+09	5.2172e+07
0.00035625	3.5857e+09	5.2182e+07
0.0003625	3.5078e+09	5.2167e+07
0.00036875	3.4067e+09	5.2175e+07
0.000375	3.3302e+09	5.2161e+07
0.00038125	3.2311e+09	5.2168e+07
0.0003875	3.156e+09	5.2155e+07
0.00039375	3.0589e+09	5.2161e+07
0.0004	2.9853e+09	5.2148e+07
0.00040625	2.8903e+09	5.2152e+07
0.0004125	2.8181e+09	5.214e+07
0.00041875	2.7252e+09	5.2143e+07
0.000425	2.6545e+09	5.2132e+07
0.00043125	2.5638e+09	5.2133e+07
0.0004375	2.4946e+09	5.2122e+07
0.00044375	2.4061e+09	5.2122e+07
0.00045	2.3384e+09	5.211e+07
0.00045625	2.2522e+09	5.2109e+07
0.0004625	2.186e+09	5.2097e+07
0.00046875	2.1021e+09	5.2094e+07
0.000475	2.0375e+09	5.2081e+07
0.00048125	1.956e+09	5.2076e+07
0.0004875	1.893e+09	5.2063e+07
0.00049375	1.8138e+09	5.2055e+07
0.0005	1.7526e+09	5.2041e+07
0.00050625	1.6758e+09	5.203e+07
0.0005125	1.6162e+09	5.2013e+07
0.00051875	1.5419e+09	5.2e+07
0.000525	1.4841e+09	5.198e+07
0.00053125	1.4123e+09	5.1962e+07
0.0005375	1.3563e+09	5.1938e+07
0.00054375	1.2872e+09	5.1915e+07
0.00055	1.233e+09	5.1885e+07
0.00055625	1.1665e+09	5.1854e+07
0.0005625	1.1142e+09	5.1816e+07
0.00056875	1.0504e+09	5.1775e+07
0.000575	1.0001e+09	5.1726e+07
0.00058125	9.3914e+08	5.1671e+07
0.0005875	8.9081e+08	5.1605e+07
0.00059375	8.3281e+08	5.153e+07
0.0006	7.8658e+08	5.1441e+07
0.00060625	7.3162e+08	5.1337e+07
0.0006125	6.8758e+08	5.1213e+07
0.00061875	6.3577e+08	5.1066e+07
0.000625	5.9406e+08	5.0891e+07
0.00063125	5.4556e+08	5.068e+07
0.0006375	5.0629e+08	5.0426e+07
0.00064375	4.613e+08	5.0118e+07
0.00065	4.2465e+08	4.9742e+07
0.00065625	3.8337e+08	4.9284e+07
0.0006625	3.4954e+08	4.8721e+07
0.00066875	3.1226e+08	4.8031e+07
0.000675	2.815e+08	4.7183e+07
0.00068125	2.4853e+08	4.6142e+07
0.0006875	2.2115e+08	4.487e+07
0.00069375	1.9283e+08	4.3327e+07
0.0007	1.6917e+08	4.1471e+07
0.00070625	1.4581e+08	3.9282e+07
0.0007125	1.2621e+08	3.674e+07
0.00071875	1.0793e+08	3.3885e+07
0.000725	9.2554e+07	3.0755e+07
0.00073125	7.9102e+07	2.7486e+07
0.0007375	6.7724e+07	2.4169e+07
0.00074375	5.8328e+07	2.1014e+07
0.00075	5.0249e+07	1.8084e+07
0.00075625	4.3794e+07	1.5551e+07
0.0007625	3.8089e+07	1.3351e+07
0.00076875	3.3562e+07	1.1525e+07
0.000775	2.949e+07	9.9477e+06
0.00078125	2.625e+07	8.6092e+06
0.0007875	2.3301e+07	7.4323e+06
0.00079375	2.0936e+07	6.4126e+06
0.0008	1.8754e+07	5.5102e+06
0.00080625	1.6981e+07	4.7272e+06
0.0008125	1.5331e+07	4.0365e+06
0.00081875	1.3968e+07	3.4396e+06
0.000825	1.2696e+07	2.9172e+06
0.00083125	1.1627e+07	2.4676e+06
0.0008375	1.0628e+07	2.0783e+06
0.00084375	9.7777e+06	1.7452e+06
0.00085	8.9811e+06	1.4595e+06
0.00085625	8.293e+06	1.2168e+06
0.0008625	7.6481e+06	1.0107e+06
0.00086875	7.0831e+06	8.3697e+05
0.000875	6.5536e+06	6.9068e+05
0.00088125	6.0838e+06	5.6831e+05
0.0008875	5.6436e+06	4.6611e+05
0.00089375	5.249e+06	3.8123e+05
0.0009	4.8794e+06	3.1087e+05
0.00090625	4.545e+06	2.5285e+05
0.0009125	4.2319e+06	2.0508e+05
0.00091875	3.9466e+06	1.6593e+05
0.000925	3.6794e+06	1.3391e+05
0.00093125	3.4345e+06	1.0782e+05
0.0009375	3.2051e+06	86614
0.00094375	2.9938e+06	69433
0.00095	2.796e+06	55539
0.00095625	2.613e+06	44340
0.0009625	2.4418e+06	35330
0.00096875	2.2829e+06	28101
0.000975	2.1341e+06	22311
0.00098125	1.9958e+06	17685
0.0009875	1.8664e+06	13996
0.00099375	1.7459e+06	11060
0.001	1.633e+06	8726.8
0.0010062	1.5278e+06	6876.6
0.0010125	1.4293e+06	5411.4
0.0010187	1.3374e+06	4253.1
0.001025	1.2513e+06	3338.6
0.0010313	1.1709e+06	2617.8
0.0010375	1.0957e+06	2050.4
0.0010437	1.0254e+06	1604.2
0.00105	9.5958e+05	1253.9
0.0010562	8.9804e+05	979.17
0.0010625	8.4045e+05	763.91
0.0010688	7.8658e+05	595.46
0.001075	7.3617e+05	463.76
0.0010812	6.8901e+05	360.9
0.0010875	6.4488e+05	280.64
0.0010938	6.0358e+05	218.07
0.0011	5.6493e+05	169.32
0.0011063	5.2876e+05	131.39
0.0011125	4.9492e+05	101.88
0.0011187	4.6324e+05	78.957
0.001125	4.336e+05	61.152
0.0011313	4.0585e+05	47.335
0.0011375	3.7989e+05	36.619
0.0011438	3.5558e+05	28.314
0.00115	3.3284e+05	21.881
0.0011562	3.1155e+05	16.902
0.0011625	2.9162e+05	13.049
0.0011688	2.7297e+05	10.07
0.001175	2.5552e+05	7.7677
0.0011813	2.3918e+05	5.9892
0.0011875	2.2389e+05	4.616
0.0011937	2.0958e+05	3.556
0.0012	1.9618e+05	2.7381
0.0012063	1.8364e+05	2.1074
0.0012125	1.719e+05	1.6213
0.0012187	1.6091e+05	1.2467
0.001225	1.5063e+05	0.95844
0.0012312	1.41e+05	0.73663
0.0012375	1.3199e+05	0.56606
0.0012438	1.2356e+05	0.43486
0.00125	1.1567e+05	0.33398
0.0012562	1.0828e+05	0.25643
0.0012625	1.0136e+05	0.19684
0.0012687	94884	0.15107
0.001275	88823	0.11591
0.0012813	83149	0.088914
0.0012875	77838	0.068193
0.0012937	72866	0.05229
0.0013	68213	0.040089
0.0013062	63856	0.030729
0.0013125	59778	0.023549
0.0013188	55961	0.018044
0.001325	52387	0.013822
0.0013312	49042	0.010586
0.0013375	45910	0.0081053
0.0013437	42979	0.0062041
0.00135	40235	0.0047472
0.0013563	37666	0.003631
0.0013625	35261	0.002776
0.0013687	33009	0.0021212
0.001375	30902	0.0016198
0.0013813	28929	0.0012361
0.0013875	27082	0.00094245
0.0013938	25352	0.00071788
0.0014	23734	0.00054622
0.0014062	22218	0.00041507
0.0014125	20800	0.00031494
0.0014188	19472	0.00023852
0.001425	18228	0.00018034
0.0014313	17064	0.00013613
0.0014375	15975	0.00010258
0.0014437	14955	7.7175e-05
0.00145	14000	5.7988e-05
0.0014563	13106	4.3537e-05
0.0014625	12269	3.2692e-05
0.0014688	11485	2.4587e-05
0.001475	10752	1.8559e-05
0.0014812	10065	1.4104e-05
0.0014875	9422.3	1.0835e-05
0.0014938	8820.5	8.4566e-06
0.0015	8257.1	6.7457e-06
0.0015062	7729.7	5.5317e-06
0.0015125	7236	4.6851e-06
0.0015187	6773.8	4.1083e-06
0.001525	6341.1	3.7273e-06
0.0015313	5936	3.4868e-06
0.0015375	5556.9	3.3453e-06
0.0015437	5201.9	3.2724e-06
0.00155	4869.6	3.245e-06
0.0015562	4558.6	3.2455e-06
0.0015625	4267.4	3.2622e-06
0.0015688	3994.8	3.2867e-06
0.001575	3739.6	3.3131e-06
0.0015812	3500.8	3.3368e-06
0.0015875	3277.2	3.3551e-06
0.0015937	3067.9	3.3666e-06
0.0016	2872	3.3708e-06
0.0016063	2688.7	3.3681e-06
0.0016125	2517	3.3588e-06
0.0016187	2356.3	3.3434e-06
0.001625	2206	3.3222e-06
0.0016313	2065.2	3.2957e-06
0.0016375	1933.4	3.2642e-06
0.0016438	1810.1	3.2281e-06
0.00165	1694.7	3.1879e-06
0.0016562	1586.6	3.1438e-06
0.0016625	1485.5	3.0963e-06
0.0016688	1390.9	3.0457e-06
0.001675	1302.3	2.9924e-06
0.0016813	1219.4	2.9367e-06
0.0016875	1141.8	2.8789e-06
0.0016937	1069.1	2.8192e-06
0.0017	1001.1	2.7581e-06
0.0017063	937.52	2.6957e-06
0.0017125	877.97	2.6324e-06
0.0017188	822.23	2.5683e-06
0.001725	770.07	2.5037e-06
0.0017312	721.24	2.4388e-06
0.0017375	675.55	2.3739e-06
0.0017438	632.77	2.3089e-06
0.00175	592.75	2.2443e-06
0.0017562	555.27	2.18e-06
0.0017625	520.21	2.1162e-06
0.0017687	487.38	2.0532e-06
0.001775	456.66	1.9908e-06
0.0017813	427.9	1.9294e-06
0.0017875	400.99	1.8689e-06
0.0017937	375.78	1.8094e-06
0.0018	352.2	1.7511e-06
0.0018062	330.11	1.6939e-06
0.0018125	309.45	1.6379e-06
0.0018188	290.09	1.5832e-06
0.001825	271.99	1.5298e-06
0.0018312	255.02	1.4777e-06
0.0018375	239.15	1.4269e-06
0.0018437	224.27	1.3775e-06
0.00185	210.36	1.3294e-06
0.0018563	197.31	1.2827e-06
0.0018625	185.11	1.2373e-06
0.0018687	173.67	1.1933e-06
0.001875	162.97	1.1506e-06
0.0018812	152.94	1.1093e-06
0.0018875	143.55	1.0692e-06
0.0018938	134.75	1.0305e-06
0.0019	126.51	9.9297e-07
0.0019062	118.78	9.5673e-07
0.0019125	111.55	9.217e-07
0.0019188	104.77	8.8787e-07
0.001925	98.418	8.552e-07
0.0019313	92.459	8.2367e-07
0.0019375	86.883	7.9325e-07
0.0019437	81.648	7.639e-07
0.00195	76.748	7.3561e-07
0.0019563	72.146	7.0833e-07
0.0019625	67.839	6.8204e-07
0.0019688	63.793	6.5672e-07
0.001975	60.005	6.3232e-07
0.0019812	56.446	6.0882e-07
0.0019875	53.113	5.8619e-07
0.0019937	49.98	5.644e-07
0.002	47.045	5.4343e-07
0.0020062	44.287	5.2324e-07
0.0020125	41.702	5.0382e-07
0.0020188	39.271	4.8512e-07
0.002025	36.993	4.6714e-07
0.0020313	34.85	4.4983e-07
0.0020375	32.84	4.3319e-07
0.0020437	30.949	4.1717e-07
0.00205	29.176	4.0177e-07
0.0020562	27.506	3.8696e-07
0.0020625	25.94	3.7272e-07
0.0020687	24.464	3.5903e-07
0.002075	23.079	3.4586e-07
0.0020813	21.774	3.332e-07
0.0020875	20.548	3.2103e-07
0.0020938	19.393	3.0933e-07
0.0021	18.307	2.9809e-07
0.0021063	17.283	2.8728e-07
0.0021125	16.32	2.769e-07
0.0021187	15.411	2.6692e-07
0.002125	14.556	2.5733e-07
0.0021312	13.749	2.4812e-07
0.0021375	12.988	2.3927e-07
0.0021437	12.27	2.3077e-07
0.00215	11.592	2.2261e-07
0.0021563	10.952	2.1478e-07
0.0021625	10.347	2.0725e-07
0.0021688	9.7757	2.0003e-07
0.002175	9.2354	1.9309e-07
0.0021813	8.7243	1.8644e-07
0.0021875	8.2405	1.8006e-07
0.0021937	7.7825	1.7393e-07
0.0022	7.3484	1.6806e-07
0.0022062	6.9372	1.6243e-07
0.0022125	6.547	1.5703e-07
0.0022187	6.1771	1.5185e-07
0.002225	5.8256	1.4689e-07
0.0022313	5.4921	1.4214e-07
0.0022375	5.1748	1.3759e-07
0.0022438	4.8736	1.3324e-07
0.00225	4.5866	1.2907e-07
0.0022563	4.314	1.2508e-07
0.0022625	4.0541	1.2127e-07
0.0022687	3.807	1.1762e-07
0.002275	3.5712	1.1414e-07
0.0022812	3.3469	1.1081e-07
0.0022875	3.1327	1.0763e-07
0.0022938	2.9289	1.046e-07
0.0023	2.7342	1.017e-07
0.0023063	2.5489	9.8946e-08
0.0023125	2.3719	9.6319e-08
0.0023188	2.2035	9.382e-08
0.002325	2.0427	9.1442e-08
0.0023312	1.8898	8.9183e-08
0.0023375	1.7438	8.7037e-08
0.0023437	1.6053	8.5003e-08
0.00235	1.4732	8.3075e-08
0.0023562	1.3479	8.1251e-08
0.0023625	1.2288	7.9527e-08
0.0023688	1.1161	7.79e-08
0.002375	1.0091	7.6368e-08
0.0023813	0.90833	7.4928e-08
0.0023875	0.81307	7.3576e-08
0.0023938	0.72365	7.2312e-08
0.0024	0.63959	7.1131e-08
0.0024062	0.56113	7.0033e-08
0.0024125	0.48789	6.9014e-08
0.0024187	0.42007	6.8074e-08
0.002425	0.35738	6.7211e-08
0.0024312	0.29996	6.6422e-08
0.0024375	0.24759	6.5707e-08
0.0024438	0.20038	6.5064e-08
0.00245	0.15816	6.4492e-08
0.0024563	0.12102	6.399e-08
0.0024625	0.088843	6.3556e-08
0.0024688	0.061672	6.3191e-08
0.002475	0.039448	6.2893e-08
0.0024812	0.022185	6.2662e-08
0.0024875	0.0098565	6.2497e-08
0.0024937	0.0024641	6.2398e-08
0.0025	0	6.2365e-08
