0	8.1253e+08	8.3559e+07
6.25e-06	7.6513e+08	8.3391e+07
1.25e-05	7.2322e+08	8.3201e+07
1.875e-05	6.8016e+08	8.2985e+07
2.5e-05	6.4197e+08	8.2739e+07
3.125e-05	6.0249e+08	8.2458e+07
3.75e-05	5.6729e+08	8.2137e+07
4.375e-05	5.3081e+08	8.177e+07
5e-05	4.982e+08	8.135e+07
5.625e-05	4.6442e+08	8.0867e+07
6.25e-05	4.3417e+08	8.0313e+07
6.875e-05	4.0294e+08	7.9676e+07
7.5e-05	3.7493e+08	7.8944e+07
8.125e-05	3.4618e+08	7.8102e+07
8.75e-05	3.2037e+08	7.7136e+07
9.375e-05	2.9409e+08	7.6028e+07
0.0001	2.7048e+08	7.4759e+07
0.00010625	2.4671e+08	7.3311e+07
0.0001125	2.2533e+08	7.1664e+07
0.00011875	2.0412e+08	6.9802e+07
0.000125	1.8504e+08	6.7704e+07
0.00013125	1.6645e+08	6.5365e+07
0.0001375	1.497e+08	6.2771e+07
0.00014375	1.3376e+08	5.9932e+07
0.00015	1.1939e+08	5.6847e+07
0.00015625	1.0605e+08	5.3554e+07
0.0001625	9.4016e+07	5.0067e+07
0.00016875	8.3165e+07	4.6453e+07
0.000175	7.3352e+07	4.2736e+07
0.00018125	6.4761e+07	3.9008e+07
0.0001875	5.6961e+07	3.5293e+07
0.00019375	5.0327e+07	3.1688e+07
0.0002	4.4271e+07	2.8207e+07
0.00020625	3.9242e+07	2.4933e+07
0.0002125	3.4624e+07	2.1862e+07
0.00021875	3.086e+07	1.9053e+07
0.000225	2.7384e+07	1.6484e+07
0.00023125	2.4583e+07	1.4188e+07
0.0002375	2.1981e+07	1.2133e+07
0.00024375	1.989e+07	1.033e+07
0.00025	1.7938e+07	8.7455e+06
0.00025625	1.636e+07	7.3765e+06
0.0002625	1.4881e+07	6.1907e+06
0.00026875	1.3673e+07	5.1785e+06
0.000275	1.2536e+07	4.3125e+06
0.00028125	1.1594e+07	3.5807e+06
0.0002875	1.0704e+07	2.9612e+06
0.00029375	9.9533e+06	2.4421e+06
0.0003	9.2435e+06	2.0066e+06
0.00030625	8.6337e+06	1.6445e+06
0.0003125	8.0564e+06	1.3433e+06
0.00031875	7.5516e+06	1.0946e+06
0.000325	7.0733e+06	8.8921e+05
0.00033125	6.6484e+06	7.207e+05
0.0003375	6.2457e+06	5.8253e+05
0.00034375	5.883e+06	4.6984e+05
0.00035	5.5392e+06	3.7802e+05
0.00035625	5.2258e+06	3.0354e+05
0.0003625	4.9288e+06	2.432e+05
0.00036875	4.6555e+06	1.9451e+05
0.000375	4.3966e+06	1.5527e+05
0.00038125	4.1565e+06	1.2375e+05
0.0003875	3.929e+06	98461
0.00039375	3.7169e+06	78229
0.0004	3.5159e+06	62066
0.00040625	3.3277e+06	49182
0.0004125	3.1493e+06	38925
0.00041875	2.9818e+06	30775
0.000425	2.823e+06	24307
0.00043125	2.6734e+06	19182
0.0004375	2.5318e+06	15125
0.00044375	2.3981e+06	11917
0.00045	2.2714e+06	9383.9
0.00045625	2.1518e+06	7384.9
0.0004625	2.0385e+06	5808.8
0.00046875	1.9313e+06	4567.1
0.000475	1.8297e+06	3589.4
0.00048125	1.7336e+06	2820.2
0.0004875	1.6426e+06	2215.2
0.00049375	1.5564e+06	1739.7
0.0005	1.4748e+06	1365.9
0.00050625	1.3975e+06	1072.4
0.0005125	1.3243e+06	841.86
0.00051875	1.2549e+06	660.86
0.000525	1.1892e+06	518.76
0.00053125	1.1269e+06	407.23
0.0005375	1.0679e+06	319.69
0.00054375	1.012e+06	250.99
0.00055	9.5906e+05	197.07
0.00055625	9.0888e+05	154.75
0.0005625	8.6133e+05	121.54
0.00056875	8.1628e+05	95.473
0.000575	7.7359e+05	75.009
0.00058125	7.3314e+05	58.942
0.0005875	6.9481e+05	46.326
0.00059375	6.5849e+05	36.419
0.0006	6.2407e+05	28.637
0.00060625	5.9145e+05	22.523
0.0006125	5.6054e+05	17.718
0.00061875	5.3125e+05	13.942
0.000625	5.0349e+05	10.974
0.00063125	4.7718e+05	8.6399
0.0006375	4.5226e+05	6.804
0.00064375	4.2863e+05	5.3597
0.00065	4.0624e+05	4.2231
0.00065625	3.8502e+05	3.3285
0.0006625	3.6491e+05	2.6241
0.00066875	3.4586e+05	2.0693
0.000675	3.278e+05	1.6323
0.00068125	3.1068e+05	1.288
0.0006875	2.9446e+05	1.0165
0.00069375	2.7908e+05	0.80252
0.0007	2.6451e+05	0.63374
0.00070625	2.507e+05	0.50059
0.0007125	2.3762e+05	0.39552
0.00071875	2.2521e+05	0.31259
0.000725	2.1346e+05	0.24711
0.00073125	2.0232e+05	0.1954
0.0007375	1.9176e+05	0.15455
0.00074375	1.8175e+05	0.12227
0.00075	1.7226e+05	0.096755
0.00075625	1.6328e+05	0.076584
0.0007625	1.5476e+05	0.060632
0.00076875	1.4668e+05	0.048014
0.000775	1.3903e+05	0.038031
0.00078125	1.3177e+05	0.03013
0.0007875	1.249e+05	0.023876
0.00079375	1.1838e+05	0.018924
0.0008	1.1221e+05	0.015002
0.00080625	1.0635e+05	0.011895
0.0008125	1.008e+05	0.0094336
0.00081875	95546	0.0074829
0.000825	90562	0.0059366
0.00083125	85838	0.0047107
0.0008375	81361	0.0037386
0.00084375	77118	0.0029676
0.00085	73095	0.002356
0.00085625	69283	0.0018707
0.0008625	65670	0.0014856
0.00086875	62245	0.0011799
0.000875	58999	0.00093723
0.00088125	55922	0.00074457
0.0008875	53006	0.00059158
0.00089375	50242	0.00047008
0.0009	47622	0.00037357
0.00090625	45139	0.00029691
0.0009125	42785	0.000236
0.00091875	40554	0.0001876
0.000925	38440	0.00014913
0.00093125	36435	0.00011857
0.0009375	34536	9.4269e-05
0.00094375	32735	7.4955e-05
0.00095	31028	5.96e-05
0.00095625	29410	4.7393e-05
0.0009625	27877	3.7687e-05
0.00096875	26423	2.997e-05
0.000975	25046	2.3833e-05
0.00098125	23740	1.8952e-05
0.0009875	22502	1.5071e-05
0.00099375	21329	1.1985e-05
0.001	20217	9.5299e-06
0.0010062	19163	7.5775e-06
0.0010125	18164	6.0248e-06
0.0010187	17217	4.7899e-06
0.001025	16319	3.8078e-06
0.0010313	15468	3.0267e-06
0.0010375	14662	2.4055e-06
0.0010437	13897	1.9116e-06
0.00105	13173	1.5188e-06
0.0010562	12486	1.2064e-06
0.0010625	11835	9.5809e-07
0.0010688	11218	7.6065e-07
0.001075	10633	6.0369e-07
0.0010812	10078	4.7893e-07
0.0010875	9552.6	3.798e-07
0.0010938	9054.5	3.0103e-07
0.0011	8582.2	2.3847e-07
0.0011063	8134.6	1.888e-07
0.0011125	7710.4	1.4939e-07
0.0011187	7308.2	1.1811e-07
0.001125	6927	9.3308e-08
0.0011313	6565.6	7.3647e-08
0.0011375	6223.1	5.8067e-08
0.0011438	5898.5	4.5734e-08
0.00115	5590.7	3.5975e-08
0.0011562	5299	2.8261e-08
0.0011625	5022.5	2.2165e-08
0.0011688	4760.4	1.7357e-08
0.001175	4512	1.3566e-08
0.0011813	4276.5	1.0581e-08
0.0011875	4053.3	8.2345e-09
0.0011937	3841.7	6.3931e-09
0.0012	3641.1	4.9503e-09
0.0012063	3451	3.823e-09
0.0012125	3270.8	2.9436e-09
0.0012187	3100	2.2584e-09
0.001225	2938.1	1.7274e-09
0.0012312	2784.7	1.3175e-09
0.0012375	2639.2	1.0002e-09
0.0012438	2501.3	7.5739e-10
0.00125	2370.7	5.7236e-10
0.0012562	2246.8	4.3273e-10
0.0012625	2129.4	3.2549e-10
0.0012687	2018.1	2.45e-10
0.001275	1912.6	1.8585e-10
0.0012813	1812.6	1.4179e-10
0.0012875	1717.8	1.0998e-10
0.0012937	1628	8.6845e-11
0.0013	1542.8	6.9411e-11
0.0013062	1462.1	5.6613e-11
0.0013125	1385.6	4.7364e-11
0.0013188	1313.1	4.047e-11
0.001325	1244.4	3.5693e-11
0.0013312	1179.3	3.0028e-11
0.0013375	1117.6	2.5909e-11
0.0013437	1059.1	2.2646e-11
0.00135	1003.6	1.7889e-11
0.0013563	951.04	1.5109e-11
0.0013625	901.22	1.4075e-11
0.0013687	854.01	1.4224e-11
0.001375	809.25	1.5395e-11
0.0013813	766.85	1.6946e-11
0.0013875	726.65	1.9155e-11
0.0013938	688.56	2.2764e-11
0.0014	652.45	2.5683e-11
0.0014062	618.24	2.8338e-11
0.0014125	585.81	3.1965e-11
0.0014188	555.08	3.4749e-11
0.001425	525.95	3.7777e-11
0.0014313	498.35	4.0422e-11
0.0014375	472.19	4.3008e-11
0.0014437	447.4	4.5149e-11
0.00145	423.91	4.7194e-11
0.0014563	401.65	4.8854e-11
0.0014625	380.55	5.0463e-11
0.0014688	360.56	5.1813e-11
0.001475	341.61	5.2768e-11
0.0014812	323.66	5.3284e-11
0.0014875	306.65	5.3967e-11
0.0014938	290.53	5.4051e-11
0.0015	275.26	5.4221e-11
0.0015062	260.78	5.4019e-11
0.0015125	247.07	5.3706e-11
0.0015187	234.07	5.3176e-11
0.001525	221.76	5.2569e-11
0.0015313	210.09	5.1765e-11
0.0015375	199.04	5.0937e-11
0.0015437	188.56	4.9638e-11
0.00155	178.64	4.8525e-11
0.0015562	169.24	4.7187e-11
0.0015625	160.33	4.5934e-11
0.0015688	151.89	4.4591e-11
0.001575	143.89	4.3165e-11
0.0015812	136.32	4.1619e-11
0.0015875	129.14	4.0158e-11
0.0015937	122.34	3.865e-11
0.0016	115.9	3.7056e-11
0.0016063	109.79	3.5374e-11
0.0016125	104.01	3.3857e-11
0.0016187	98.534	3.2375e-11
0.001625	93.346	3.0868e-11
0.0016313	88.431	2.9194e-11
0.0016375	83.775	2.7792e-11
0.0016438	79.364	2.6454e-11
0.00165	75.187	2.4991e-11
0.0016562	71.229	2.3558e-11
0.0016625	67.481	2.2216e-11
0.0016688	63.929	2.0942e-11
0.001675	60.567	1.9725e-11
0.0016813	57.38	1.8451e-11
0.0016875	54.363	1.7316e-11
0.0016937	51.505	1.6177e-11
0.0017	48.799	1.5189e-11
0.0017063	46.234	1.3996e-11
0.0017125	43.807	1.309e-11
0.0017188	41.507	1.2189e-11
0.001725	39.329	1.1466e-11
0.0017312	37.266	1.044e-11
0.0017375	35.313	9.8717e-12
0.0017438	33.462	9.064e-12
0.00175	31.71	8.2225e-12
0.0017562	30.05	7.6539e-12
0.0017625	28.48	7.0393e-12
0.0017687	26.991	6.3897e-12
0.001775	25.582	5.9374e-12
0.0017813	24.247	5.3872e-12
0.0017875	22.984	4.9251e-12
0.0017937	21.787	4.4531e-12
0.0018	20.654	3.9776e-12
0.0018062	19.581	3.6875e-12
0.0018125	18.565	3.3571e-12
0.0018188	17.603	3.0193e-12
0.001825	16.692	2.6627e-12
0.0018312	15.829	2.4143e-12
0.0018375	15.013	2.1299e-12
0.0018437	14.239	1.892e-12
0.00185	13.507	1.7653e-12
0.0018563	12.813	1.5149e-12
0.0018625	12.157	1.3227e-12
0.0018687	11.534	1.2201e-12
0.001875	10.946	1.0727e-12
0.0018812	10.388	9.2666e-13
0.0018875	9.8606	8.4231e-13
0.0018938	9.3603	6.4489e-13
0.0019	8.8872	5.3296e-13
0.0019062	8.4385	5.1369e-13
0.0019125	8.0143	4.7754e-13
0.0019188	7.6118	3.7727e-13
0.001925	7.2314	2.9814e-13
0.0019313	6.8703	2.7023e-13
0.0019375	6.529	2.2948e-13
0.0019437	6.205	1.7866e-13
0.00195	5.8988	1.4506e-13
0.0019563	5.608	1.1136e-13
0.0019625	5.3331	1.3239e-13
0.0019688	5.0721	7.3783e-14
0.001975	4.8252	6.4603e-14
0.0019812	4.5907	1.873e-14
0.0019875	4.369	3.854e-14
0.0019937	4.1583	2.4926e-14
0.002	3.9589	7.0486e-15
0.0020062	3.7695	1.9895e-15
0.0020125	3.5902	1.9739e-14
0.0020188	3.4197	2.0023e-14
0.002025	3.2583	-5.6275e-15
0.0020313	3.1047	-4.4054e-16
0.0020375	2.9593	-4.9809e-15
0.0020437	2.8209	-4.7038e-15
0.00205	2.6898	3.9435e-15
0.0020562	2.5649	1.1071e-14
0.0020625	2.4464	1.2693e-14
0.0020687	2.3336	-3.5776e-15
0.002075	2.2265	5.4001e-16
0.0020813	2.1243	-1.4637e-15
0.0020875	2.0274	2.9488e-15
0.0020938	1.9348	4.8601e-15
0.0021	1.8469	-1.8133e-14
0.0021063	1.7628	-1.7053e-14
0.0021125	1.6829	-1.4822e-14
0.0021187	1.6065	-1.4225e-14
0.002125	1.5337	-2.2851e-14
0.0021312	1.4641	-3.0781e-14
0.0021375	1.3977	-2.9246e-14
0.0021437	1.3341	-3.3623e-14
0.00215	1.2735	-4.2348e-14
0.0021563	1.2153	-5.1443e-14
0.0021625	1.1597	-5.7327e-14
0.0021688	1.1063	-7.1452e-14
0.002175	1.0553	-8.859e-14
0.0021813	1.0062	-9.3848e-14
0.0021875	0.95926	-1.0266e-13
0.0021937	0.91408	-1.1451e-13
0.0022	0.87077	-1.2329e-13
0.0022062	0.82907	-1.4398e-13
0.0022125	0.78905	-1.6149e-13
0.0022187	0.75049	-1.728e-13
0.002225	0.71345	-1.9241e-13
0.0022313	0.67774	-2.01e-13
0.0022375	0.6434	-2.2362e-13
0.0022438	0.61027	-2.4471e-13
0.00225	0.5784	-2.4835e-13
0.0022563	0.54764	-2.8518e-13
0.0022625	0.51803	-2.9723e-13
0.0022687	0.48945	-3.1724e-13
0.002275	0.46194	-3.3418e-13
0.0022812	0.43538	-3.476e-13
0.0022875	0.40981	-3.6079e-13
0.0022938	0.38514	-3.8358e-13
0.0023	0.36139	-4.1382e-13
0.0023063	0.3385	-4.3036e-13
0.0023125	0.31647	-4.4923e-13
0.0023188	0.29526	-4.6504e-13
0.002325	0.27488	-4.9602e-13
0.0023312	0.25528	-5.0375e-13
0.0023375	0.23648	-5.2609e-13
0.0023437	0.21843	-5.3529e-13
0.00235	0.20115	-5.6707e-13
0.0023562	0.1846	-5.7673e-13
0.0023625	0.16881	-5.9759e-13
0.0023688	0.15373	-6.1601e-13
0.002375	0.13939	-6.3079e-13
0.0023813	0.12575	-6.483e-13
0.0023875	0.11284	-6.6223e-13
0.0023938	0.10063	-6.7632e-13
0.0024	0.089125	-6.9082e-13
0.0024062	0.078323	-7.1105e-13
0.0024125	0.068226	-7.1424e-13
0.0024187	0.058824	-7.3209e-13
0.002425	0.050123	-7.4846e-13
0.0024312	0.042117	-7.5187e-13
0.0024375	0.03481	-7.6381e-13
0.0024438	0.028197	-7.7455e-13
0.00245	0.02228	-7.7364e-13
0.0024563	0.017059	-7.8967e-13
0.0024625	0.012534	-7.8717e-13
0.0024688	0.0087044	-7.9791e-13
0.002475	0.0055712	-7.9638e-13
0.0024812	0.0031338	-7.9189e-13
0.0024875	0.0013929	-8.0962e-13
0.0024937	0.00034822	-8.1474e-13
0.0025	0	-8.086e-13
