0	1.1076e+09	3.5264e+07
6.25e-06	1.0633e+09	3.5238e+07
1.25e-05	1.0258e+09	3.5209e+07
1.875e-05	9.8571e+08	3.5178e+07
2.5e-05	9.5159e+08	3.5145e+07
3.125e-05	9.1442e+08	3.5109e+07
3.75e-05	8.8257e+08	3.507e+07
4.375e-05	8.4748e+08	3.5029e+07
5e-05	8.1735e+08	3.4984e+07
5.625e-05	7.8395e+08	3.4935e+07
6.25e-05	7.5523e+08	3.4883e+07
6.875e-05	7.2329e+08	3.4826e+07
7.5e-05	6.9579e+08	3.4765e+07
8.125e-05	6.6516e+08	3.4698e+07
8.75e-05	6.3877e+08	3.4625e+07
9.375e-05	6.0937e+08	3.4546e+07
0.0001	5.8402e+08	3.4459e+07
0.00010625	5.558e+08	3.4365e+07
0.0001125	5.3144e+08	3.4261e+07
0.00011875	5.0438e+08	3.4147e+07
0.000125	4.8101e+08	3.4022e+07
0.00013125	4.551e+08	3.3884e+07
0.0001375	4.327e+08	3.3731e+07
0.00014375	4.0796e+08	3.3563e+07
0.00015	3.8654e+08	3.3376e+07
0.00015625	3.6299e+08	3.3169e+07
0.0001625	3.4258e+08	3.2938e+07
0.00016875	3.2026e+08	3.2681e+07
0.000175	3.0089e+08	3.2394e+07
0.00018125	2.7985e+08	3.2073e+07
0.0001875	2.6156e+08	3.1714e+07
0.00019375	2.4187e+08	3.1312e+07
0.0002	2.2471e+08	3.086e+07
0.00020625	2.0644e+08	3.0354e+07
0.0002125	1.9049e+08	2.9785e+07
0.00021875	1.7372e+08	2.9148e+07
0.000225	1.5906e+08	2.8434e+07
0.00023125	1.4389e+08	2.7637e+07
0.0002375	1.306e+08	2.6749e+07
0.00024375	1.1713e+08	2.5764e+07
0.00025	1.053e+08	2.4677e+07
0.00025625	9.3599e+07	2.3489e+07
0.0002625	8.3314e+07	2.2197e+07
0.00026875	7.3435e+07	2.0813e+07
0.000275	6.4739e+07	1.9342e+07
0.00028125	5.6661e+07	1.7808e+07
0.0002875	4.954e+07	1.6223e+07
0.00029375	4.3159e+07	1.4628e+07
0.0003	3.7517e+07	1.3037e+07
0.00030625	3.2642e+07	1.1496e+07
0.0003125	2.831e+07	1.0015e+07
0.00031875	2.4686e+07	8.6385e+06
0.000325	2.1444e+07	7.3647e+06
0.00033125	1.8796e+07	6.2238e+06
0.0003375	1.6411e+07	5.204e+06
0.00034375	1.4489e+07	4.32e+06
0.00035	1.2746e+07	3.553e+06
0.00035625	1.1344e+07	2.9057e+06
0.0003625	1.0065e+07	2.3576e+06
0.00036875	9.0285e+06	1.9047e+06
0.000375	8.0788e+06	1.5285e+06
0.00038125	7.2968e+06	1.2227e+06
0.0003875	6.5783e+06	9.7274e+05
0.00039375	5.9753e+06	7.7207e+05
0.0004	5.42e+06	6.1009e+05
0.00040625	4.9447e+06	4.8132e+05
0.0004125	4.5065e+06	3.7842e+05
0.00041875	4.1247e+06	2.972e+05
0.000425	3.7726e+06	2.328e+05
0.00043125	3.4611e+06	1.8223e+05
0.0004375	3.1738e+06	1.4236e+05
0.00044375	2.9166e+06	1.1116e+05
0.00045	2.6793e+06	86676
0.00045625	2.465e+06	67561
0.0004625	2.2673e+06	52607
0.00046875	2.0875e+06	40952
0.000475	1.9217e+06	31855
0.00048125	1.7701e+06	24774
0.0004875	1.6304e+06	19257
0.00049375	1.5023e+06	14965
0.0005	1.3842e+06	11625
0.00050625	1.2757e+06	9028.9
0.0005125	1.1756e+06	7010.3
0.00051875	1.0836e+06	5442.1
0.000525	9.9871e+05	4223.6
0.00053125	9.2053e+05	3277.3
0.0005375	8.4847e+05	2542.6
0.00054375	7.8206e+05	1972.2
0.00055	7.2085e+05	1529.5
0.00055625	6.6442e+05	1185.9
0.0005625	6.1241e+05	919.39
0.00056875	5.6445e+05	712.64
0.000575	5.2026e+05	552.28
0.00058125	4.795e+05	427.94
0.0005875	4.4194e+05	331.53
0.00059375	4.073e+05	256.81
0.0006	3.7538e+05	198.89
0.00060625	3.4595e+05	154
0.0006125	3.1882e+05	119.23
0.00061875	2.9381e+05	92.291
0.000625	2.7077e+05	71.426
0.00063125	2.4952e+05	55.269
0.0006375	2.2994e+05	42.759
0.00064375	2.1189e+05	33.074
0.00065	1.9526e+05	25.578
0.00065625	1.7992e+05	19.777
0.0006625	1.658e+05	15.288
0.00066875	1.5277e+05	11.816
0.000675	1.4077e+05	9.1308
0.00068125	1.2971e+05	7.0541
0.0006875	1.1952e+05	5.4485
0.00069375	1.1013e+05	4.2074
0.0007	1.0147e+05	3.2483
0.00070625	93495	2.5072
0.0007125	86146	1.9347
0.00071875	79372	1.4926
0.000725	73132	1.1512
0.00073125	67381	0.88765
0.0007375	62083	0.68427
0.00074375	57200	0.52735
0.00075	52701	0.40631
0.00075625	48555	0.31296
0.0007625	44736	0.241
0.00076875	41216	0.18553
0.000775	37974	0.14279
0.00078125	34986	0.10986
0.0007875	32233	0.084498
0.00079375	29696	0.064964
0.0008	27359	0.049926
0.00080625	25205	0.038353
0.0008125	23222	0.029451
0.00081875	21393	0.02261
0.000825	19709	0.017351
0.00083125	18157	0.01331
0.0008375	16728	0.010206
0.00084375	15410	0.0078232
0.00085	14197	0.005994
0.00085625	13078	0.0045905
0.0008625	12048	0.0035141
0.00086875	11099	0.0026888
0.000875	10224	0.0020564
0.00088125	9418.8	0.0015719
0.0008875	8676.5	0.0012009
0.00089375	7992.6	0.00091695
0.0009	7362.5	0.00069969
0.00090625	6782	0.00053355
0.0009125	6247.2	0.00040657
0.00091875	5754.5	0.00030959
0.000925	5300.6	0.00023556
0.00093125	4882.4	0.0001791
0.0009375	4497.2	0.0001361
0.00094375	4142.2	0.00010338
0.00095	3815.3	7.853e-05
0.00095625	3514.1	5.9711e-05
0.0009625	3236.6	4.5513e-05
0.00096875	2980.9	3.4878e-05
0.000975	2745.4	2.7087e-05
0.00098125	2528.5	2.1751e-05
0.0009875	2328.7	1.7389e-05
0.00099375	2144.6	1.4038e-05
0.001	1975	1.1502e-05
0.0010062	1818.8	9.5947e-06
0.0010125	1674.9	8.1656e-06
0.0010187	1542.4	7.0981e-06
0.001025	1420.3	6.3022e-06
0.0010313	1307.9	5.709e-06
0.0010375	1204.3	5.2662e-06
0.0010437	1109	4.9339e-06
0.00105	1021.1	4.6822e-06
0.0010562	940.21	4.4884e-06
0.0010625	865.69	4.3355e-06
0.0010688	797.07	4.211e-06
0.001075	733.87	4.1054e-06
0.0010812	675.67	4.012e-06
0.0010875	622.07	3.9258e-06
0.0010938	572.72	3.8433e-06
0.0011	527.28	3.7621e-06
0.0011063	485.43	3.6805e-06
0.0011125	446.91	3.5975e-06
0.0011187	411.43	3.5125e-06
0.001125	378.78	3.4252e-06
0.0011313	348.71	3.3356e-06
0.0011375	321.03	3.2437e-06
0.0011438	295.55	3.1499e-06
0.00115	272.09	3.0544e-06
0.0011562	250.5	2.9575e-06
0.0011625	230.62	2.8595e-06
0.0011688	212.33	2.7608e-06
0.001175	195.49	2.6618e-06
0.0011813	180	2.5629e-06
0.0011875	165.74	2.4644e-06
0.0011937	152.62	2.3667e-06
0.0012	140.54	2.2701e-06
0.0012063	129.43	2.1748e-06
0.0012125	119.21	2.0811e-06
0.0012187	109.8	1.9892e-06
0.001225	101.15	1.8992e-06
0.0012312	93.183	1.8113e-06
0.0012375	85.863	1.7257e-06
0.0012438	79.122	1.6424e-06
0.00125	72.928	1.5616e-06
0.0012562	67.225	1.4832e-06
0.0012625	61.985	1.4074e-06
0.0012687	57.16	1.3342e-06
0.001275	52.729	1.2636e-06
0.0012813	48.648	1.1956e-06
0.0012875	44.901	1.1302e-06
0.0012937	41.45	1.0675e-06
0.0013	38.282	1.0073e-06
0.0013062	35.363	9.4959e-07
0.0013125	32.686	8.9442e-07
0.0013188	30.219	8.4171e-07
0.001325	27.956	7.914e-07
0.0013312	25.87	7.4343e-07
0.0013375	23.958	6.9774e-07
0.0013437	22.195	6.5428e-07
0.00135	20.579	6.1296e-07
0.0013563	19.089	5.7374e-07
0.0013625	17.724	5.3652e-07
0.0013687	16.465	5.0125e-07
0.001375	15.312	4.6785e-07
0.0013813	14.248	4.3625e-07
0.0013875	13.274	4.0638e-07
0.0013938	12.375	3.7817e-07
0.0014	11.552	3.5155e-07
0.0014062	10.792	3.2646e-07
0.0014125	10.097	3.0281e-07
0.0014188	9.4552	2.8056e-07
0.001425	8.8682	2.5963e-07
0.0014313	8.3255	2.3996e-07
0.0014375	7.8297	2.2149e-07
0.0014437	7.371	2.0417e-07
0.00145	6.9521	1.8794e-07
0.0014563	6.5643	1.7275e-07
0.0014625	6.2103	1.5853e-07
0.0014688	5.8825	1.4525e-07
0.001475	5.5833	1.3285e-07
0.0014812	5.306	1.2129e-07
0.0014875	5.0531	1.1053e-07
0.0014938	4.8184	1.0051e-07
0.0015	4.6045	9.1212e-08
0.0015062	4.4059	8.2582e-08
0.0015125	4.225	7.4589e-08
0.0015187	4.0567	6.7196e-08
0.001525	3.9035	6.037e-08
0.0015313	3.7609	5.4078e-08
0.0015375	3.6311	4.8291e-08
0.0015437	3.5101	4.2978e-08
0.00155	3.4	3.8111e-08
0.0015562	3.2972	3.3665e-08
0.0015625	3.2036	2.9612e-08
0.0015688	3.1162	2.5929e-08
0.001575	3.0366	2.2593e-08
0.0015812	2.962	1.958e-08
0.0015875	2.8941	1.687e-08
0.0015937	2.8304	1.4442e-08
0.0016	2.7723	1.2276e-08
0.0016063	2.7177	1.0353e-08
0.0016125	2.6678	8.6562e-09
0.0016187	2.6207	7.1672e-09
0.001625	2.5777	5.8697e-09
0.0016313	2.537	4.7479e-09
0.0016375	2.4997	3.7864e-09
0.0016438	2.4641	2.9707e-09
0.00165	2.4316	2.2868e-09
0.0016562	2.4004	1.7212e-09
0.0016625	2.3717	1.261e-09
0.0016688	2.344	8.9392e-10
0.001675	2.3185	6.0869e-10
0.0016813	2.2938	3.9375e-10
0.0016875	2.2708	2.38e-10
0.0016937	2.2484	1.3113e-10
0.0017	2.2275	6.337e-11
0.0017063	2.2069	2.5363e-11
0.0017125	2.1876	8.2419e-12
0.0017188	2.1685	3.5629e-12
0.001725	2.1504	3.3329e-12
0.0017312	2.1323	-3.4817e-15
0.0017375	2.1152	-1.3605e-11
0.0017438	2.0979	-4.4192e-11
0.00175	2.0814	-9.8094e-11
0.0017562	2.0647	-1.8124e-10
0.0017625	2.0486	-2.9916e-10
0.0017687	2.0321	-4.5703e-10
0.001775	2.0163	-6.596e-10
0.0017813	2	-9.113e-10
0.0017875	1.9842	-1.2162e-09
0.0017937	1.9679	-1.5779e-09
0.0018	1.952	-1.9999e-09
0.0018062	1.9355	-2.4852e-09
0.0018125	1.9195	-3.0364e-09
0.0018188	1.9028	-3.656e-09
0.001825	1.8864	-4.346e-09
0.0018312	1.8694	-5.1082e-09
0.0018375	1.8527	-5.9441e-09
0.0018437	1.8353	-6.8549e-09
0.00185	1.8181	-7.8416e-09
0.0018563	1.8003	-8.9048e-09
0.0018625	1.7827	-1.0045e-08
0.0018687	1.7644	-1.1262e-08
0.001875	1.7463	-1.2557e-08
0.0018812	1.7274	-1.3928e-08
0.0018875	1.7088	-1.5376e-08
0.0018938	1.6895	-1.6899e-08
0.0019	1.6704	-1.8498e-08
0.0019062	1.6505	-2.017e-08
0.0019125	1.6309	-2.1915e-08
0.0019188	1.6105	-2.3731e-08
0.001925	1.5903	-2.5617e-08
0.0019313	1.5695	-2.7572e-08
0.0019375	1.5488	-2.9593e-08
0.0019437	1.5275	-3.1678e-08
0.00195	1.5063	-3.3826e-08
0.0019563	1.4845	-3.6035e-08
0.0019625	1.4629	-3.8301e-08
0.0019688	1.4407	-4.0624e-08
0.001975	1.4186	-4.3e-08
0.0019812	1.396	-4.5428e-08
0.0019875	1.3736	-4.7905e-08
0.0019937	1.3506	-5.0427e-08
0.002	1.3278	-5.2994e-08
0.0020062	1.3045	-5.5602e-08
0.0020125	1.2814	-5.8248e-08
0.0020188	1.2579	-6.093e-08
0.002025	1.2345	-6.3645e-08
0.0020313	1.2107	-6.639e-08
0.0020375	1.1872	-6.9163e-08
0.0020437	1.1632	-7.1962e-08
0.00205	1.1395	-7.4783e-08
0.0020562	1.1153	-7.7623e-08
0.0020625	1.0915	-8.0481e-08
0.0020687	1.0673	-8.3353e-08
0.002075	1.0434	-8.6237e-08
0.0020813	1.0192	-8.913e-08
0.0020875	0.99529	-9.203e-08
0.0020938	0.97111	-9.4934e-08
0.0021	0.94723	-9.7839e-08
0.0021063	0.92314	-1.0074e-07
0.0021125	0.89935	-1.0365e-07
0.0021187	0.87539	-1.0654e-07
0.002125	0.85175	-1.0943e-07
0.0021312	0.82798	-1.1231e-07
0.0021375	0.80454	-1.1517e-07
0.0021437	0.78101	-1.1802e-07
0.00215	0.75783	-1.2086e-07
0.0021563	0.73459	-1.2367e-07
0.0021625	0.71171	-1.2647e-07
0.0021688	0.68882	-1.2924e-07
0.002175	0.6663	-1.3199e-07
0.0021813	0.6438	-1.3471e-07
0.0021875	0.62168	-1.374e-07
0.0021937	0.59963	-1.4006e-07
0.0022	0.57797	-1.427e-07
0.0022062	0.55641	-1.4529e-07
0.0022125	0.53526	-1.4786e-07
0.0022187	0.51424	-1.5038e-07
0.002225	0.49363	-1.5287e-07
0.0022313	0.4732	-1.5532e-07
0.0022375	0.45319	-1.5773e-07
0.0022438	0.43339	-1.601e-07
0.00225	0.41402	-1.6242e-07
0.0022563	0.39489	-1.647e-07
0.0022625	0.3762	-1.6693e-07
0.0022687	0.35778	-1.6912e-07
0.002275	0.33982	-1.7126e-07
0.0022812	0.32215	-1.7335e-07
0.0022875	0.30495	-1.7539e-07
0.0022938	0.28807	-1.7738e-07
0.0023	0.27167	-1.7932e-07
0.0023063	0.25562	-1.8121e-07
0.0023125	0.24005	-1.8304e-07
0.0023188	0.22485	-1.8482e-07
0.002325	0.21015	-1.8654e-07
0.0023312	0.19584	-1.8821e-07
0.0023375	0.18204	-1.8983e-07
0.0023437	0.16865	-1.9139e-07
0.00235	0.15577	-1.9289e-07
0.0023562	0.14333	-1.9433e-07
0.0023625	0.1314	-1.9571e-07
0.0023688	0.11993	-1.9704e-07
0.002375	0.10898	-1.9831e-07
0.0023813	0.098508	-1.9952e-07
0.0023875	0.088561	-2.0066e-07
0.0023938	0.079101	-2.0175e-07
0.0024	0.070175	-2.0278e-07
0.0024062	0.06175	-2.0375e-07
0.0024125	0.053864	-2.0465e-07
0.0024187	0.04649	-2.055e-07
0.002425	0.03966	-2.0628e-07
0.0024312	0.033353	-2.07e-07
0.0024375	0.027592	-2.0766e-07
0.0024438	0.022365	-2.0826e-07
0.00245	0.017686	-2.0879e-07
0.0024563	0.013547	-2.0926e-07
0.0024625	0.0099599	-2.0967e-07
0.0024688	0.0069189	-2.1002e-07
0.002475	0.0044303	-2.103e-07
0.0024812	0.0024925	-2.1052e-07
0.0024875	0.0011081	-2.1068e-07
0.0024937	0.00027703	-2.1077e-07
0.0025	0	-2.1081e-07
