0	8.9478e+08	1.3346e+07
6.25e-06	8.7061e+08	1.3334e+07
1.25e-05	8.5004e+08	1.3321e+07
1.875e-05	8.28e+08	1.3308e+07
2.5e-05	8.0907e+08	1.3294e+07
3.125e-05	7.8843e+08	1.328e+07
3.75e-05	7.7059e+08	1.3265e+07
4.375e-05	7.5094e+08	1.3249e+07
5e-05	7.3391e+08	1.3233e+07
5.625e-05	7.1504e+08	1.3217e+07
6.25e-05	6.9866e+08	1.3199e+07
6.875e-05	6.8045e+08	1.3181e+07
7.5e-05	6.6462e+08	1.3163e+07
8.125e-05	6.4698e+08	1.3144e+07
8.75e-05	6.3164e+08	1.3124e+07
9.375e-05	6.1451e+08	1.3103e+07
0.0001	5.9962e+08	1.3082e+07
0.00010625	5.8297e+08	1.3059e+07
0.0001125	5.6848e+08	1.3036e+07
0.00011875	5.5229e+08	1.3012e+07
0.000125	5.3819e+08	1.2987e+07
0.00013125	5.2242e+08	1.2961e+07
0.0001375	5.087e+08	1.2934e+07
0.00014375	4.9335e+08	1.2905e+07
0.00015	4.7998e+08	1.2876e+07
0.00015625	4.6504e+08	1.2845e+07
0.0001625	4.5202e+08	1.2813e+07
0.00016875	4.3748e+08	1.2779e+07
0.000175	4.2481e+08	1.2744e+07
0.00018125	4.1068e+08	1.2708e+07
0.0001875	3.9835e+08	1.2669e+07
0.00019375	3.8461e+08	1.2629e+07
0.0002	3.7263e+08	1.2587e+07
0.00020625	3.5929e+08	1.2542e+07
0.0002125	3.4765e+08	1.2496e+07
0.00021875	3.3472e+08	1.2447e+07
0.000225	3.2342e+08	1.2396e+07
0.00023125	3.109e+08	1.2342e+07
0.0002375	2.9995e+08	1.2285e+07
0.00024375	2.8784e+08	1.2225e+07
0.00025	2.7725e+08	1.2162e+07
0.00025625	2.6556e+08	1.2095e+07
0.0002625	2.5533e+08	1.2025e+07
0.00026875	2.4407e+08	1.195e+07
0.000275	2.3421e+08	1.1872e+07
0.00028125	2.2338e+08	1.1788e+07
0.0002875	2.1389e+08	1.17e+07
0.00029375	2.0352e+08	1.1606e+07
0.0003	1.9441e+08	1.1506e+07
0.00030625	1.8449e+08	1.1401e+07
0.0003125	1.7578e+08	1.1288e+07
0.00031875	1.6633e+08	1.1169e+07
0.000325	1.5802e+08	1.1041e+07
0.00033125	1.4906e+08	1.0906e+07
0.0003375	1.4117e+08	1.0761e+07
0.00034375	1.327e+08	1.0607e+07
0.00035	1.2524e+08	1.0442e+07
0.00035625	1.1728e+08	1.0267e+07
0.0003625	1.1026e+08	1.0079e+07
0.00036875	1.0283e+08	9.8794e+06
0.000375	9.6266e+07	9.6662e+06
0.00038125	8.9378e+07	9.439e+06
0.0003875	8.3287e+07	9.1969e+06
0.00039375	7.6956e+07	8.9394e+06
0.0004	7.1351e+07	8.6657e+06
0.00040625	6.5591e+07	8.3758e+06
0.0004125	6.0485e+07	8.0689e+06
0.00041875	5.5305e+07	7.7455e+06
0.000425	5.0709e+07	7.4053e+06
0.00043125	4.6115e+07	7.0497e+06
0.0004375	4.2034e+07	6.679e+06
0.00044375	3.8025e+07	6.2955e+06
0.00045	3.4459e+07	5.9004e+06
0.00045625	3.1021e+07	5.4976e+06
0.0004625	2.796e+07	5.0886e+06
0.00046875	2.5068e+07	4.6788e+06
0.000475	2.2489e+07	4.2702e+06
0.00048125	2.0103e+07	3.8693e+06
0.0004875	1.7972e+07	3.4778e+06
0.00049375	1.6041e+07	3.1025e+06
0.0005	1.4312e+07	2.7446e+06
0.00050625	1.2773e+07	2.41e+06
0.0005125	1.1393e+07	2.0985e+06
0.00051875	1.0181e+07	1.8147e+06
0.000525	9.0917e+06	1.5569e+06
0.00053125	8.1445e+06	1.3279e+06
0.0005375	7.29e+06	1.1246e+06
0.00054375	6.5501e+06	9.482e+05
0.00055	5.8808e+06	7.9489e+05
0.00055625	5.3005e+06	6.644e+05
0.0005625	4.7745e+06	5.5287e+05
0.00056875	4.316e+06	4.5931e+05
0.000575	3.8996e+06	3.8027e+05
0.00058125	3.534e+06	3.1459e+05
0.0005875	3.2016e+06	2.5953e+05
0.00059375	2.9074e+06	2.1404e+05
0.0006	2.6397e+06	1.7612e+05
0.00060625	2.4009e+06	1.4487e+05
0.0006125	2.1836e+06	1.1893e+05
0.00061875	1.9884e+06	97599
0.000625	1.8106e+06	79946
0.00063125	1.6501e+06	65448
0.0006375	1.504e+06	53488
0.00064375	1.3714e+06	43680
0.00065	1.2507e+06	35613
0.00065625	1.1408e+06	29009
0.0006625	1.0407e+06	23593
0.00066875	9.4936e+05	19168
0.000675	8.6621e+05	15550
0.00068125	7.9017e+05	12600
0.0006875	7.2095e+05	10196
0.00069375	6.5757e+05	8240
0.0007	5.9989e+05	6650.3
0.00070625	5.4704e+05	5360.8
0.0007125	4.9895e+05	4315.6
0.00071875	4.5487e+05	3469.9
0.000725	4.1477e+05	2786.4
0.00073125	3.7801e+05	2234.9
0.0007375	3.4457e+05	1790.3
0.00074375	3.1393e+05	1432.5
0.00075	2.8606e+05	1144.8
0.00075625	2.6053e+05	913.89
0.0007625	2.3731e+05	728.72
0.00076875	2.1605e+05	580.44
0.000775	1.9673e+05	461.82
0.00078125	1.7903e+05	367.07
0.0007875	1.6296e+05	291.45
0.00079375	1.4825e+05	231.18
0.0008	1.3489e+05	183.18
0.00080625	1.2267e+05	145.02
0.0008125	1.1157e+05	114.69
0.00081875	1.0143e+05	90.622
0.000825	92225	71.537
0.00083125	83814	56.422
0.0008375	76179	44.46
0.00084375	69211	35.004
0.00085	62885	27.535
0.00085625	57115	21.642
0.0008625	51880	16.996
0.00086875	47106	13.337
0.000875	42775	10.456
0.00088125	38829	8.1907
0.0008875	35249	6.4104
0.00089375	31989	5.0129
0.0009	29032	3.9171
0.00090625	26340	3.0584
0.0009125	23899	2.386
0.00091875	21679	1.86
0.000925	19665	1.4487
0.00093125	17834	1.1275
0.0009375	16174	0.87686
0.00094375	14665	0.6814
0.00095	13297	0.52911
0.00095625	12054	0.41054
0.0009625	10928	0.31829
0.00096875	9904.7	0.24657
0.000975	8977.5	0.19084
0.00098125	8135.5	0.14758
0.0009875	7372.5	0.11402
0.00099375	6680	0.087993
0.001	6052.6	0.067828
0.0010062	5483.2	0.052213
0.0010125	4967.4	0.040131
0.0010187	4499.5	0.030789
0.001025	4075.6	0.023571
0.0010313	3691.2	0.018584
0.0010375	3343.1	0.014271
0.0010437	3027.4	0.010946
0.00105	2741.6	0.0083856
0.0010562	2482.5	0.006417
0.0010625	2247.9	0.0049056
0.0010688	2035.2	0.0037474
0.001075	1842.7	0.0028616
0.0010812	1668.3	0.0021857
0.0010875	1510.3	0.0016713
0.0010938	1367.2	0.0012811
0.0011	1237.7	0.00098609
0.0011063	1120.3	0.00076395
0.0011125	1014.1	0.00059746
0.0011187	917.9	0.00047337
0.001125	830.82	0.00038142
0.0011313	751.97	0.00031378
0.0011375	680.6	0.00026441
0.0011438	615.99	0.00022869
0.00115	557.52	0.0002031
0.0011562	504.59	0.00018509
0.0011625	456.7	0.00017357
0.0011688	413.34	0.00016683
0.001175	374.12	0.00016212
0.0011813	338.63	0.00015743
0.0011875	306.51	0.00015277
0.0011937	277.45	0.00014813
0.0012	251.17	0.00014352
0.0012063	227.38	0.00013894
0.0012125	205.87	0.0001344
0.0012187	186.41	0.00012989
0.001225	168.82	0.00012542
0.0012312	152.89	0.00012099
0.0012375	138.5	0.00011661
0.0012438	125.48	0.00011228
0.00125	113.72	0.00010801
0.0012562	103.07	0.0001038
0.0012625	93.46	9.9652e-05
0.0012687	84.76	9.5572e-05
0.001275	76.905	9.1563e-05
0.0012813	69.796	8.7631e-05
0.0012875	63.382	8.3777e-05
0.0012937	57.576	8.0006e-05
0.0013	52.339	7.632e-05
0.0013062	47.598	7.2723e-05
0.0013125	43.325	6.9217e-05
0.0013188	39.455	6.5803e-05
0.001325	35.969	6.2485e-05
0.0013312	32.812	5.9263e-05
0.0013375	29.969	5.6139e-05
0.0013437	27.394	5.3114e-05
0.00135	25.077	5.0189e-05
0.0013563	22.978	4.7364e-05
0.0013625	21.09	4.4639e-05
0.0013687	19.379	4.2015e-05
0.001375	17.842	3.9491e-05
0.0013813	16.448	3.7066e-05
0.0013875	15.197	3.4741e-05
0.0013938	14.062	3.2513e-05
0.0014	13.045	3.0381e-05
0.0014062	12.121	2.8345e-05
0.0014125	11.294	2.6403e-05
0.0014188	10.543	2.4553e-05
0.001425	9.8704	2.2793e-05
0.0014313	9.2601	2.1122e-05
0.0014375	8.7144	1.9537e-05
0.0014437	8.2187	1.8036e-05
0.00145	7.7761	1.6617e-05
0.0014563	7.3739	1.5278e-05
0.0014625	7.0153	1.4016e-05
0.0014688	6.6894	1.2829e-05
0.001475	6.3992	1.1714e-05
0.0014812	6.1353	1.0669e-05
0.0014875	5.9008	9.6921e-06
0.0014938	5.6873	8.7799e-06
0.0015	5.4981	7.9301e-06
0.0015062	5.3258	7.1401e-06
0.0015125	5.1733	6.4076e-06
0.0015187	5.0343	5.73e-06
0.001525	4.9116	5.1047e-06
0.0015313	4.7996	4.5293e-06
0.0015375	4.7011	4.0015e-06
0.0015437	4.611	3.5187e-06
0.00155	4.5319	3.0787e-06
0.0015562	4.4594	2.679e-06
0.0015625	4.396	2.3175e-06
0.0015688	4.3376	1.9918e-06
0.001575	4.2867	1.6998e-06
0.0015812	4.2396	1.4393e-06
0.0015875	4.1987	1.2082e-06
0.0015937	4.1605	1.0044e-06
0.0016	4.1274	8.2606e-07
0.0016063	4.0962	6.7109e-07
0.0016125	4.0692	5.3764e-07
0.0016187	4.0434	4.2387e-07
0.001625	4.021	3.28e-07
0.0016313	3.9992	2.4831e-07
0.0016375	3.9803	1.831e-07
0.0016438	3.9615	1.3078e-07
0.00165	3.945	8.9782e-08
0.0016562	3.9282	5.8591e-08
0.0016625	3.9134	3.5761e-08
0.0016688	3.8979	2.0949e-08
0.001675	3.8841	1.2851e-08
0.0016813	3.8693	8.6717e-09
0.0016875	3.8558	7.2251e-09
0.0016937	3.8413	7.3766e-09
0.0017	3.8277	8.0411e-09
0.0017063	3.8129	8.1835e-09
0.0017125	3.799	6.8177e-09
0.0017188	3.7835	3.0063e-09
0.001725	3.7689	-4.1398e-09
0.0017312	3.7526	-1.5462e-08
0.0017375	3.7369	-3.1753e-08
0.0017438	3.7195	-5.3763e-08
0.00175	3.7027	-8.219e-08
0.0017562	3.6841	-1.1769e-07
0.0017625	3.6659	-1.6088e-07
0.0017687	3.6458	-2.1232e-07
0.001775	3.6262	-2.7254e-07
0.0017813	3.6047	-3.4202e-07
0.0017875	3.5834	-4.2119e-07
0.0017937	3.5604	-5.1047e-07
0.0018	3.5376	-6.1019e-07
0.0018062	3.5129	-7.207e-07
0.0018125	3.4884	-8.4225e-07
0.0018188	3.4621	-9.7511e-07
0.001825	3.436	-1.1195e-06
0.0018312	3.4081	-1.2755e-06
0.0018375	3.3804	-1.4434e-06
0.0018437	3.3508	-1.6231e-06
0.00185	3.3215	-1.8149e-06
0.0018563	3.2903	-2.0187e-06
0.0018625	3.2594	-2.2346e-06
0.0018687	3.2268	-2.4625e-06
0.001875	3.1943	-2.7024e-06
0.0018812	3.1602	-2.9543e-06
0.0018875	3.1263	-3.2181e-06
0.0018938	3.0908	-3.4935e-06
0.0019	3.0555	-3.7806e-06
0.0019062	3.0186	-4.0791e-06
0.0019125	2.982	-4.3888e-06
0.0019188	2.944	-4.7095e-06
0.001925	2.9061	-5.041e-06
0.0019313	2.8669	-5.3831e-06
0.0019375	2.8279	-5.7354e-06
0.0019437	2.7876	-6.0977e-06
0.00195	2.7476	-6.4697e-06
0.0019563	2.7064	-6.851e-06
0.0019625	2.6654	-7.2415e-06
0.0019688	2.6233	-7.6406e-06
0.001975	2.5815	-8.0481e-06
0.0019812	2.5387	-8.4637e-06
0.0019875	2.4962	-8.8868e-06
0.0019937	2.4527	-9.3173e-06
0.002	2.4095	-9.7546e-06
0.0020062	2.3655	-1.0199e-05
0.0020125	2.3219	-1.0648e-05
0.0020188	2.2774	-1.1104e-05
0.002025	2.2333	-1.1565e-05
0.0020313	2.1885	-1.2031e-05
0.0020375	2.1442	-1.2502e-05
0.0020437	2.0992	-1.2976e-05
0.00205	2.0546	-1.3455e-05
0.0020562	2.0095	-1.3936e-05
0.0020625	1.9649	-1.4421e-05
0.0020687	1.9197	-1.4908e-05
0.002075	1.8751	-1.5397e-05
0.0020813	1.8301	-1.5887e-05
0.0020875	1.7856	-1.6379e-05
0.0020938	1.7408	-1.6872e-05
0.0021	1.6966	-1.7365e-05
0.0021063	1.652	-1.7859e-05
0.0021125	1.6081	-1.8352e-05
0.0021187	1.564	-1.8845e-05
0.002125	1.5205	-1.9336e-05
0.0021312	1.4768	-1.9826e-05
0.0021375	1.4338	-2.0315e-05
0.0021437	1.3908	-2.0801e-05
0.00215	1.3484	-2.1285e-05
0.0021563	1.306	-2.1766e-05
0.0021625	1.2643	-2.2243e-05
0.0021688	1.2227	-2.2718e-05
0.002175	1.1818	-2.3188e-05
0.0021813	1.1411	-2.3655e-05
0.0021875	1.101	-2.4117e-05
0.0021937	1.0612	-2.4574e-05
0.0022	1.0221	-2.5026e-05
0.0022062	0.9833	-2.5473e-05
0.0022125	0.94523	-2.5914e-05
0.0022187	0.9075	-2.635e-05
0.002225	0.87053	-2.6779e-05
0.0022313	0.83395	-2.7203e-05
0.0022375	0.79815	-2.7619e-05
0.0022438	0.76279	-2.8029e-05
0.00225	0.72824	-2.8431e-05
0.0022563	0.69416	-2.8826e-05
0.0022625	0.66091	-2.9214e-05
0.0022687	0.62819	-2.9594e-05
0.002275	0.5963	-2.9966e-05
0.0022812	0.56499	-3.033e-05
0.0022875	0.53452	-3.0686e-05
0.0022938	0.50468	-3.1033e-05
0.0023	0.47569	-3.1371e-05
0.0023063	0.44736	-3.1701e-05
0.0023125	0.4199	-3.2022e-05
0.0023188	0.39314	-3.2333e-05
0.002325	0.36726	-3.2635e-05
0.0023312	0.34211	-3.2928e-05
0.0023375	0.31785	-3.3211e-05
0.0023437	0.29436	-3.3485e-05
0.00235	0.27177	-3.3748e-05
0.0023562	0.24997	-3.4002e-05
0.0023625	0.22908	-3.4246e-05
0.0023688	0.20902	-3.448e-05
0.002375	0.18987	-3.4703e-05
0.0023813	0.17157	-3.4916e-05
0.0023875	0.15419	-3.5119e-05
0.0023938	0.13769	-3.5311e-05
0.0024	0.12211	-3.5492e-05
0.0024062	0.10743	-3.5663e-05
0.0024125	0.093683	-3.5823e-05
0.0024187	0.080843	-3.5973e-05
0.002425	0.068949	-3.6111e-05
0.0024312	0.057976	-3.6239e-05
0.0024375	0.047953	-3.6356e-05
0.0024438	0.038863	-3.6461e-05
0.00245	0.030727	-3.6556e-05
0.0024563	0.023535	-3.664e-05
0.0024625	0.0173	-3.6712e-05
0.0024688	0.012017	-3.6774e-05
0.002475	0.0076941	-3.6824e-05
0.0024812	0.0043285	-3.6863e-05
0.0024875	0.0019243	-3.6891e-05
0.0024937	0.00048108	-3.6908e-05
0.0025	0	-3.6913e-05
