0	1.3901e+09	1.9558e+07
6.25e-06	1.3525e+09	1.9549e+07
1.25e-05	1.3219e+09	1.9537e+07
1.875e-05	1.2882e+09	1.9527e+07
2.5e-05	1.2604e+09	1.9514e+07
3.125e-05	1.2289e+09	1.9501e+07
3.75e-05	1.2027e+09	1.9487e+07
4.375e-05	1.1728e+09	1.9473e+07
5e-05	1.1477e+09	1.9459e+07
5.625e-05	1.1189e+09	1.9443e+07
6.25e-05	1.0948e+09	1.9428e+07
6.875e-05	1.0668e+09	1.9411e+07
7.5e-05	1.0434e+09	1.9394e+07
8.125e-05	1.0163e+09	1.9376e+07
8.75e-05	9.9355e+08	1.9357e+07
9.375e-05	9.6709e+08	1.9338e+07
0.0001	9.4494e+08	1.9318e+07
0.00010625	9.1912e+08	1.9297e+07
0.0001125	8.975e+08	1.9275e+07
0.00011875	8.7229e+08	1.9252e+07
0.000125	8.5117e+08	1.9229e+07
0.00013125	8.2655e+08	1.9204e+07
0.0001375	8.0591e+08	1.9178e+07
0.00014375	7.8185e+08	1.915e+07
0.00015	7.6167e+08	1.9122e+07
0.00015625	7.3818e+08	1.9092e+07
0.0001625	7.1846e+08	1.9061e+07
0.00016875	6.9551e+08	1.9028e+07
0.000175	6.7624e+08	1.8993e+07
0.00018125	6.5385e+08	1.8957e+07
0.0001875	6.3503e+08	1.8919e+07
0.00019375	6.132e+08	1.8879e+07
0.0002	5.9483e+08	1.8836e+07
0.00020625	5.7356e+08	1.8792e+07
0.0002125	5.5564e+08	1.8744e+07
0.00021875	5.3494e+08	1.8695e+07
0.000225	5.1749e+08	1.8642e+07
0.00023125	4.9737e+08	1.8586e+07
0.0002375	4.8038e+08	1.8527e+07
0.00024375	4.6085e+08	1.8464e+07
0.00025	4.4435e+08	1.8397e+07
0.00025625	4.2542e+08	1.8327e+07
0.0002625	4.0941e+08	1.8251e+07
0.00026875	3.9111e+08	1.8171e+07
0.000275	3.756e+08	1.8085e+07
0.00028125	3.5794e+08	1.7993e+07
0.0002875	3.4295e+08	1.7895e+07
0.00029375	3.2595e+08	1.779e+07
0.0003	3.115e+08	1.7677e+07
0.00030625	2.9518e+08	1.7556e+07
0.0003125	2.8128e+08	1.7426e+07
0.00031875	2.6567e+08	1.7286e+07
0.000325	2.5235e+08	1.7135e+07
0.00033125	2.3747e+08	1.6971e+07
0.0003375	2.2476e+08	1.6795e+07
0.00034375	2.1065e+08	1.6604e+07
0.00035	1.9856e+08	1.6398e+07
0.00035625	1.8524e+08	1.6173e+07
0.0003625	1.7382e+08	1.593e+07
0.00036875	1.6134e+08	1.5666e+07
0.000375	1.506e+08	1.5379e+07
0.00038125	1.39e+08	1.5067e+07
0.0003875	1.2899e+08	1.4728e+07
0.00039375	1.1831e+08	1.436e+07
0.0004	1.0907e+08	1.396e+07
0.00040625	9.9351e+07	1.3527e+07
0.0004125	9.0926e+07	1.3059e+07
0.00041875	8.2207e+07	1.2554e+07
0.000425	7.4634e+07	1.201e+07
0.00043125	6.6954e+07	1.143e+07
0.0004375	6.027e+07	1.0811e+07
0.00044375	5.365e+07	1.0159e+07
0.00045	4.7878e+07	9.4747e+06
0.00045625	4.2316e+07	8.7663e+06
0.0004625	3.7457e+07	8.0377e+06
0.00046875	3.2915e+07	7.302e+06
0.000475	2.8941e+07	6.5647e+06
0.00048125	2.5341e+07	5.8423e+06
0.0004875	2.2182e+07	5.1402e+06
0.00049375	1.9407e+07	4.4757e+06
0.0005	1.6963e+07	3.8515e+06
0.00050625	1.4871e+07	3.2819e+06
0.0005125	1.302e+07	2.7651e+06
0.00051875	1.1463e+07	2.3102e+06
0.000525	1.0077e+07	1.9112e+06
0.00053125	8.9211e+06	1.5715e+06
0.0005375	7.8872e+06	1.2823e+06
0.00054375	7.0221e+06	1.0428e+06
0.00055	6.2452e+06	8.4371e+05
0.00055625	5.5888e+06	6.8192e+05
0.0005625	4.9976e+06	5.494e+05
0.00056875	4.4914e+06	4.428e+05
0.000575	4.0345e+06	3.5604e+05
0.00058125	3.6378e+06	2.8657e+05
0.0005875	3.2791e+06	2.3017e+05
0.00059375	2.9637e+06	1.8506e+05
0.0006	2.6783e+06	1.4851e+05
0.00060625	2.4248e+06	1.1924e+05
0.0006125	2.1953e+06	95570
0.00061875	1.9898e+06	76595
0.000625	1.8037e+06	61282
0.00063125	1.636e+06	49006
0.0006375	1.4841e+06	39123
0.00064375	1.3468e+06	31207
0.00065	1.2223e+06	24852
0.00065625	1.1094e+06	19769
0.0006625	1.0071e+06	15701
0.00066875	9.1399e+05	12454
0.000675	8.2971e+05	9863.3
0.00068125	7.5294e+05	7801.1
0.0006875	6.8341e+05	6160.7
0.00069375	6.2004e+05	4858.6
0.0007	5.6267e+05	3826
0.00070625	5.1035e+05	3008.9
0.0007125	4.63e+05	2362.8
0.00071875	4.1982e+05	1853.1
0.000725	3.8073e+05	1451.3
0.00073125	3.4511e+05	1135.2
0.0007375	3.1287e+05	886.78
0.00074375	2.8349e+05	691.88
0.00075	2.5692e+05	539.15
0.00075625	2.3271e+05	419.64
0.0007625	2.1082e+05	326.23
0.00076875	1.9089e+05	253.34
0.000775	1.7286e+05	196.51
0.00078125	1.5647e+05	152.26
0.0007875	1.4164e+05	117.85
0.00079375	1.2817e+05	91.127
0.0008	1.1598e+05	70.388
0.00080625	1.0492e+05	54.315
0.0008125	94912	41.871
0.00081875	85829	32.247
0.000825	77621	24.812
0.00083125	70173	19.074
0.0008375	63444	14.649
0.00084375	57341	11.241
0.00085	51829	8.6168
0.00085625	46832	6.5991
0.0008625	42320	5.049
0.00086875	38231	3.86
0.000875	34539	2.9486
0.00088125	31196	2.2505
0.0008875	28177	1.7162
0.00089375	25445	1.3078
0.0009	22978	0.99577
0.00090625	20746	0.75766
0.0009125	18732	0.57608
0.00091875	16910	0.43771
0.000925	15265	0.33236
0.00093125	13778	0.2522
0.0009375	12436	0.19125
0.00094375	11223	0.14493
0.00095	10129	0.10975
0.00095625	9139.6	0.083057
0.0009625	8247.3	0.062804
0.00096875	7441.1	0.047449
0.000975	6713.7	0.035812
0.00098125	6056.7	0.026999
0.0009875	5464.1	0.02033
0.00099375	4928.9	0.015297
0.001	4446.2	0.0118
0.0010062	4010.3	0.0089245
0.0010125	3617.2	0.0067436
0.0010187	3262.3	0.0050954
0.001025	2942.3	0.0038516
0.0010313	2653.4	0.0029145
0.0010375	2392.9	0.0022094
0.0010437	2157.8	0.0016799
0.00105	1945.8	0.0012831
0.0010562	1754.5	0.00098645
0.0010625	1582	0.00076531
0.0010688	1426.4	0.00060102
0.001075	1286	0.00047943
0.0010812	1159.4	0.00038984
0.0010875	1045.3	0.00032418
0.0010938	942.33	0.00027634
0.0011	849.5	0.00024169
0.0011063	765.78	0.00021678
0.0011125	690.3	0.00019902
0.0011187	622.24	0.00018651
0.001125	560.89	0.00017824
0.0011313	505.57	0.00017314
0.0011375	455.71	0.00016984
0.0011438	410.75	0.00016669
0.00115	370.24	0.00016342
0.0011562	333.72	0.00016006
0.0011625	300.81	0.0001566
0.0011688	271.14	0.00015305
0.001175	244.42	0.00014943
0.0011813	220.33	0.00014574
0.0011875	198.63	0.00014198
0.0011937	179.07	0.00013818
0.0012	161.47	0.00013434
0.0012063	145.59	0.00013046
0.0012125	131.31	0.00012656
0.0012187	118.43	0.00012265
0.001225	106.85	0.00011873
0.0012312	96.405	0.00011482
0.0012375	87.013	0.00011092
0.0012438	78.547	0.00010704
0.00125	70.936	0.00010318
0.0012562	64.075	9.9366e-05
0.0012625	57.91	9.5589e-05
0.0012687	52.352	9.186e-05
0.001275	47.361	8.8186e-05
0.0012813	42.86	8.457e-05
0.0012875	38.821	8.1019e-05
0.0012937	35.178	7.7537e-05
0.0013	31.911	7.4128e-05
0.0013062	28.964	7.0795e-05
0.0013125	26.323	6.7542e-05
0.0013188	23.941	6.4371e-05
0.001325	21.807	6.1285e-05
0.0013312	19.882	5.8284e-05
0.0013375	18.16	5.5372e-05
0.0013437	16.606	5.2548e-05
0.00135	15.217	4.9815e-05
0.0013563	13.963	4.7171e-05
0.0013625	12.844	4.4618e-05
0.0013687	11.834	4.2155e-05
0.001375	10.934	3.9782e-05
0.0013813	10.121	3.7498e-05
0.0013875	9.3974	3.5304e-05
0.0013938	8.7446	3.3196e-05
0.0014	8.1645	3.1176e-05
0.0014062	7.6413	2.924e-05
0.0014125	7.1774	2.7389e-05
0.0014188	6.7592	2.5619e-05
0.001425	6.3893	2.3931e-05
0.0014313	6.0561	2.2321e-05
0.0014375	5.7625	2.0789e-05
0.0014437	5.4982	1.9332e-05
0.00145	5.2661	1.7948e-05
0.0014563	5.0577	1.6636e-05
0.0014625	4.8755	1.5392e-05
0.0014688	4.7122	1.4217e-05
0.001475	4.5704	1.3106e-05
0.0014812	4.4435	1.2059e-05
0.0014875	4.3343	1.1072e-05
0.0014938	4.2369	1.0145e-05
0.0015	4.1539	9.2743e-06
0.0015062	4.0802	8.4585e-06
0.0015125	4.0184	7.6953e-06
0.0015187	3.9637	6.9828e-06
0.001525	3.9187	6.3187e-06
0.0015313	3.8792	5.7011e-06
0.0015375	3.8477	5.128e-06
0.0015437	3.8202	4.5973e-06
0.00155	3.7993	4.1072e-06
0.0015562	3.7813	3.6556e-06
0.0015625	3.7686	3.2407e-06
0.0015688	3.7579	2.8606e-06
0.001575	3.7516	2.5134e-06
0.0015812	3.7465	2.1974e-06
0.0015875	3.7449	1.9108e-06
0.0015937	3.7439	1.6518e-06
0.0016	3.7457	1.4188e-06
0.0016063	3.7476	1.2102e-06
0.0016125	3.7518	1.0243e-06
0.0016187	3.7555	8.5955e-07
0.001625	3.7611	7.1447e-07
0.0016313	3.7658	5.8758e-07
0.0016375	3.7721	4.7743e-07
0.0016438	3.7771	3.8266e-07
0.00165	3.7834	3.0191e-07
0.0016562	3.7882	2.3389e-07
0.0016625	3.794	1.7735e-07
0.0016688	3.798	1.3108e-07
0.001675	3.8028	9.3927e-08
0.0016813	3.8057	6.4769e-08
0.0016875	3.8093	4.2535e-08
0.0016937	3.8106	2.6198e-08
0.0017	3.8126	1.4775e-08
0.0017063	3.8122	7.3879e-09
0.0017125	3.8123	3.3366e-09
0.0017188	3.81	1.4286e-09
0.001725	3.8081	8.6552e-10
0.0017312	3.8037	8.8974e-10
0.0017375	3.7995	7.8376e-10
0.0017438	3.7929	-1.302e-10
0.00175	3.7865	-2.4909e-09
0.0017562	3.7775	-6.8987e-09
0.0017625	3.7687	-1.3916e-08
0.0017687	3.7573	-2.4069e-08
0.001775	3.7461	-3.7847e-08
0.0017813	3.7323	-5.5703e-08
0.0017875	3.7186	-7.8057e-08
0.0017937	3.7024	-1.0529e-07
0.0018	3.6863	-1.3777e-07
0.0018062	3.6676	-1.758e-07
0.0018125	3.6491	-2.1967e-07
0.0018188	3.628	-2.6964e-07
0.001825	3.6071	-3.2595e-07
0.0018312	3.5837	-3.888e-07
0.0018375	3.5605	-4.5837e-07
0.0018437	3.5348	-5.348e-07
0.00185	3.5093	-6.1822e-07
0.0018563	3.4814	-7.0872e-07
0.0018625	3.4537	-8.0638e-07
0.0018687	3.4237	-9.1126e-07
0.001875	3.3939	-1.0234e-06
0.0018812	3.3619	-1.1428e-06
0.0018875	3.3301	-1.2694e-06
0.0018938	3.2961	-1.4032e-06
0.0019	3.2624	-1.5442e-06
0.0019062	3.2267	-1.6922e-06
0.0019125	3.1911	-1.8473e-06
0.0019188	3.1537	-2.0093e-06
0.001925	3.1165	-2.1781e-06
0.0019313	3.0775	-2.3536e-06
0.0019375	3.0387	-2.5356e-06
0.0019437	2.9983	-2.724e-06
0.00195	2.9581	-2.9187e-06
0.0019563	2.9163	-3.1193e-06
0.0019625	2.8748	-3.3259e-06
0.0019688	2.8318	-3.5381e-06
0.001975	2.7891	-3.7558e-06
0.0019812	2.7451	-3.9788e-06
0.0019875	2.7013	-4.2069e-06
0.0019937	2.6563	-4.4398e-06
0.002	2.6117	-4.6773e-06
0.0020062	2.5659	-4.9192e-06
0.0020125	2.5204	-5.1653e-06
0.0020188	2.4739	-5.4152e-06
0.002025	2.4278	-5.6689e-06
0.0020313	2.3807	-5.926e-06
0.0020375	2.3341	-6.1863e-06
0.0020437	2.2866	-6.4496e-06
0.00205	2.2396	-6.7155e-06
0.0020562	2.1918	-6.9839e-06
0.0020625	2.1445	-7.2545e-06
0.0020687	2.0965	-7.5271e-06
0.002075	2.0491	-7.8013e-06
0.0020813	2.001	-8.0771e-06
0.0020875	1.9536	-8.354e-06
0.0020938	1.9056	-8.632e-06
0.0021	1.8582	-8.9107e-06
0.0021063	1.8104	-9.1898e-06
0.0021125	1.7632	-9.4693e-06
0.0021187	1.7157	-9.7487e-06
0.002125	1.6689	-1.0028e-05
0.0021312	1.6218	-1.0307e-05
0.0021375	1.5754	-1.0585e-05
0.0021437	1.5288	-1.0862e-05
0.00215	1.483	-1.1138e-05
0.0021563	1.437	-1.1413e-05
0.0021625	1.3918	-1.1687e-05
0.0021688	1.3466	-1.1958e-05
0.002175	1.3021	-1.2228e-05
0.0021813	1.2578	-1.2496e-05
0.0021875	1.2142	-1.2761e-05
0.0021937	1.1707	-1.3024e-05
0.0022	1.1281	-1.3284e-05
0.0022062	1.0856	-1.3542e-05
0.0022125	1.044	-1.3796e-05
0.0022187	1.0027	-1.4047e-05
0.002225	0.96225	-1.4295e-05
0.0022313	0.92214	-1.4539e-05
0.0022375	0.88289	-1.4779e-05
0.0022438	0.84406	-1.5016e-05
0.00225	0.8061	-1.5249e-05
0.0022563	0.76863	-1.5478e-05
0.0022625	0.73205	-1.5702e-05
0.0022687	0.69602	-1.5922e-05
0.002275	0.6609	-1.6138e-05
0.0022812	0.62637	-1.6349e-05
0.0022875	0.59277	-1.6555e-05
0.0022938	0.55982	-1.6756e-05
0.0023	0.52782	-1.6953e-05
0.0023063	0.49651	-1.7144e-05
0.0023125	0.46616	-1.733e-05
0.0023188	0.43655	-1.7511e-05
0.002325	0.40791	-1.7687e-05
0.0023312	0.38006	-1.7857e-05
0.0023375	0.3532	-1.8022e-05
0.0023437	0.32716	-1.8181e-05
0.00235	0.30212	-1.8334e-05
0.0023562	0.27793	-1.8482e-05
0.0023625	0.25476	-1.8624e-05
0.0023688	0.23248	-1.876e-05
0.002375	0.21123	-1.889e-05
0.0023813	0.19089	-1.9014e-05
0.0023875	0.17159	-1.9132e-05
0.0023938	0.15324	-1.9244e-05
0.0024	0.13593	-1.935e-05
0.0024062	0.1196	-1.9449e-05
0.0024125	0.10431	-1.9542e-05
0.0024187	0.090023	-1.963e-05
0.002425	0.076787	-1.971e-05
0.0024312	0.064572	-1.9785e-05
0.0024375	0.053413	-1.9853e-05
0.0024438	0.043291	-1.9914e-05
0.00245	0.034231	-1.997e-05
0.0024563	0.02622	-2.0018e-05
0.0024625	0.019275	-2.0061e-05
0.0024688	0.01339	-2.0096e-05
0.002475	0.0085733	-2.0126e-05
0.0024812	0.0048232	-2.0149e-05
0.0024875	0.0021443	-2.0165e-05
0.0024937	0.00053608	-2.0175e-05
0.0025	0	-2.0178e-05
