0	2.3534e+09	5.5684e+07
6.25e-06	2.2699e+09	5.5683e+07
1.25e-05	2.2005e+09	5.5678e+07
1.875e-05	2.1254e+09	5.5676e+07
2.5e-05	2.0626e+09	5.5671e+07
3.125e-05	1.9927e+09	5.5666e+07
3.75e-05	1.9339e+09	5.566e+07
4.375e-05	1.8677e+09	5.5654e+07
5e-05	1.8119e+09	5.5646e+07
5.625e-05	1.7486e+09	5.5639e+07
6.25e-05	1.6954e+09	5.563e+07
6.875e-05	1.6346e+09	5.5621e+07
7.5e-05	1.5834e+09	5.5611e+07
8.125e-05	1.5249e+09	5.56e+07
8.75e-05	1.4756e+09	5.5588e+07
9.375e-05	1.4191e+09	5.5574e+07
0.0001	1.3716e+09	5.5559e+07
0.00010625	1.317e+09	5.5543e+07
0.0001125	1.2711e+09	5.5524e+07
0.00011875	1.2184e+09	5.5504e+07
0.000125	1.1741e+09	5.5481e+07
0.00013125	1.1232e+09	5.5456e+07
0.0001375	1.0804e+09	5.5428e+07
0.00014375	1.0313e+09	5.5397e+07
0.00015	9.8998e+08	5.5361e+07
0.00015625	9.4274e+08	5.5321e+07
0.0001625	9.0286e+08	5.5276e+07
0.00016875	8.5743e+08	5.5225e+07
0.000175	8.1904e+08	5.5167e+07
0.00018125	7.7544e+08	5.5102e+07
0.0001875	7.3855e+08	5.5026e+07
0.00019375	6.9682e+08	5.494e+07
0.0002	6.6145e+08	5.4841e+07
0.00020625	6.2164e+08	5.4727e+07
0.0002125	5.8783e+08	5.4595e+07
0.00021875	5.5e+08	5.4442e+07
0.000225	5.1781e+08	5.4264e+07
0.00023125	4.8205e+08	5.4057e+07
0.0002375	4.5154e+08	5.3814e+07
0.00024375	4.1794e+08	5.353e+07
0.00025	3.892e+08	5.3195e+07
0.00025625	3.5787e+08	5.28e+07
0.0002625	3.3101e+08	5.2334e+07
0.00026875	3.021e+08	5.1783e+07
0.000275	2.7723e+08	5.1131e+07
0.00028125	2.5089e+08	5.036e+07
0.0002875	2.2817e+08	4.945e+07
0.00029375	2.0457e+08	4.838e+07
0.0003	1.8415e+08	4.7124e+07
0.00030625	1.6348e+08	4.5663e+07
0.0003125	1.4554e+08	4.3974e+07
0.00031875	1.2793e+08	4.2048e+07
0.000325	1.1262e+08	3.9874e+07
0.00033125	9.8138e+07	3.7472e+07
0.0003375	8.5526e+07	3.4851e+07
0.00034375	7.4087e+07	3.2074e+07
0.00035	6.4091e+07	2.9173e+07
0.00035625	5.5415e+07	2.6248e+07
0.0003625	4.7778e+07	2.3335e+07
0.00036875	4.1416e+07	2.0545e+07
0.000375	3.5755e+07	1.789e+07
0.00038125	3.119e+07	1.5459e+07
0.0003875	2.7083e+07	1.3232e+07
0.00039375	2.3839e+07	1.1261e+07
0.0004	2.0889e+07	9.5068e+06
0.00040625	1.8578e+07	7.9901e+06
0.0004125	1.6456e+07	6.6678e+06
0.00041875	1.4787e+07	5.545e+06
0.000425	1.3244e+07	4.5823e+06
0.00043125	1.2013e+07	3.776e+06
0.0004375	1.0867e+07	3.0944e+06
0.00044375	9.9357e+06	2.5296e+06
0.00045	9.0651e+06	2.0579e+06
0.00045625	8.342e+06	1.6703e+06
0.0004625	7.6647e+06	1.35e+06
0.00046875	7.0897e+06	1.0887e+06
0.000475	6.5502e+06	8.7476e+05
0.00048125	6.0829e+06	7.0143e+05
0.0004875	5.6441e+06	5.6064e+05
0.00049375	5.2571e+06	4.4726e+05
0.0005	4.8937e+06	3.5583e+05
0.00050625	4.5683e+06	2.826e+05
0.0005125	4.2627e+06	2.2392e+05
0.00051875	3.9857e+06	1.7715e+05
0.000525	3.7254e+06	1.3988e+05
0.00053125	3.4873e+06	1.103e+05
0.0005375	3.2637e+06	86834
0.00054375	3.0575e+06	68281
0.00055	2.8639e+06	53622
0.00055625	2.6845e+06	42069
0.0005625	2.5161e+06	32969
0.00056875	2.3594e+06	25816
0.000575	2.2124e+06	20198
0.00058125	2.0752e+06	15791
0.0005875	1.9464e+06	12337
0.00059375	1.826e+06	9632.6
0.0006	1.713e+06	7516.8
0.00060625	1.6073e+06	5863
0.0006125	1.508e+06	4570.8
0.00061875	1.4151e+06	3562.1
0.000625	1.3278e+06	2774.8
0.00063125	1.246e+06	2160.9
0.0006375	1.1693e+06	1682.2
0.00064375	1.0973e+06	1309.3
0.00065	1.0297e+06	1018.7
0.00065625	9.6637e+05	792.45
0.0006625	9.069e+05	616.32
0.00066875	8.5111e+05	479.24
0.000675	7.9874e+05	372.58
0.00068125	7.4961e+05	289.61
0.0006875	7.035e+05	225.09
0.00069375	6.6022e+05	174.92
0.0007	6.1961e+05	135.91
0.00070625	5.815e+05	105.59
0.0007125	5.4574e+05	82.025
0.00071875	5.1217e+05	63.714
0.000725	4.8067e+05	49.486
0.00073125	4.5111e+05	38.432
0.0007375	4.2336e+05	29.845
0.00074375	3.9732e+05	23.175
0.00075	3.7289e+05	17.994
0.00075625	3.4995e+05	13.971
0.0007625	3.2843e+05	10.847
0.00076875	3.0823e+05	8.4205
0.000775	2.8928e+05	6.5368
0.00078125	2.7148e+05	5.0742
0.0007875	2.5479e+05	3.9387
0.00079375	2.3912e+05	3.0571
0.0008	2.2441e+05	2.3728
0.00080625	2.1061e+05	1.8416
0.0008125	1.9766e+05	1.4292
0.00081875	1.855e+05	1.1092
0.000825	1.7409e+05	0.86076
0.00083125	1.6339e+05	0.66796
0.0008375	1.5334e+05	0.51832
0.00084375	1.4391e+05	0.40219
0.00085	1.3506e+05	0.31207
0.00085625	1.2675e+05	0.24213
0.0008625	1.1896e+05	0.18786
0.00086875	1.1164e+05	0.14575
0.000875	1.0478e+05	0.11307
0.00088125	98333	0.08772
0.0008875	92286	0.068049
0.00089375	86611	0.052787
0.0009	81285	0.040946
0.00090625	76286	0.03176
0.0009125	71595	0.024634
0.00091875	67192	0.019106
0.000925	63060	0.014818
0.00093125	59182	0.011492
0.0009375	55542	0.0089118
0.00094375	52126	0.0069108
0.00095	48921	0.0053588
0.00095625	45912	0.0041549
0.0009625	43088	0.003221
0.00096875	40438	0.0024967
0.000975	37951	0.001935
0.00098125	35617	0.0014994
0.0009875	33426	0.0011618
0.00099375	31370	0.00090021
0.001	29441	0.00069748
0.0010062	27630	0.00054035
0.0010125	25930	0.00041857
0.0010187	24335	0.00032421
0.001025	22838	0.00025109
0.0010313	21433	0.00019444
0.0010375	20115	0.00015055
0.0010437	18877	0.00011656
0.00105	17716	9.0227e-05
0.0010562	16626	6.9837e-05
0.0010625	15603	5.4048e-05
0.0010688	14642	4.1823e-05
0.001075	13741	3.2358e-05
0.0010812	12896	2.5032e-05
0.0010875	12102	1.9361e-05
0.0010938	11357	1.4973e-05
0.0011	10658	1.1578e-05
0.0011063	10002	8.9508e-06
0.0011125	9386.1	6.9189e-06
0.0011187	8808.2	5.3476e-06
0.001125	8265.8	4.1328e-06
0.0011313	7756.8	3.1938e-06
0.0011375	7279.1	2.4682e-06
0.0011438	6830.8	1.9077e-06
0.00115	6410	1.4749e-06
0.0011562	6015.1	1.1407e-06
0.0011625	5644.5	8.8271e-07
0.0011688	5296.8	6.8364e-07
0.001175	4970.4	5.3e-07
0.0011813	4664.1	4.1139e-07
0.0011875	4376.6	3.1972e-07
0.0011937	4106.8	2.487e-07
0.0012	3853.6	1.9339e-07
0.0012063	3616	1.4998e-07
0.0012125	3393.1	1.1723e-07
0.0012187	3183.8	9.284e-08
0.001225	2987.4	7.4772e-08
0.0012312	2803.2	6.1512e-08
0.0012375	2630.2	5.1911e-08
0.0012438	2468	4.509e-08
0.00125	2315.7	4.0369e-08
0.0012562	2172.8	3.7219e-08
0.0012625	2038.7	3.5239e-08
0.0012687	1912.8	3.4113e-08
0.001275	1794.7	3.3602e-08
0.0012813	1683.9	3.3521e-08
0.0012875	1579.9	3.3727e-08
0.0012937	1482.4	3.4114e-08
0.0013	1390.8	3.4599e-08
0.0013062	1304.9	3.5124e-08
0.0013125	1224.3	3.564e-08
0.0013188	1148.7	3.6117e-08
0.001325	1077.7	3.6531e-08
0.0013312	1011.1	3.6867e-08
0.0013375	948.64	3.7115e-08
0.0013437	890.02	3.7269e-08
0.00135	835.02	3.7327e-08
0.0013563	783.41	3.7291e-08
0.0013625	734.99	3.7161e-08
0.0013687	689.57	3.6942e-08
0.001375	646.95	3.6638e-08
0.0013813	606.96	3.6256e-08
0.0013875	569.45	3.5801e-08
0.0013938	534.25	3.5279e-08
0.0014	501.23	3.4696e-08
0.0014062	470.26	3.406e-08
0.0014125	441.2	3.3375e-08
0.0014188	413.94	3.2649e-08
0.001425	388.37	3.1887e-08
0.0014313	364.37	3.1093e-08
0.0014375	341.87	3.0276e-08
0.0014437	320.76	2.9437e-08
0.00145	300.95	2.8583e-08
0.0014563	282.37	2.7718e-08
0.0014625	264.95	2.6846e-08
0.0014688	248.6	2.5971e-08
0.001475	233.27	2.5096e-08
0.0014812	218.88	2.4224e-08
0.0014875	205.39	2.3357e-08
0.0014938	192.74	2.25e-08
0.0015	180.87	2.1653e-08
0.0015062	169.73	2.0819e-08
0.0015125	159.29	1.9999e-08
0.0015187	149.49	1.9196e-08
0.001525	140.3	1.8411e-08
0.0015313	131.68	1.7643e-08
0.0015375	123.6	1.6895e-08
0.0015437	116.01	1.6167e-08
0.00155	108.9	1.546e-08
0.0015562	102.23	1.4775e-08
0.0015625	95.971	1.411e-08
0.0015688	90.098	1.3468e-08
0.001575	84.593	1.2848e-08
0.0015812	79.425	1.2249e-08
0.0015875	74.581	1.1672e-08
0.0015937	70.032	1.1117e-08
0.0016	65.77	1.0583e-08
0.0016063	61.767	1.0071e-08
0.0016125	58.015	9.5785e-09
0.0016187	54.492	9.1064e-09
0.001625	51.19	8.6545e-09
0.0016313	48.088	8.2217e-09
0.0016375	45.181	7.8079e-09
0.0016438	42.45	7.4118e-09
0.00165	39.891	7.034e-09
0.0016562	37.486	6.6732e-09
0.0016625	35.232	6.3288e-09
0.0016688	33.114	6.0005e-09
0.001675	31.128	5.6875e-09
0.0016813	29.262	5.3894e-09
0.0016875	27.513	5.1057e-09
0.0016937	25.868	4.8354e-09
0.0017	24.327	4.5785e-09
0.0017063	22.877	4.334e-09
0.0017125	21.518	4.1017e-09
0.0017188	20.24	3.8808e-09
0.001725	19.041	3.671e-09
0.0017312	17.914	3.4716e-09
0.0017375	16.857	3.2825e-09
0.0017438	15.861	3.1027e-09
0.00175	14.929	2.9323e-09
0.0017562	14.05	2.7704e-09
0.0017625	13.226	2.617e-09
0.0017687	12.451	2.4713e-09
0.001775	11.723	2.3331e-09
0.0017813	11.038	2.2021e-09
0.0017875	10.395	2.0779e-09
0.0017937	9.7886	1.9602e-09
0.0018	9.2202	1.8486e-09
0.0018062	8.6843	1.7427e-09
0.0018125	8.1815	1.6425e-09
0.0018188	7.7073	1.5475e-09
0.001825	7.2624	1.4574e-09
0.0018312	6.8426	1.3722e-09
0.0018375	6.4485	1.2914e-09
0.0018437	6.0767	1.2149e-09
0.00185	5.7277	1.1425e-09
0.0018563	5.3982	1.0739e-09
0.0018625	5.0888	1.009e-09
0.0018687	4.7966	9.4759e-10
0.001875	4.5222	8.894e-10
0.0018812	4.2631	8.344e-10
0.0018875	4.0196	7.8241e-10
0.0018938	3.7897	7.3319e-10
0.0019	3.5735	6.867e-10
0.0019062	3.3694	6.4274e-10
0.0019125	3.1774	6.0122e-10
0.0019188	2.996	5.6198e-10
0.001925	2.8255	5.2494e-10
0.0019313	2.6643	4.9002e-10
0.0019375	2.5127	4.5704e-10
0.0019437	2.3695	4.2596e-10
0.00195	2.2347	3.9664e-10
0.0019563	2.1074	3.6902e-10
0.0019625	1.9875	3.4302e-10
0.0019688	1.8742	3.1857e-10
0.001975	1.7675	2.9558e-10
0.0019812	1.6668	2.7394e-10
0.0019875	1.5718	2.5361e-10
0.0019937	1.4822	2.3456e-10
0.002	1.3977	2.1668e-10
0.0020062	1.318	1.9994e-10
0.0020125	1.2427	1.8426e-10
0.0020188	1.1718	1.6957e-10
0.002025	1.1048	1.5588e-10
0.0020313	1.0416	1.4306e-10
0.0020375	0.982	1.3113e-10
0.0020437	0.92578	1.2002e-10
0.00205	0.8727	1.0965e-10
0.0020562	0.82267	1.0001e-10
0.0020625	0.77541	9.1061e-11
0.0020687	0.73088	8.2807e-11
0.002075	0.6888	7.5119e-11
0.0020813	0.64918	6.7998e-11
0.0020875	0.61172	6.1476e-11
0.0020938	0.57646	5.5415e-11
0.0021	0.54311	4.9894e-11
0.0021063	0.51173	4.4766e-11
0.0021125	0.48204	4.009e-11
0.0021187	0.45412	3.5798e-11
0.002125	0.42768	3.1888e-11
0.0021312	0.40284	2.8327e-11
0.0021375	0.3793	2.5072e-11
0.0021437	0.35718	2.215e-11
0.00215	0.33622	1.9487e-11
0.0021563	0.31654	1.7091e-11
0.0021625	0.29786	1.4905e-11
0.0021688	0.28034	1.297e-11
0.002175	0.2637	1.1238e-11
0.0021813	0.24809	9.6834e-12
0.0021875	0.23326	8.3184e-12
0.0021937	0.21934	7.0938e-12
0.0022	0.20612	6.0196e-12
0.0022062	0.19371	5.0767e-12
0.0022125	0.18191	4.2596e-12
0.0022187	0.17084	3.5361e-12
0.002225	0.16031	2.9175e-12
0.0022313	0.15042	2.3891e-12
0.0022375	0.14101	1.9372e-12
0.0022438	0.13218	1.5481e-12
0.00225	0.12376	1.2361e-12
0.0022563	0.11586	9.6782e-13
0.0022625	0.10832	7.4658e-13
0.0022687	0.10125	5.5871e-13
0.002275	0.094505	4.1612e-13
0.0022812	0.088171	3.0539e-13
0.0022875	0.082125	2.106e-13
0.0022938	0.076449	1.5106e-13
0.0023	0.07103	1.0075e-13
0.0023063	0.065942	6.2954e-14
0.0023125	0.061085	3.925e-14
0.0023188	0.056524	2.639e-14
0.002325	0.052173	1.7579e-14
0.0023312	0.048088	1.053e-14
0.0023375	0.044195	1.133e-14
0.0023437	0.040542	7.9492e-15
0.00235	0.037064	1.0798e-14
0.0023562	0.033805	1.393e-14
0.0023625	0.030708	4.0004e-15
0.0023688	0.02781	-3.3396e-16
0.002375	0.025065	-4.6043e-15
0.0023813	0.022502	-1.2164e-14
0.0023875	0.020083	-2.4414e-14
0.0023938	0.017832	-4.0131e-14
0.0024	0.015719	-5.6744e-14
0.0024062	0.013763	-7.1765e-14
0.0024125	0.011939	-9.2626e-14
0.0024187	0.010261	-1.1238e-13
0.002425	0.0087121	-1.3549e-13
0.0024312	0.0073017	-1.5706e-13
0.0024375	0.0060164	-1.7809e-13
0.0024438	0.0048635	-1.9801e-13
0.00245	0.0038333	-2.2152e-13
0.0024563	0.0029306	-2.3689e-13
0.0024625	0.0021489	-2.5634e-13
0.0024688	0.0014909	-2.7447e-13
0.002475	0.00095279	-2.7975e-13
0.0024812	0.00053569	-2.947e-13
0.0024875	0.00023786	-2.988e-13
0.0024937	5.9465e-05	-3.088e-13
0.0025	0	-3.0622e-13
