0	1.7967e+09	5.2013e+07
6.25e-06	1.7274e+09	5.2006e+07
1.25e-05	1.6692e+09	5.1997e+07
1.875e-05	1.6066e+09	5.1988e+07
2.5e-05	1.5537e+09	5.1977e+07
3.125e-05	1.4955e+09	5.1966e+07
3.75e-05	1.4462e+09	5.1953e+07
4.375e-05	1.3912e+09	5.1939e+07
5e-05	1.3445e+09	5.1924e+07
5.625e-05	1.2921e+09	5.1907e+07
6.25e-05	1.2475e+09	5.1888e+07
6.875e-05	1.1974e+09	5.1868e+07
7.5e-05	1.1547e+09	5.1845e+07
8.125e-05	1.1065e+09	5.182e+07
8.75e-05	1.0656e+09	5.1793e+07
9.375e-05	1.0193e+09	5.1762e+07
0.0001	9.7994e+08	5.1728e+07
0.00010625	9.3543e+08	5.169e+07
0.0001125	8.9756e+08	5.1647e+07
0.00011875	8.5479e+08	5.16e+07
0.000125	8.1837e+08	5.1546e+07
0.00013125	7.773e+08	5.1486e+07
0.0001375	7.423e+08	5.1418e+07
0.00014375	7.0294e+08	5.1341e+07
0.00015	6.6935e+08	5.1254e+07
0.00015625	6.3171e+08	5.1155e+07
0.0001625	5.9955e+08	5.1042e+07
0.00016875	5.6365e+08	5.0912e+07
0.000175	5.3294e+08	5.0764e+07
0.00018125	4.9884e+08	5.0593e+07
0.0001875	4.6961e+08	5.0396e+07
0.00019375	4.3737e+08	5.0168e+07
0.0002	4.0968e+08	4.9903e+07
0.00020625	3.7938e+08	4.9596e+07
0.0002125	3.5331e+08	4.9237e+07
0.00021875	3.2505e+08	4.8818e+07
0.000225	3.0068e+08	4.8329e+07
0.00023125	2.7459e+08	4.7756e+07
0.0002375	2.5203e+08	4.7086e+07
0.00024375	2.2825e+08	4.6302e+07
0.00025	2.0763e+08	4.5387e+07
0.00025625	1.8632e+08	4.4322e+07
0.0002625	1.6779e+08	4.3086e+07
0.00026875	1.4911e+08	4.1665e+07
0.000275	1.3282e+08	4.004e+07
0.00028125	1.1688e+08	3.8208e+07
0.0002875	1.0297e+08	3.6159e+07
0.00029375	8.9843e+07	3.3915e+07
0.0003	7.8363e+07	3.1487e+07
0.00030625	6.7956e+07	2.8931e+07
0.0003125	5.883e+07	2.6275e+07
0.00031875	5.0899e+07	2.3608e+07
0.000325	4.39e+07	2.0957e+07
0.00033125	3.8058e+07	1.842e+07
0.0003375	3.2853e+07	1.6007e+07
0.00034375	2.8647e+07	1.3796e+07
0.00035	2.486e+07	1.1773e+07
0.00035625	2.1863e+07	9.9822e+06
0.0003625	1.9138e+07	8.3915e+06
0.00036875	1.7001e+07	7.0198e+06
0.000375	1.504e+07	5.8284e+06
0.00038125	1.3497e+07	4.8202e+06
0.0003875	1.2072e+07	3.96e+06
0.00039375	1.0934e+07	3.2428e+06
0.0004	9.8766e+06	2.6401e+06
0.00040625	9.0164e+06	2.1435e+06
0.0004125	8.2143e+06	1.7316e+06
0.00041875	7.5472e+06	1.3954e+06
0.000425	6.9238e+06	1.1196e+06
0.00043125	6.3936e+06	8.9634e+05
0.0004375	5.8974e+06	7.1491e+05
0.00044375	5.4669e+06	5.6905e+05
0.00045	5.0636e+06	4.5153e+05
0.00045625	4.7075e+06	3.5762e+05
0.0004625	4.3739e+06	2.825e+05
0.00046875	4.0748e+06	2.228e+05
0.000475	3.7946e+06	1.7533e+05
0.00048125	3.5405e+06	1.3779e+05
0.0004875	3.3024e+06	1.0809e+05
0.00049375	3.0845e+06	84698
0.0005	2.8804e+06	66273
0.00050625	2.6923e+06	51805
0.0005125	2.5162e+06	40451
0.00051875	2.3531e+06	31560
0.000525	2.2004e+06	24602
0.00053125	2.0585e+06	19165
0.0005375	1.9256e+06	14920
0.00054375	1.8018e+06	11609
0.00055	1.686e+06	9027.6
0.00055625	1.5779e+06	7017.6
0.0005625	1.4767e+06	5452.9
0.00056875	1.3821e+06	4235.6
0.000575	1.2936e+06	3289.1
0.00058125	1.2109e+06	2553.4
0.0005875	1.1334e+06	1981.8
0.00059375	1.061e+06	1537.9
0.0006	9.9316e+05	1193.2
0.00060625	9.2971e+05	925.57
0.0006125	8.7031e+05	717.89
0.00061875	8.1472e+05	556.74
0.000625	7.6268e+05	431.72
0.00063125	7.1397e+05	334.75
0.0006375	6.6838e+05	259.53
0.00064375	6.2569e+05	201.2
0.00065	5.8574e+05	155.97
0.00065625	5.4834e+05	120.91
0.0006625	5.1332e+05	93.719
0.00066875	4.8055e+05	72.641
0.000675	4.4986e+05	56.302
0.00068125	4.2114e+05	43.637
0.0006875	3.9425e+05	33.82
0.00069375	3.6907e+05	26.211
0.0007	3.4551e+05	20.313
0.00070625	3.2344e+05	15.742
0.0007125	3.0279e+05	12.2
0.00071875	2.8346e+05	9.4544
0.000725	2.6536e+05	7.3266
0.00073125	2.4841e+05	5.6776
0.0007375	2.3255e+05	4.3996
0.00074375	2.177e+05	3.4093
0.00075	2.038e+05	2.6418
0.00075625	1.9079e+05	2.0471
0.0007625	1.786e+05	1.5862
0.00076875	1.672e+05	1.2291
0.000775	1.5652e+05	0.95232
0.00078125	1.4653e+05	0.73787
0.0007875	1.3717e+05	0.57169
0.00079375	1.2841e+05	0.44293
0.0008	1.2021e+05	0.34315
0.00080625	1.1254e+05	0.26584
0.0008125	1.0535e+05	0.20594
0.00081875	98623	0.15953
0.000825	92326	0.12358
0.00083125	86430	0.095721
0.0008375	80911	0.074139
0.00084375	75744	0.057421
0.00085	70908	0.04447
0.00085625	66380	0.034438
0.0008625	62141	0.026668
0.00086875	58173	0.020649
0.000875	54458	0.015988
0.00088125	50980	0.012378
0.0008875	47725	0.0095826
0.00089375	44677	0.0074178
0.0009	41824	0.0057417
0.00090625	39153	0.0044438
0.0009125	36652	0.0034388
0.00091875	34311	0.0026606
0.000925	32120	0.0020581
0.00093125	30068	0.0015917
0.0009375	28148	0.0012307
0.00094375	26350	0.00095134
0.00095	24666	0.00073536
0.00095625	23091	0.00056834
0.0009625	21616	0.00043915
0.00096875	20235	0.00033926
0.000975	18942	0.00026203
0.00098125	17731	0.00020233
0.0009875	16598	0.00015619
0.00099375	15538	0.00012054
0.001	14545	9.2997e-05
0.0010062	13615	7.1728e-05
0.0010125	12745	5.5304e-05
0.0010187	11930	4.2626e-05
0.001025	11167	3.2842e-05
0.0010313	10454	2.5295e-05
0.0010375	9785.1	1.9473e-05
0.0010437	9159.3	1.4985e-05
0.00105	8573.5	1.1527e-05
0.0010562	8025.2	8.8624e-06
0.0010625	7511.8	6.8111e-06
0.0010688	7031.2	5.2326e-06
0.001075	6581.3	4.0187e-06
0.0010812	6160.1	3.0857e-06
0.0010875	5765.9	2.3692e-06
0.0010938	5396.8	1.8193e-06
0.0011	5051.3	1.3977e-06
0.0011063	4727.8	1.0747e-06
0.0011125	4425	8.2738e-07
0.0011187	4141.6	6.3814e-07
0.001125	3876.3	4.9332e-07
0.0011313	3627.9	3.8241e-07
0.0011375	3395.4	2.9721e-07
0.0011438	3177.8	2.3117e-07
0.00115	2974.1	1.7943e-07
0.0011562	2783.4	1.416e-07
0.0011625	2604.8	1.1428e-07
0.0011688	2437.8	9.4718e-08
0.001175	2281.3	8.0939e-08
0.0011813	2135	7.1471e-08
0.0011875	1997.9	6.52e-08
0.0011937	1869.7	6.1269e-08
0.0012	1749.6	5.9033e-08
0.0012063	1637.2	5.7996e-08
0.0012125	1532	5.7785e-08
0.0012187	1433.6	5.8113e-08
0.001225	1341.5	5.8769e-08
0.0012312	1255.2	5.9592e-08
0.0012375	1174.5	6.0467e-08
0.0012438	1099	6.1307e-08
0.00125	1028.3	6.2053e-08
0.0012562	962.16	6.2665e-08
0.0012625	900.24	6.3113e-08
0.0012687	842.3	6.3385e-08
0.001275	788.08	6.3473e-08
0.0012813	737.34	6.3374e-08
0.0012875	689.86	6.3093e-08
0.0012937	645.43	6.2639e-08
0.0013	603.85	6.2019e-08
0.0013062	564.95	6.1246e-08
0.0013125	528.54	6.0331e-08
0.0013188	494.48	5.9288e-08
0.001325	462.61	5.813e-08
0.0013312	432.79	5.6869e-08
0.0013375	404.89	5.5519e-08
0.0013437	378.79	5.4092e-08
0.00135	354.37	5.2601e-08
0.0013563	331.53	5.1056e-08
0.0013625	310.16	4.9469e-08
0.0013687	290.16	4.7849e-08
0.001375	271.46	4.6207e-08
0.0013813	253.96	4.455e-08
0.0013875	237.59	4.2887e-08
0.0013938	222.28	4.1226e-08
0.0014	207.96	3.9573e-08
0.0014062	194.57	3.7933e-08
0.0014125	182.04	3.6313e-08
0.0014188	170.32	3.4716e-08
0.001425	159.36	3.3148e-08
0.0014313	149.11	3.1612e-08
0.0014375	139.53	3.0112e-08
0.0014437	130.56	2.8648e-08
0.00145	122.17	2.7226e-08
0.0014563	114.33	2.5845e-08
0.0014625	107	2.4507e-08
0.0014688	100.14	2.3214e-08
0.001475	93.728	2.1966e-08
0.0014812	87.728	2.0764e-08
0.0014875	82.122	1.9607e-08
0.0014938	76.875	1.8497e-08
0.0015	71.973	1.7432e-08
0.0015062	67.385	1.6414e-08
0.0015125	63.099	1.544e-08
0.0015187	59.087	1.451e-08
0.001525	55.339	1.3623e-08
0.0015313	51.83	1.2778e-08
0.0015375	48.554	1.1975e-08
0.0015437	45.485	1.1212e-08
0.00155	42.62	1.0488e-08
0.0015562	39.936	9.8019e-09
0.0015625	37.431	9.1522e-09
0.0015688	35.083	8.5374e-09
0.001575	32.892	7.9567e-09
0.0015812	30.839	7.4083e-09
0.0015875	28.922	6.8912e-09
0.0015937	27.126	6.4042e-09
0.0016	25.449	5.9457e-09
0.0016063	23.877	5.5143e-09
0.0016125	22.41	5.1093e-09
0.0016187	21.034	4.729e-09
0.001625	19.75	4.3722e-09
0.0016313	18.546	4.0379e-09
0.0016375	17.422	3.7251e-09
0.0016438	16.367	3.4324e-09
0.00165	15.382	3.1588e-09
0.0016562	14.458	2.9035e-09
0.0016625	13.595	2.6651e-09
0.0016688	12.785	2.443e-09
0.001675	12.029	2.2362e-09
0.0016813	11.319	2.0439e-09
0.0016875	10.656	1.8652e-09
0.0016937	10.032	1.6993e-09
0.0017	9.4508	1.5455e-09
0.0017063	8.9035	1.403e-09
0.0017125	8.3927	1.2711e-09
0.0017188	7.912	1.1494e-09
0.001725	7.4632	1.0369e-09
0.0017312	7.0405	9.334e-10
0.0017375	6.6459	8.3807e-10
0.0017438	6.274	7.5056e-10
0.00175	5.9267	6.7027e-10
0.0017562	5.5992	5.9679e-10
0.0017625	5.2934	5.2969e-10
0.0017687	5.0047	4.6846e-10
0.001775	4.735	4.1276e-10
0.0017813	4.4804	3.6223e-10
0.0017875	4.2423	3.1652e-10
0.0017937	4.0174	2.7523e-10
0.0018	3.8071	2.3808e-10
0.0018062	3.6083	2.0483e-10
0.0018125	3.4222	1.7508e-10
0.0018188	3.2462	1.4865e-10
0.001825	3.0814	1.2528e-10
0.0018312	2.9254	1.0467e-10
0.0018375	2.7793	8.6661e-11
0.0018437	2.6409	7.0968e-11
0.00185	2.5111	5.7438e-11
0.0018563	2.3881	4.5861e-11
0.0018625	2.2727	3.6023e-11
0.0018687	2.1632	2.7823e-11
0.001875	2.0605	2.1021e-11
0.0018812	1.9629	1.5463e-11
0.0018875	1.8712	1.1032e-11
0.0018938	1.7842	7.5842e-12
0.0019	1.7023	4.9747e-12
0.0019062	1.6244	3.0666e-12
0.0019125	1.5511	1.7364e-12
0.0019188	1.4814	8.7365e-13
0.001925	1.4157	3.9751e-13
0.0019313	1.3532	1.6414e-13
0.0019375	1.2942	9.4481e-14
0.0019437	1.238	1.0039e-13
0.00195	1.185	8.886e-14
0.0019563	1.1344	-6.0226e-14
0.0019625	1.0866	-3.5814e-13
0.0019688	1.0409	-9.1933e-13
0.001975	0.99773	-1.8254e-12
0.0019812	0.95649	-3.0909e-12
0.0019875	0.91739	-4.8096e-12
0.0019937	0.88003	-7.0264e-12
0.002	0.84458	-9.7979e-12
0.0020062	0.81066	-1.3142e-11
0.0020125	0.77843	-1.7156e-11
0.0020188	0.74758	-2.1844e-11
0.002025	0.71821	-2.7227e-11
0.0020313	0.69008	-3.3368e-11
0.0020375	0.66326	-4.0272e-11
0.0020437	0.63753	-4.7997e-11
0.00205	0.61298	-5.6522e-11
0.0020562	0.58941	-6.5877e-11
0.0020625	0.56687	-7.6059e-11
0.0020687	0.54521	-8.712e-11
0.002075	0.52447	-9.9031e-11
0.0020813	0.50452	-1.118e-10
0.0020875	0.48539	-1.2544e-10
0.0020938	0.46695	-1.3995e-10
0.0021	0.44925	-1.553e-10
0.0021063	0.43217	-1.7149e-10
0.0021125	0.41576	-1.8853e-10
0.0021187	0.3999	-2.0638e-10
0.002125	0.38464	-2.2503e-10
0.0021312	0.36987	-2.4447e-10
0.0021375	0.35564	-2.6467e-10
0.0021437	0.34185	-2.856e-10
0.00215	0.32855	-3.0723e-10
0.0021563	0.31565	-3.2958e-10
0.0021625	0.30319	-3.5255e-10
0.0021688	0.2911	-3.7617e-10
0.002175	0.2794	-4.0036e-10
0.0021813	0.26803	-4.251e-10
0.0021875	0.25703	-4.5036e-10
0.0021937	0.24633	-4.761e-10
0.0022	0.23596	-5.0228e-10
0.0022062	0.22587	-5.2886e-10
0.0022125	0.21609	-5.5578e-10
0.0022187	0.20656	-5.8303e-10
0.002225	0.19733	-6.1055e-10
0.0022313	0.18833	-6.3829e-10
0.0022375	0.1796	-6.662e-10
0.0022438	0.17109	-6.9427e-10
0.00225	0.16284	-7.2242e-10
0.0022563	0.1548	-7.5063e-10
0.0022625	0.147	-7.7882e-10
0.0022687	0.13941	-8.0697e-10
0.002275	0.13204	-8.3503e-10
0.0022812	0.12487	-8.6296e-10
0.0022875	0.11793	-8.9069e-10
0.0022938	0.11117	-9.182e-10
0.0023	0.10463	-9.4544e-10
0.0023063	0.098278	-9.7235e-10
0.0023125	0.092139	-9.9892e-10
0.0023188	0.086182	-1.0251e-09
0.002325	0.080436	-1.0508e-09
0.0023312	0.074871	-1.076e-09
0.0023375	0.069515	-1.1007e-09
0.0023437	0.06434	-1.1248e-09
0.00235	0.059373	-1.1483e-09
0.0023562	0.054588	-1.1711e-09
0.0023625	0.05001	-1.1933e-09
0.0023688	0.045617	-1.2147e-09
0.002375	0.041429	-1.2354e-09
0.0023813	0.037429	-1.2553e-09
0.0023875	0.033635	-1.2744e-09
0.0023938	0.030031	-1.2926e-09
0.0024	0.026633	-1.31e-09
0.0024062	0.02343	-1.3264e-09
0.0024125	0.020432	-1.3419e-09
0.0024187	0.017632	-1.3564e-09
0.002425	0.015039	-1.37e-09
0.0024312	0.012646	-1.3825e-09
0.0024375	0.01046	-1.3941e-09
0.0024438	0.0084778	-1.4046e-09
0.00245	0.0067035	-1.414e-09
0.0024563	0.0051347	-1.4223e-09
0.0024625	0.0037747	-1.4296e-09
0.0024688	0.0026221	-1.4358e-09
0.002475	0.0016789	-1.4408e-09
0.0024812	0.00094455	-1.4448e-09
0.0024875	0.00041993	-1.4476e-09
0.0024937	0.00010498	-1.4493e-09
0.0025	0	-1.4499e-09
