0	2.9872e+09	6.9814e+07
6.25e-06	2.8877e+09	6.9815e+07
1.25e-05	2.8049e+09	6.9812e+07
1.875e-05	2.7151e+09	6.9811e+07
2.5e-05	2.6399e+09	6.9807e+07
3.125e-05	2.556e+09	6.9804e+07
3.75e-05	2.4856e+09	6.9799e+07
4.375e-05	2.406e+09	6.9795e+07
5e-05	2.339e+09	6.9789e+07
5.625e-05	2.2628e+09	6.9783e+07
6.25e-05	2.1986e+09	6.9777e+07
6.875e-05	2.1253e+09	6.977e+07
7.5e-05	2.0636e+09	6.9762e+07
8.125e-05	1.9929e+09	6.9754e+07
8.75e-05	1.9334e+09	6.9744e+07
9.375e-05	1.865e+09	6.9734e+07
0.0001	1.8075e+09	6.9723e+07
0.00010625	1.7413e+09	6.9711e+07
0.0001125	1.6856e+09	6.9697e+07
0.00011875	1.6216e+09	6.9683e+07
0.000125	1.5677e+09	6.9666e+07
0.00013125	1.5058e+09	6.9648e+07
0.0001375	1.4536e+09	6.9627e+07
0.00014375	1.3937e+09	6.9604e+07
0.00015	1.3431e+09	6.9579e+07
0.00015625	1.2852e+09	6.955e+07
0.0001625	1.2363e+09	6.9518e+07
0.00016875	1.1804e+09	6.9482e+07
0.000175	1.1332e+09	6.9441e+07
0.00018125	1.0793e+09	6.9395e+07
0.0001875	1.0337e+09	6.9343e+07
0.00019375	9.8181e+08	6.9284e+07
0.0002	9.3787e+08	6.9216e+07
0.00020625	8.8808e+08	6.9139e+07
0.0002125	8.4584e+08	6.905e+07
0.00021875	7.9817e+08	6.8948e+07
0.000225	7.5766e+08	6.8831e+07
0.00023125	7.1218e+08	6.8694e+07
0.0002375	6.7345e+08	6.8536e+07
0.00024375	6.3024e+08	6.8352e+07
0.00025	5.9336e+08	6.8137e+07
0.00025625	5.5251e+08	6.7885e+07
0.0002625	5.1757e+08	6.7589e+07
0.00026875	4.792e+08	6.724e+07
0.000275	4.463e+08	6.6829e+07
0.00028125	4.1055e+08	6.6343e+07
0.0002875	3.7981e+08	6.5767e+07
0.00029375	3.4684e+08	6.5085e+07
0.0003	3.184e+08	6.4276e+07
0.00030625	2.8838e+08	6.3319e+07
0.0003125	2.6241e+08	6.2187e+07
0.00031875	2.3554e+08	6.0856e+07
0.000325	2.1223e+08	5.9295e+07
0.00033125	1.887e+08	5.748e+07
0.0003375	1.6823e+08	5.5385e+07
0.00034375	1.482e+08	5.3001e+07
0.00035	1.3073e+08	5.0317e+07
0.00035625	1.1425e+08	4.7357e+07
0.0003625	9.984e+07	4.4137e+07
0.00036875	8.6791e+07	4.0732e+07
0.000375	7.5338e+07	3.7181e+07
0.00038125	6.5393e+07	3.3604e+07
0.0003875	5.6601e+07	3.0039e+07
0.00039375	4.9257e+07	2.6618e+07
0.0004	4.2697e+07	2.3352e+07
0.00040625	3.7386e+07	2.0347e+07
0.0004125	3.2588e+07	1.7575e+07
0.00041875	2.8784e+07	1.5104e+07
0.000425	2.5313e+07	1.2881e+07
0.00043125	2.2583e+07	1.0942e+07
0.0004375	2.007e+07	9.2326e+06
0.00044375	1.8085e+07	7.766e+06
0.00045	1.6241e+07	6.4942e+06
0.00045625	1.4769e+07	5.4168e+06
0.0004625	1.3395e+07	4.4952e+06
0.00046875	1.2279e+07	3.7217e+06
0.000475	1.1234e+07	3.0676e+06
0.00048125	1.0368e+07	2.5228e+06
0.0004875	9.5529e+06	2.0668e+06
0.00049375	8.8654e+06	1.6894e+06
0.0005	8.2171e+06	1.3763e+06
0.00050625	7.6589e+06	1.1188e+06
0.0005125	7.1319e+06	9.0671e+05
0.00051875	6.6694e+06	7.3335e+05
0.000525	6.2326e+06	5.916e+05
0.00053125	5.8428e+06	4.7635e+05
0.0005375	5.4747e+06	3.8269e+05
0.00054375	5.1417e+06	3.0693e+05
0.00055	4.8273e+06	2.4569e+05
0.00055625	4.5398e+06	1.9638e+05
0.0005625	4.2684e+06	1.5671e+05
0.00056875	4.0181e+06	1.2489e+05
0.000575	3.7818e+06	99393
0.00058125	3.5626e+06	79015
0.0005875	3.3557e+06	62742
0.00059375	3.1627e+06	49774
0.0006	2.9806e+06	39448
0.00060625	2.8103e+06	31240
0.0006125	2.6495e+06	24720
0.00061875	2.4987e+06	19548
0.000625	2.3563e+06	15448
0.00063125	2.2226e+06	12202
0.0006375	2.0964e+06	9632.2
0.00064375	1.9776e+06	7600.4
0.00065	1.8656e+06	5994.5
0.00065625	1.76e+06	4726.2
0.0006625	1.6605e+06	3724.9
0.00066875	1.5666e+06	2934.8
0.000675	1.4781e+06	2311.7
0.00068125	1.3946e+06	1820.4
0.0006875	1.3158e+06	1433.1
0.00069375	1.2416e+06	1128
0.0007	1.1715e+06	887.7
0.00070625	1.1054e+06	698.46
0.0007125	1.043e+06	549.47
0.00071875	9.8413e+05	432.2
0.000725	9.286e+05	339.91
0.00073125	8.7622e+05	267.3
0.0007375	8.2679e+05	210.18
0.00074375	7.8015e+05	165.24
0.00075	7.3614e+05	129.9
0.00075625	6.9462e+05	102.12
0.0007625	6.5544e+05	80.264
0.00076875	6.1847e+05	63.085
0.000775	5.8358e+05	49.58
0.00078125	5.5067e+05	38.963
0.0007875	5.1961e+05	30.619
0.00079375	4.903e+05	24.06
0.0008	4.6265e+05	18.905
0.00080625	4.3655e+05	14.855
0.0008125	4.1193e+05	11.671
0.00081875	3.887e+05	9.17
0.000825	3.6678e+05	7.2045
0.00083125	3.4609e+05	5.6601
0.0008375	3.2657e+05	4.4467
0.00084375	3.0816e+05	3.4933
0.00085	2.9078e+05	2.7443
0.00085625	2.7438e+05	2.1558
0.0008625	2.589e+05	1.6935
0.00086875	2.443e+05	1.3303
0.000875	2.3052e+05	1.045
0.00088125	2.1752e+05	0.82081
0.0008875	2.0526e+05	0.64473
0.00089375	1.9368e+05	0.50642
0.0009	1.8276e+05	0.39777
0.00090625	1.7245e+05	0.31242
0.0009125	1.6273e+05	0.24538
0.00091875	1.5355e+05	0.19272
0.000925	1.4489e+05	0.15136
0.00093125	1.3672e+05	0.11887
0.0009375	1.2901e+05	0.093352
0.00094375	1.2173e+05	0.07331
0.00095	1.1487e+05	0.057569
0.00095625	1.0839e+05	0.045207
0.0009625	1.0228e+05	0.035497
0.00096875	96507	0.027872
0.000975	91064	0.021884
0.00098125	85928	0.017182
0.0009875	81082	0.013489
0.00099375	76509	0.01059
0.001	72194	0.0083131
0.0010062	68122	0.0065255
0.0010125	64279	0.005122
0.0010187	60654	0.00402
0.001025	57232	0.003155
0.0010313	54004	0.0024758
0.0010375	50958	0.0019425
0.0010437	48083	0.0015239
0.00105	45371	0.0011952
0.0010562	42811	0.0009373
0.0010625	40396	0.00073486
0.0010688	38117	0.00057602
0.001075	35966	0.00045146
0.0010812	33937	0.00035382
0.0010875	32022	0.00027724
0.0010938	30215	0.00021719
0.0011	28510	0.0001701
0.0011063	26901	0.0001332
0.0011125	25382	0.00010427
0.0011187	23950	8.161e-05
0.001125	22598	6.3854e-05
0.0011313	21322	4.9947e-05
0.0011375	20118	3.9057e-05
0.0011438	18983	3.0531e-05
0.00115	17911	2.3859e-05
0.0011562	16899	1.8638e-05
0.0011625	15945	1.4554e-05
0.0011688	15045	1.136e-05
0.001175	14195	8.8635e-06
0.0011813	13393	6.9126e-06
0.0011875	12636	5.3888e-06
0.0011937	11922	4.199e-06
0.0012	11249	3.2704e-06
0.0012063	10613	2.546e-06
0.0012125	10013	1.9813e-06
0.0012187	9447.3	1.5412e-06
0.001225	8913.3	1.1984e-06
0.0012312	8409.4	9.3166e-07
0.0012375	7933.9	7.2413e-07
0.0012438	7485.3	5.6278e-07
0.00125	7061.9	4.3738e-07
0.0012562	6662.5	3.3998e-07
0.0012625	6285.6	2.6432e-07
0.0012687	5929.9	2.0553e-07
0.001275	5594.4	1.5981e-07
0.0012813	5277.8	1.2418e-07
0.0012875	4979	9.6272e-08
0.0012937	4697.2	7.4364e-08
0.0013	4431.2	5.7804e-08
0.0013062	4180.3	4.5439e-08
0.0013125	3943.6	3.6283e-08
0.0013188	3720.2	2.9582e-08
0.001325	3509.4	2.4766e-08
0.0013312	3310.6	2.1382e-08
0.0013375	3123	1.9083e-08
0.0013437	2946	1.7598e-08
0.00135	2779	1.672e-08
0.0013563	2621.4	1.6285e-08
0.0013625	2472.8	1.6169e-08
0.0013687	2332.6	1.6269e-08
0.001375	2200.2	1.6518e-08
0.0013813	2075.4	1.6856e-08
0.0013875	1957.7	1.7242e-08
0.0013938	1846.6	1.764e-08
0.0014	1741.8	1.8028e-08
0.0014062	1642.9	1.8389e-08
0.0014125	1549.7	1.8712e-08
0.0014188	1461.7	1.8985e-08
0.001425	1378.7	1.9208e-08
0.0014313	1300.4	1.9374e-08
0.0014375	1226.5	1.9483e-08
0.0014437	1156.9	1.9536e-08
0.00145	1091.2	1.9534e-08
0.0014563	1029.2	1.9479e-08
0.0014625	970.69	1.9374e-08
0.0014688	915.53	1.9222e-08
0.001475	863.5	1.9026e-08
0.0014812	814.43	1.8789e-08
0.0014875	768.15	1.8517e-08
0.0014938	724.49	1.821e-08
0.0015	683.31	1.7873e-08
0.0015062	644.48	1.7511e-08
0.0015125	607.85	1.7124e-08
0.0015187	573.3	1.672e-08
0.001525	540.71	1.6296e-08
0.0015313	509.98	1.586e-08
0.0015375	481	1.5412e-08
0.0015437	453.67	1.4955e-08
0.00155	427.89	1.4492e-08
0.0015562	403.58	1.4024e-08
0.0015625	380.65	1.3555e-08
0.0015688	359.03	1.3084e-08
0.001575	338.64	1.2615e-08
0.0015812	319.41	1.2148e-08
0.0015875	301.28	1.1686e-08
0.0015937	284.18	1.123e-08
0.0016	268.05	1.0779e-08
0.0016063	252.84	1.0336e-08
0.0016125	238.5	9.903e-09
0.0016187	224.98	9.4779e-09
0.001625	212.23	9.0624e-09
0.0016313	200.2	8.6576e-09
0.0016375	188.87	8.2635e-09
0.0016438	178.17	7.88e-09
0.00165	168.09	7.5095e-09
0.0016562	158.58	7.1497e-09
0.0016625	149.62	6.8011e-09
0.0016688	141.16	6.4651e-09
0.001675	133.19	6.1416e-09
0.0016813	125.67	5.8294e-09
0.0016875	118.58	5.5297e-09
0.0016937	111.9	5.2411e-09
0.0017	105.6	4.964e-09
0.0017063	99.649	4.6986e-09
0.0017125	94.045	4.4447e-09
0.0017188	88.757	4.2013e-09
0.001725	83.774	3.9696e-09
0.0017312	79.07	3.7471e-09
0.0017375	74.639	3.5357e-09
0.0017438	70.456	3.3336e-09
0.00175	66.515	3.1421e-09
0.0017562	62.794	2.9592e-09
0.0017625	59.289	2.7852e-09
0.0017687	55.979	2.62e-09
0.001775	52.861	2.4633e-09
0.0017813	49.916	2.3149e-09
0.0017875	47.143	2.1736e-09
0.0017937	44.523	2.0396e-09
0.0018	42.055	1.9133e-09
0.0018062	39.724	1.7934e-09
0.0018125	37.528	1.6801e-09
0.0018188	35.454	1.5732e-09
0.001825	33.5	1.4722e-09
0.0018312	31.653	1.3769e-09
0.0018375	29.914	1.287e-09
0.0018437	28.27	1.202e-09
0.00185	26.722	1.1222e-09
0.0018563	25.259	1.047e-09
0.0018625	23.88	9.7589e-10
0.0018687	22.577	9.0946e-10
0.001875	21.349	8.4672e-10
0.0018812	20.189	7.8782e-10
0.0018875	19.095	7.3259e-10
0.0018938	18.061	6.8064e-10
0.0019	17.087	6.3174e-10
0.0019062	16.166	5.8622e-10
0.0019125	15.298	5.4333e-10
0.0019188	14.476	5.0321e-10
0.001925	13.703	4.6575e-10
0.0019313	12.97	4.3054e-10
0.0019375	12.28	3.9787e-10
0.0019437	11.627	3.6717e-10
0.00195	11.012	3.3836e-10
0.0019563	10.429	3.1178e-10
0.0019625	9.8805	2.8687e-10
0.0019688	9.3605	2.6361e-10
0.001975	8.8705	2.4196e-10
0.0019812	8.4063	2.2188e-10
0.0019875	7.9687	2.0316e-10
0.0019937	7.554	1.8589e-10
0.002	7.1631	1.6978e-10
0.0020062	6.7925	1.5478e-10
0.0020125	6.4431	1.4095e-10
0.0020188	6.1117	1.2813e-10
0.002025	5.7991	1.1633e-10
0.0020313	5.5027	1.0541e-10
0.0020375	5.2229	9.5387e-11
0.0020437	4.9574	8.6164e-11
0.00205	4.7067	7.7657e-11
0.0020562	4.4688	6.9819e-11
0.0020625	4.2441	6.2586e-11
0.0020687	4.0307	5.6054e-11
0.002075	3.829	5.0094e-11
0.0020813	3.6374	4.4626e-11
0.0020875	3.4562	3.9621e-11
0.0020938	3.2839	3.506e-11
0.0021	3.1209	3.0965e-11
0.0021063	2.9659	2.7239e-11
0.0021125	2.8191	2.3911e-11
0.0021187	2.6794	2.09e-11
0.002125	2.5469	1.8169e-11
0.0021312	2.4208	1.5797e-11
0.0021375	2.3011	1.3587e-11
0.0021437	2.1871	1.167e-11
0.00215	2.0788	9.9672e-12
0.0021563	1.9756	8.4474e-12
0.0021625	1.8774	7.1205e-12
0.0021688	1.7838	6.0008e-12
0.002175	1.6946	5.0151e-12
0.0021813	1.6095	4.1442e-12
0.0021875	1.5283	3.3989e-12
0.0021937	1.4508	2.7136e-12
0.0022	1.3768	2.2426e-12
0.0022062	1.3061	1.76e-12
0.0022125	1.2385	1.3481e-12
0.0022187	1.1739	1.0476e-12
0.002225	1.1121	8.2315e-13
0.0022313	1.0529	6.1391e-13
0.0022375	0.99623	4.5651e-13
0.0022438	0.94198	3.4447e-13
0.00225	0.88998	2.5824e-13
0.0022563	0.84016	1.7707e-13
0.0022625	0.79239	1.1929e-13
0.0022687	0.74661	1.2656e-13
0.002275	0.70268	1.1178e-13
0.0022812	0.66058	9.1234e-14
0.0022875	0.62017	8.9443e-14
0.0022938	0.58145	9.4333e-14
0.0023	0.54429	1.0499e-13
0.0023063	0.50869	9.257e-14
0.0023125	0.47454	8.1826e-14
0.0023188	0.44185	8.2849e-14
0.002325	0.41051	7.3271e-14
0.0023312	0.38055	3.2372e-14
0.0023375	0.35186	-2.7029e-14
0.0023437	0.32447	-3.8597e-14
0.00235	0.29829	-8.1229e-14
0.0023562	0.27335	-1.6263e-13
0.0023625	0.24958	-2.0253e-13
0.0023688	0.22699	-2.687e-13
0.002375	0.20552	-3.6118e-13
0.0023813	0.18521	-4.1518e-13
0.0023875	0.16598	-5.0682e-13
0.0023938	0.14787	-5.5667e-13
0.0024	0.13083	-6.6996e-13
0.0024062	0.11487	-7.2106e-13
0.0024125	0.099967	-8.2389e-13
0.0024187	0.086129	-9.1353e-13
0.002425	0.073329	-9.6827e-13
0.0024312	0.06158	-1.0622e-12
0.0024375	0.05086	-1.1596e-12
0.0024438	0.041178	-1.2076e-12
0.00245	0.03252	-1.2801e-12
0.0024563	0.02489	-1.3428e-12
0.0024625	0.01828	-1.3792e-12
0.0024688	0.012692	-1.4617e-12
0.002475	0.0081204	-1.5023e-12
0.0024812	0.0045673	-1.5173e-12
0.0024875	0.0020295	-1.5566e-12
0.0024937	0.00050739	-1.5434e-12
0.0025	0	-1.5647e-12
