0	1.6439e+09	1.3641e+07
6.25e-06	1.6092e+09	1.364e+07
1.25e-05	1.5806e+09	1.3634e+07
1.875e-05	1.5491e+09	1.3631e+07
2.5e-05	1.5228e+09	1.3624e+07
3.125e-05	1.4933e+09	1.3619e+07
3.75e-05	1.4684e+09	1.3613e+07
4.375e-05	1.4401e+09	1.3607e+07
5e-05	1.4163e+09	1.36e+07
5.625e-05	1.389e+09	1.3593e+07
6.25e-05	1.3659e+09	1.3586e+07
6.875e-05	1.3394e+09	1.3579e+07
7.5e-05	1.317e+09	1.3572e+07
8.125e-05	1.2912e+09	1.3564e+07
8.75e-05	1.2694e+09	1.3556e+07
9.375e-05	1.2441e+09	1.3549e+07
0.0001	1.2228e+09	1.354e+07
0.00010625	1.1981e+09	1.3532e+07
0.0001125	1.1772e+09	1.3523e+07
0.00011875	1.153e+09	1.3514e+07
0.000125	1.1326e+09	1.3505e+07
0.00013125	1.1088e+09	1.3495e+07
0.0001375	1.0888e+09	1.3485e+07
0.00014375	1.0655e+09	1.3475e+07
0.00015	1.0458e+09	1.3465e+07
0.00015625	1.023e+09	1.3454e+07
0.0001625	1.0037e+09	1.3443e+07
0.00016875	9.8126e+08	1.3431e+07
0.000175	9.623e+08	1.342e+07
0.00018125	9.403e+08	1.3407e+07
0.0001875	9.2169e+08	1.3395e+07
0.00019375	9.001e+08	1.3382e+07
0.0002	8.8183e+08	1.3368e+07
0.00020625	8.6064e+08	1.3354e+07
0.0002125	8.4271e+08	1.334e+07
0.00021875	8.2192e+08	1.3325e+07
0.000225	8.0432e+08	1.3309e+07
0.00023125	7.8394e+08	1.3293e+07
0.0002375	7.6667e+08	1.3277e+07
0.00024375	7.4669e+08	1.3259e+07
0.00025	7.2976e+08	1.3241e+07
0.00025625	7.1018e+08	1.3223e+07
0.0002625	6.9358e+08	1.3203e+07
0.00026875	6.7442e+08	1.3183e+07
0.000275	6.5815e+08	1.3162e+07
0.00028125	6.394e+08	1.3141e+07
0.0002875	6.2347e+08	1.3118e+07
0.00029375	6.0513e+08	1.3094e+07
0.0003	5.8955e+08	1.307e+07
0.00030625	5.7163e+08	1.3044e+07
0.0003125	5.5639e+08	1.3017e+07
0.00031875	5.3889e+08	1.299e+07
0.000325	5.2401e+08	1.296e+07
0.00033125	5.0695e+08	1.293e+07
0.0003375	4.9242e+08	1.2898e+07
0.00034375	4.7579e+08	1.2864e+07
0.00035	4.6163e+08	1.2829e+07
0.00035625	4.4545e+08	1.2793e+07
0.0003625	4.3165e+08	1.2754e+07
0.00036875	4.1593e+08	1.2713e+07
0.000375	4.0251e+08	1.2671e+07
0.00038125	3.8725e+08	1.2626e+07
0.0003875	3.7421e+08	1.2579e+07
0.00039375	3.5943e+08	1.2529e+07
0.0004	3.4678e+08	1.2476e+07
0.00040625	3.3249e+08	1.2421e+07
0.0004125	3.2024e+08	1.2362e+07
0.00041875	3.0644e+08	1.23e+07
0.000425	2.946e+08	1.2234e+07
0.00043125	2.813e+08	1.2165e+07
0.0004375	2.6988e+08	1.2091e+07
0.00044375	2.5711e+08	1.2012e+07
0.00045	2.4612e+08	1.1929e+07
0.00045625	2.3388e+08	1.184e+07
0.0004625	2.2333e+08	1.1746e+07
0.00046875	2.1164e+08	1.1645e+07
0.000475	2.0155e+08	1.1538e+07
0.00048125	1.9042e+08	1.1423e+07
0.0004875	1.808e+08	1.13e+07
0.00049375	1.7025e+08	1.1169e+07
0.0005	1.6112e+08	1.1028e+07
0.00050625	1.5117e+08	1.0878e+07
0.0005125	1.4253e+08	1.0716e+07
0.00051875	1.3319e+08	1.0543e+07
0.000525	1.2508e+08	1.0358e+07
0.00053125	1.1637e+08	1.0158e+07
0.0005375	1.0879e+08	9.9446e+06
0.00054375	1.0074e+08	9.7155e+06
0.00055	9.3718e+07	9.4699e+06
0.00055625	8.6338e+07	9.2071e+06
0.0005625	7.9888e+07	8.9261e+06
0.00056875	7.3197e+07	8.6265e+06
0.000575	6.7338e+07	8.3074e+06
0.00058125	6.135e+07	7.9692e+06
0.0005875	5.6096e+07	7.6115e+06
0.00059375	5.0817e+07	7.2356e+06
0.0006	4.6177e+07	6.842e+06
0.00060625	4.1605e+07	6.4333e+06
0.0006125	3.7579e+07	6.0111e+06
0.00061875	3.3696e+07	5.5799e+06
0.000625	3.027e+07	5.142e+06
0.00063125	2.7041e+07	4.7038e+06
0.0006375	2.4186e+07	4.2683e+06
0.00064375	2.1558e+07	3.8431e+06
0.00065	1.9228e+07	3.4308e+06
0.00065625	1.713e+07	3.0393e+06
0.0006625	1.5264e+07	2.6698e+06
0.00066875	1.3613e+07	2.3292e+06
0.000675	1.214e+07	2.0167e+06
0.00068125	1.0853e+07	1.737e+06
0.0006875	9.7001e+06	1.4872e+06
0.00069375	8.6987e+06	1.2695e+06
0.0007	7.7979e+06	1.0789e+06
0.00070625	7.0157e+06	9.1584e+05
0.0007125	6.3095e+06	7.7499e+05
0.00071875	5.6942e+06	6.5561e+05
0.000725	5.1369e+06	5.5316e+05
0.00073125	4.6485e+06	4.6671e+05
0.0007375	4.205e+06	3.928e+05
0.00074375	3.8138e+06	3.3055e+05
0.00075	3.458e+06	2.7749e+05
0.00075625	3.142e+06	2.3282e+05
0.0007625	2.8543e+06	1.9487e+05
0.00076875	2.5972e+06	1.6295e+05
0.000775	2.363e+06	1.3593e+05
0.00078125	2.1525e+06	1.1325e+05
0.0007875	1.9607e+06	94122
0.00079375	1.7876e+06	78108
0.0008	1.6297e+06	64665
0.00080625	1.4867e+06	53443
0.0008125	1.3562e+06	44066
0.00081875	1.2376e+06	36267
0.000825	1.1294e+06	29782
0.00083125	1.0308e+06	24409
0.0008375	9.4083e+05	19963
0.00084375	8.5866e+05	16295
0.00085	7.8377e+05	13273
0.00085625	7.1524e+05	10792
0.0008625	6.528e+05	8756.4
0.00086875	5.9561e+05	7091.9
0.000875	5.4351e+05	5732.8
0.00088125	4.9576e+05	4625.9
0.0008875	4.5228e+05	3725.9
0.00089375	4.1242e+05	2996
0.0009	3.7612e+05	2404.9
0.00090625	3.4285e+05	1927.3
0.0009125	3.1257e+05	1542
0.00091875	2.8481e+05	1231.9
0.000925	2.5955e+05	982.66
0.00093125	2.3641e+05	782.72
0.0009375	2.1536e+05	622.56
0.00094375	1.9608e+05	494.51
0.00095	1.7854e+05	392.27
0.00095625	1.6249e+05	310.78
0.0009625	1.479e+05	245.9
0.00096875	1.3455e+05	194.34
0.000975	1.2242e+05	153.41
0.00098125	1.1133e+05	120.97
0.0009875	1.0126e+05	95.279
0.00099375	92049	74.97
0.001	83686	58.93
0.0010062	76049	46.275
0.0010125	69116	36.299
0.0010187	62787	28.446
0.001025	57043	22.271
0.0010313	51804	17.422
0.0010375	47049	13.617
0.0010437	42715	10.634
0.00105	38782	8.298
0.0010562	35200	6.47
0.0010625	31950	5.0409
0.0010688	28991	3.9245
0.001075	26307	3.0532
0.0010812	23864	2.3738
0.0010875	21650	1.8445
0.0010938	19635	1.4324
0.0011	17809	1.1116
0.0011063	16148	0.86219
0.0011125	14643	0.66832
0.0011187	13274	0.51772
0.001125	12034	0.4008
0.0011313	10908	0.31006
0.0011375	9887.1	0.23967
0.0011438	8960.1	0.1851
0.00115	8120	0.1428
0.0011562	7357.5	0.11003
0.0011625	6666.6	0.085026
0.0011688	6039.7	0.065997
0.001175	5471.8	0.050785
0.0011813	4956.7	0.039026
0.0011875	4490	0.029944
0.0011937	4066.9	0.022936
0.0012	3683.6	0.017536
0.0012063	3336.1	0.013381
0.0012125	3021.3	0.010188
0.0012187	2736	0.0077403
0.001225	2477.7	0.0058679
0.0012312	2243.5	0.0044396
0.0012375	2031.4	0.0033536
0.0012438	1839.3	0.0025311
0.00125	1665.3	0.0019113
0.0012562	1507.7	0.0014468
0.0012625	1365	0.0011013
0.0012687	1235.7	0.00084639
0.001275	1118.7	0.00066036
0.0012813	1012.7	0.00052703
0.0012875	916.74	0.00043264
0.0012937	829.85	0.00036726
0.0013	751.2	0.00033015
0.0013062	679.97	0.00031529
0.0013125	615.51	0.00030847
0.0013188	557.16	0.0003016
0.001325	504.34	0.00029467
0.0013312	456.52	0.0002877
0.0013375	413.24	0.00028068
0.0013437	374.07	0.00027361
0.00135	338.62	0.0002665
0.0013563	306.53	0.00025937
0.0013625	277.51	0.00025221
0.0013687	251.22	0.00024503
0.001375	227.46	0.00023785
0.0013813	205.94	0.00023066
0.0013875	186.48	0.00022349
0.0013938	168.86	0.00021634
0.0014	152.94	0.00020922
0.0014062	138.52	0.00020215
0.0014125	125.48	0.00019512
0.0014188	113.68	0.00018816
0.001425	103.02	0.00018127
0.0014313	93.363	0.00017445
0.0014375	84.641	0.00016773
0.0014437	76.74	0.0001611
0.00145	69.607	0.00015458
0.0014563	63.144	0.00014817
0.0014625	57.31	0.00014189
0.0014688	52.024	0.00013572
0.001475	47.254	0.00012969
0.0014812	42.93	0.0001238
0.0014875	39.031	0.00011805
0.0014938	35.495	0.00011244
0.0015	32.307	0.00010698
0.0015062	29.416	0.00010168
0.0015125	26.81	9.6527e-05
0.0015187	24.446	9.1532e-05
0.001525	22.316	8.6696e-05
0.0015313	20.383	8.2018e-05
0.0015375	18.643	7.7499e-05
0.0015437	17.062	7.314e-05
0.00155	15.64	6.8939e-05
0.0015562	14.348	6.4896e-05
0.0015625	13.187	6.101e-05
0.0015688	12.131	5.7279e-05
0.001575	11.182	5.3702e-05
0.0015812	10.319	5.0277e-05
0.0015875	9.5443	4.7001e-05
0.0015937	8.8397	4.3872e-05
0.0016	8.2072	4.0887e-05
0.0016063	7.6321	3.8044e-05
0.0016125	7.1161	3.5338e-05
0.0016187	6.6469	3.2768e-05
0.001625	6.2263	3.0329e-05
0.0016313	5.8438	2.8019e-05
0.0016375	5.5014	2.5833e-05
0.0016438	5.1899	2.3769e-05
0.00165	4.9113	2.1823e-05
0.0016562	4.6581	1.999e-05
0.0016625	4.4318	1.8268e-05
0.0016688	4.2262	1.6652e-05
0.001675	4.0428	1.5139e-05
0.0016813	3.8761	1.3724e-05
0.0016875	3.7278	1.2405e-05
0.0016937	3.5929	1.1178e-05
0.0017	3.4732	1.0038e-05
0.0017063	3.3645	8.9818e-06
0.0017125	3.2681	8.0063e-06
0.0017188	3.1806	7.1075e-06
0.001725	3.1033	6.2819e-06
0.0017312	3.0329	5.5258e-06
0.0017375	2.9711	4.8357e-06
0.0017438	2.9147	4.2082e-06
0.00175	2.8653	3.6399e-06
0.0017562	2.8202	3.1275e-06
0.0017625	2.7808	2.6675e-06
0.0017687	2.7447	2.2569e-06
0.001775	2.7132	1.8924e-06
0.0017813	2.6842	1.5709e-06
0.0017875	2.659	1.2894e-06
0.0017937	2.6355	1.0449e-06
0.0018	2.6152	8.3444e-07
0.0018062	2.5959	6.5522e-07
0.0018125	2.5792	5.0444e-07
0.0018188	2.5631	3.7941e-07
0.001825	2.5491	2.7748e-07
0.0018312	2.5351	1.9608e-07
0.0018375	2.5229	1.3272e-07
0.0018437	2.5104	8.4975e-08
0.00185	2.4993	5.0498e-08
0.0018563	2.4876	2.701e-08
0.0018625	2.4771	1.2925e-08
0.0018687	2.4657	1.2126e-08
0.001875	2.4553	1.4483e-08
0.0018812	2.4437	1.8172e-08
0.0018875	2.4329	2.1439e-08
0.0018938	2.4208	2.2593e-08
0.0019	2.4093	2.0011e-08
0.0019062	2.3964	1.2137e-08
0.0019125	2.384	-2.5179e-09
0.0019188	2.37	-2.5372e-08
0.001925	2.3565	-5.7778e-08
0.0019313	2.3413	-1.0102e-07
0.0019375	2.3264	-1.563e-07
0.0019437	2.3098	-2.2477e-07
0.00195	2.2935	-3.0751e-07
0.0019563	2.2754	-4.055e-07
0.0019625	2.2576	-5.1969e-07
0.0019688	2.238	-6.5094e-07
0.001975	2.2186	-8.0003e-07
0.0019812	2.1973	-9.6769e-07
0.0019875	2.1763	-1.1546e-06
0.0019937	2.1535	-1.3612e-06
0.002	2.1309	-1.5881e-06
0.0020062	2.1064	-1.8357e-06
0.0020125	2.0822	-2.1046e-06
0.0020188	2.0562	-2.395e-06
0.002025	2.0305	-2.7074e-06
0.0020313	2.003	-3.0418e-06
0.0020375	1.9757	-3.3984e-06
0.0020437	1.9468	-3.7774e-06
0.00205	1.9181	-4.1787e-06
0.0020562	1.8878	-4.6025e-06
0.0020625	1.8578	-5.0484e-06
0.0020687	1.8262	-5.5165e-06
0.002075	1.795	-6.0064e-06
0.0020813	1.7623	-6.5178e-06
0.0020875	1.7299	-7.0505e-06
0.0020938	1.6962	-7.6039e-06
0.0021	1.6628	-8.1776e-06
0.0021063	1.6281	-8.7712e-06
0.0021125	1.5939	-9.3841e-06
0.0021187	1.5584	-1.0016e-05
0.002125	1.5234	-1.0665e-05
0.0021312	1.4873	-1.1332e-05
0.0021375	1.4517	-1.2016e-05
0.0021437	1.4151	-1.2715e-05
0.00215	1.379	-1.3429e-05
0.0021563	1.342	-1.4158e-05
0.0021625	1.3055	-1.49e-05
0.0021688	1.2683	-1.5654e-05
0.002175	1.2317	-1.642e-05
0.0021813	1.1944	-1.7196e-05
0.0021875	1.1577	-1.7982e-05
0.0021937	1.1205	-1.8776e-05
0.0022	1.0839	-1.9578e-05
0.0022062	1.0469	-2.0386e-05
0.0022125	1.0105	-2.12e-05
0.0022187	0.97385	-2.2018e-05
0.002225	0.93786	-2.2839e-05
0.0022313	0.90169	-2.3663e-05
0.0022375	0.86623	-2.4487e-05
0.0022438	0.83068	-2.5311e-05
0.00225	0.79588	-2.6134e-05
0.0022563	0.7611	-2.6955e-05
0.0022625	0.7271	-2.7772e-05
0.0022687	0.69321	-2.8584e-05
0.002275	0.66013	-2.9391e-05
0.0022812	0.62726	-3.0191e-05
0.0022875	0.59523	-3.0983e-05
0.0022938	0.56351	-3.1766e-05
0.0023	0.53265	-3.2539e-05
0.0023063	0.50219	-3.33e-05
0.0023125	0.47262	-3.405e-05
0.0023188	0.44354	-3.4786e-05
0.002325	0.41537	-3.5507e-05
0.0023312	0.38777	-3.6213e-05
0.0023375	0.36111	-3.6903e-05
0.0023437	0.33508	-3.7576e-05
0.00235	0.31003	-3.823e-05
0.0023562	0.28568	-3.8865e-05
0.0023625	0.26233	-3.948e-05
0.0023688	0.23975	-4.0074e-05
0.002375	0.21818	-4.0647e-05
0.0023813	0.19744	-4.1196e-05
0.0023875	0.17774	-4.1723e-05
0.0023938	0.15892	-4.2225e-05
0.0024	0.14115	-4.2702e-05
0.0024062	0.12432	-4.3154e-05
0.0024125	0.10856	-4.358e-05
0.0024187	0.093769	-4.3979e-05
0.002425	0.080065	-4.4351e-05
0.0024312	0.067377	-4.4695e-05
0.0024375	0.055783	-4.5011e-05
0.0024438	0.045238	-4.5298e-05
0.00245	0.035797	-4.5556e-05
0.0024563	0.027432	-4.5785e-05
0.0024625	0.020178	-4.5984e-05
0.0024688	0.014021	-4.6152e-05
0.002475	0.0089812	-4.629e-05
0.0024812	0.0050535	-4.6398e-05
0.0024875	0.0022473	-4.6475e-05
0.0024937	0.00056183	-4.6522e-05
0.0025	0	-4.6537e-05
