0	5.3648e+09	1.061e+08
6.25e-06	5.2079e+09	1.061e+08
1.25e-05	5.0735e+09	1.0609e+08
1.875e-05	4.9297e+09	1.0608e+08
2.5e-05	4.806e+09	1.0608e+08
3.125e-05	4.6712e+09	1.0607e+08
3.75e-05	4.5546e+09	1.0606e+08
4.375e-05	4.4263e+09	1.0605e+08
5e-05	4.3152e+09	1.0603e+08
5.625e-05	4.1921e+09	1.0602e+08
6.25e-05	4.0855e+09	1.0601e+08
6.875e-05	3.9669e+09	1.0599e+08
7.5e-05	3.8641e+09	1.0598e+08
8.125e-05	3.7493e+09	1.0596e+08
8.75e-05	3.6499e+09	1.0594e+08
9.375e-05	3.5388e+09	1.0592e+08
0.0001	3.4425e+09	1.059e+08
0.00010625	3.3346e+09	1.0588e+08
0.0001125	3.2412e+09	1.0585e+08
0.00011875	3.1365e+09	1.0583e+08
0.000125	3.0457e+09	1.058e+08
0.00013125	2.9441e+09	1.0577e+08
0.0001375	2.856e+09	1.0573e+08
0.00014375	2.7573e+09	1.057e+08
0.00015	2.6717e+09	1.0566e+08
0.00015625	2.5759e+09	1.0561e+08
0.0001625	2.4928e+09	1.0556e+08
0.00016875	2.3999e+09	1.0551e+08
0.000175	2.3193e+09	1.0545e+08
0.00018125	2.2293e+09	1.0539e+08
0.0001875	2.1511e+09	1.0532e+08
0.00019375	2.0639e+09	1.0525e+08
0.0002	1.9882e+09	1.0516e+08
0.00020625	1.904e+09	1.0507e+08
0.0002125	1.8307e+09	1.0497e+08
0.00021875	1.7495e+09	1.0485e+08
0.000225	1.6787e+09	1.0473e+08
0.00023125	1.6004e+09	1.0459e+08
0.0002375	1.5322e+09	1.0443e+08
0.00024375	1.457e+09	1.0425e+08
0.00025	1.3913e+09	1.0405e+08
0.00025625	1.3192e+09	1.0383e+08
0.0002625	1.2562e+09	1.0358e+08
0.00026875	1.1874e+09	1.033e+08
0.000275	1.1271e+09	1.0298e+08
0.00028125	1.0615e+09	1.0262e+08
0.0002875	1.0041e+09	1.0222e+08
0.00029375	9.4199e+08	1.0175e+08
0.0003	8.875e+08	1.0122e+08
0.00030625	8.2894e+08	1.0062e+08
0.0003125	7.775e+08	9.9929e+07
0.00031875	7.2268e+08	9.914e+07
0.000325	6.7443e+08	9.8236e+07
0.00033125	6.2351e+08	9.7202e+07
0.0003375	5.786e+08	9.6017e+07
0.00034375	5.3177e+08	9.4661e+07
0.00035	4.9039e+08	9.311e+07
0.00035625	4.4785e+08	9.1341e+07
0.0003625	4.1017e+08	8.9327e+07
0.00036875	3.721e+08	8.7048e+07
0.000375	3.383e+08	8.4477e+07
0.00038125	3.0486e+08	8.1601e+07
0.0003875	2.7511e+08	7.8403e+07
0.00039375	2.4637e+08	7.4891e+07
0.0004	2.2075e+08	7.1063e+07
0.00040625	1.9668e+08	6.6961e+07
0.0004125	1.7518e+08	6.2606e+07
0.00041875	1.5556e+08	5.808e+07
0.000425	1.3798e+08	5.3422e+07
0.00043125	1.2242e+08	4.8748e+07
0.0004375	1.084e+08	4.4095e+07
0.00044375	9.6326e+07	3.9591e+07
0.00045	8.5383e+07	3.5254e+07
0.00045625	7.617e+07	3.1192e+07
0.0004625	6.7757e+07	2.7393e+07
0.00046875	6.0781e+07	2.3934e+07
0.000475	5.4367e+07	2.0774e+07
0.00048125	4.9086e+07	1.7957e+07
0.0004875	4.4197e+07	1.5432e+07
0.00049375	4.017e+07	1.3218e+07
0.0005	3.6421e+07	1.1263e+07
0.00050625	3.3314e+07	9.5713e+06
0.0005125	3.0408e+07	8.0963e+06
0.00051875	2.7975e+07	6.8322e+06
0.000525	2.5692e+07	5.7422e+06
0.00053125	2.3753e+07	4.8155e+06
0.0005375	2.1931e+07	4.0239e+06
0.00054375	2.0362e+07	3.3554e+06
0.00055	1.8885e+07	2.7891e+06
0.00055625	1.7596e+07	2.3137e+06
0.0005625	1.638e+07	1.9139e+06
0.00056875	1.5305e+07	1.5802e+06
0.000575	1.429e+07	1.3015e+06
0.00058125	1.338e+07	1.07e+06
0.0005875	1.2522e+07	8.7778e+05
0.00059375	1.1744e+07	7.1893e+05
0.0006	1.101e+07	5.8773e+05
0.00060625	1.034e+07	4.7977e+05
0.0006125	9.7072e+06	3.91e+05
0.00061875	9.1247e+06	3.1823e+05
0.000625	8.5753e+06	2.5864e+05
0.00063125	8.0666e+06	2.0996e+05
0.0006375	7.5868e+06	1.7023e+05
0.00064375	7.1405e+06	1.3788e+05
0.00065	6.7196e+06	1.1156e+05
0.00065625	6.3268e+06	90179
0.0006625	5.9564e+06	72828
0.00066875	5.6098e+06	58770
0.000675	5.2831e+06	47387
0.00068125	4.9767e+06	38182
0.0006875	4.6878e+06	30744
0.00069375	4.4166e+06	24740
0.0007	4.1609e+06	19896
0.00070625	3.9206e+06	15992
0.0007125	3.6941e+06	12847
0.00071875	3.4809e+06	10316
0.000725	3.2801e+06	8279.3
0.00073125	3.091e+06	6642.1
0.0007375	2.9128e+06	5326.4
0.00074375	2.745e+06	4269.8
0.00075	2.5868e+06	3421.5
0.00075625	2.4379e+06	2740.8
0.0007625	2.2975e+06	2194.8
0.00076875	2.1652e+06	1757.1
0.000775	2.0405e+06	1406.2
0.00078125	1.9231e+06	1125.1
0.0007875	1.8124e+06	899.96
0.00079375	1.7081e+06	719.69
0.0008	1.6098e+06	575.39
0.00080625	1.5171e+06	459.92
0.0008125	1.4298e+06	367.54
0.00081875	1.3475e+06	293.66
0.000825	1.27e+06	234.58
0.00083125	1.1969e+06	187.35
0.0008375	1.128e+06	149.61
0.00084375	1.0631e+06	119.44
0.00085	1.0019e+06	95.345
0.00085625	9.4425e+05	76.096
0.0008625	8.8991e+05	60.724
0.00086875	8.3869e+05	48.45
0.000875	7.9043e+05	38.651
0.00088125	7.4494e+05	30.829
0.0008875	7.0207e+05	24.587
0.00089375	6.6166e+05	19.606
0.0009	6.2359e+05	15.632
0.00090625	5.877e+05	12.462
0.0009125	5.5388e+05	9.9331
0.00091875	5.22e+05	7.9166
0.000925	4.9196e+05	6.3086
0.00093125	4.6365e+05	5.0266
0.0009375	4.3696e+05	4.0046
0.00094375	4.1181e+05	3.1901
0.00095	3.8811e+05	2.5408
0.00095625	3.6578e+05	2.0235
0.0009625	3.4472e+05	1.6113
0.00096875	3.2488e+05	1.2829
0.000975	3.0619e+05	1.0213
0.00098125	2.8856e+05	0.81294
0.0009875	2.7195e+05	0.647
0.00099375	2.563e+05	0.51487
0.001	2.4155e+05	0.40967
0.0010062	2.2765e+05	0.32592
0.0010125	2.1454e+05	0.25926
0.0010187	2.0219e+05	0.2062
0.001025	1.9055e+05	0.16398
0.0010313	1.7958e+05	0.13039
0.0010375	1.6925e+05	0.10366
0.0010437	1.595e+05	0.082398
0.00105	1.5032e+05	0.065486
0.0010562	1.4167e+05	0.052035
0.0010625	1.3351e+05	0.041338
0.0010688	1.2582e+05	0.032832
0.001075	1.1858e+05	0.026069
0.0010812	1.1175e+05	0.020694
0.0010875	1.0532e+05	0.016423
0.0010938	99251	0.01303
0.0011	93535	0.010335
0.0011063	88148	0.0081967
0.0011125	83071	0.0064988
0.0011187	78286	0.0051511
0.001125	73776	0.0040816
0.0011313	69526	0.0032332
0.0011375	65520	0.0025603
0.0011438	61745	0.0020267
0.00115	58186	0.0016038
0.0011562	54833	0.0012686
0.0011625	51673	0.0010031
0.0011688	48694	0.00079286
0.001175	45887	0.00062639
0.0011813	43241	0.00049465
0.0011875	40748	0.00039042
0.0011937	38398	0.000308
0.0012	36183	0.00024285
0.0012063	34096	0.00019137
0.0012125	32129	0.00015071
0.0012187	30275	0.00011862
0.001225	28528	9.3296e-05
0.0012312	26881	7.333e-05
0.0012375	25329	5.7596e-05
0.0012438	23867	4.5205e-05
0.00125	22489	3.5454e-05
0.0012562	21190	2.7786e-05
0.0012625	19966	2.176e-05
0.0012687	18812	1.703e-05
0.001275	17725	1.3318e-05
0.0012813	16701	1.0409e-05
0.0012875	15735	8.1297e-06
0.0012937	14825	6.3439e-06
0.0013	13968	4.9419e-06
0.0013062	13160	3.8452e-06
0.0013125	12398	3.0009e-06
0.0013188	11681	2.3509e-06
0.001325	11005	1.852e-06
0.0013312	10368	1.4703e-06
0.0013375	9767.2	1.1796e-06
0.0013437	9201.5	9.5925e-07
0.00135	8668.3	7.9323e-07
0.0013563	8166.1	6.6891e-07
0.0013625	7692.7	5.7647e-07
0.0013687	7246.7	5.0826e-07
0.001375	6826.5	4.5831e-07
0.0013813	6430.5	4.2203e-07
0.0013875	6057.4	3.9584e-07
0.0013938	5706	3.7698e-07
0.0014	5374.8	3.6338e-07
0.0014062	5062.7	3.5342e-07
0.0014125	4768.7	3.459e-07
0.0014188	4491.8	3.3992e-07
0.001425	4230.8	3.3481e-07
0.0014313	3985	3.3008e-07
0.0014375	3753.4	3.254e-07
0.0014437	3535.3	3.2052e-07
0.00145	3329.7	3.153e-07
0.0014563	3136.2	3.0965e-07
0.0014625	2953.8	3.0351e-07
0.0014688	2782	2.9687e-07
0.001475	2620.1	2.8975e-07
0.0014812	2467.7	2.8217e-07
0.0014875	2324.1	2.7419e-07
0.0014938	2188.9	2.6584e-07
0.0015	2061.5	2.5719e-07
0.0015062	1941.6	2.4827e-07
0.0015125	1828.6	2.3917e-07
0.0015187	1722.2	2.2992e-07
0.001525	1621.9	2.2059e-07
0.0015313	1527.6	2.1122e-07
0.0015375	1438.7	2.0186e-07
0.0015437	1355	1.9255e-07
0.00155	1276.1	1.8332e-07
0.0015562	1201.9	1.7422e-07
0.0015625	1132	1.6526e-07
0.0015688	1066.2	1.5648e-07
0.001575	1004.2	1.479e-07
0.0015812	945.86	1.3954e-07
0.0015875	890.92	1.3142e-07
0.0015937	839.18	1.2354e-07
0.0016	790.47	1.1593e-07
0.0016063	744.6	1.0859e-07
0.0016125	701.43	1.0153e-07
0.0016187	660.77	9.4757e-08
0.001625	622.5	8.8269e-08
0.0016313	586.46	8.2069e-08
0.0016375	552.55	7.6162e-08
0.0016438	520.6	7.0539e-08
0.00165	490.54	6.5203e-08
0.0016562	462.23	6.015e-08
0.0016625	435.59	5.5372e-08
0.0016688	410.5	5.0864e-08
0.001675	386.89	4.6623e-08
0.0016813	364.65	4.2637e-08
0.0016875	343.73	3.8901e-08
0.0016937	324.02	3.5408e-08
0.0017	305.48	3.2146e-08
0.0017063	288.01	2.911e-08
0.0017125	271.59	2.6288e-08
0.0017188	256.1	2.3672e-08
0.001725	241.54	2.1253e-08
0.0017312	227.82	1.9021e-08
0.0017375	214.91	1.6967e-08
0.0017438	202.75	1.5082e-08
0.00175	191.31	1.3356e-08
0.0017562	180.52	1.1782e-08
0.0017625	170.38	1.0349e-08
0.0017687	160.82	9.0492e-09
0.001775	151.83	7.8749e-09
0.0017813	143.34	6.8155e-09
0.0017875	135.37	5.8665e-09
0.0017937	127.85	5.0176e-09
0.0018	120.78	4.2642e-09
0.0018062	114.1	3.5976e-09
0.0018125	107.83	3.0113e-09
0.0018188	101.91	2.4977e-09
0.001825	96.339	2.0513e-09
0.0018312	91.08	1.6664e-09
0.0018375	86.139	1.3373e-09
0.0018437	81.469	1.058e-09
0.00185	77.081	8.2343e-10
0.0018563	72.932	6.2934e-10
0.0018625	69.033	4.7129e-10
0.0018687	65.346	3.443e-10
0.001875	61.881	2.4489e-10
0.0018812	58.602	1.6887e-10
0.0018875	55.521	1.1263e-10
0.0018938	52.604	7.3189e-11
0.0019	49.863	4.6696e-11
0.0019062	47.266	3.1375e-11
0.0019125	44.825	2.3095e-11
0.0019188	42.512	2.0338e-11
0.001925	40.338	2.0178e-11
0.0019313	38.276	2.0602e-11
0.0019375	36.337	1.9168e-11
0.0019437	34.498	1.48e-11
0.00195	32.768	4.8922e-12
0.0019563	31.126	-1.1767e-11
0.0019625	29.581	-3.7073e-11
0.0019688	28.114	-7.1889e-11
0.001975	26.733	-1.1796e-10
0.0019812	25.42	-1.758e-10
0.0019875	24.184	-2.4712e-10
0.0019937	23.009	-3.3265e-10
0.002	21.901	-4.3317e-10
0.0020062	20.847	-5.4958e-10
0.0020125	19.854	-6.8242e-10
0.0020188	18.908	-8.3248e-10
0.002025	18.016	-9.9984e-10
0.0020313	17.165	-1.1855e-09
0.0020375	16.363	-1.3894e-09
0.0020437	15.597	-1.612e-09
0.00205	14.874	-1.8536e-09
0.0020562	14.184	-2.1144e-09
0.0020625	13.532	-2.3945e-09
0.0020687	12.908	-2.6937e-09
0.002075	12.318	-3.0125e-09
0.0020813	11.754	-3.3503e-09
0.0020875	11.22	-3.7074e-09
0.0020938	10.709	-4.0833e-09
0.0021	10.224	-4.4782e-09
0.0021063	9.76	-4.8915e-09
0.0021125	9.3192	-5.323e-09
0.0021187	8.8967	-5.7723e-09
0.002125	8.495	-6.2391e-09
0.0021312	8.1097	-6.7228e-09
0.0021375	7.7429	-7.2232e-09
0.0021437	7.3908	-7.7393e-09
0.00215	7.0551	-8.2712e-09
0.0021563	6.7326	-8.8178e-09
0.0021625	6.4247	-9.3786e-09
0.0021688	6.1286	-9.9529e-09
0.002175	5.8457	-1.054e-08
0.0021813	5.5734	-1.1139e-08
0.0021875	5.3128	-1.175e-08
0.0021937	5.0618	-1.2371e-08
0.0022	4.8213	-1.3001e-08
0.0022062	4.5895	-1.3641e-08
0.0022125	4.3672	-1.4288e-08
0.0022187	4.1528	-1.4942e-08
0.002225	3.947	-1.5603e-08
0.0022313	3.7484	-1.6268e-08
0.0022375	3.5575	-1.6938e-08
0.0022438	3.3733	-1.761e-08
0.00225	3.1962	-1.8285e-08
0.0022563	3.0253	-1.8961e-08
0.0022625	2.8607	-1.9637e-08
0.0022687	2.702	-2.0312e-08
0.002275	2.5492	-2.0986e-08
0.0022812	2.4018	-2.1656e-08
0.0022875	2.2599	-2.2322e-08
0.0022938	2.123	-2.2983e-08
0.0023	1.9914	-2.3638e-08
0.0023063	1.8645	-2.4285e-08
0.0023125	1.7425	-2.4924e-08
0.0023188	1.6252	-2.5554e-08
0.002325	1.5124	-2.6174e-08
0.0023312	1.4041	-2.6782e-08
0.0023375	1.3001	-2.7378e-08
0.0023437	1.2005	-2.7961e-08
0.00235	1.1051	-2.8529e-08
0.0023562	1.0139	-2.9082e-08
0.0023625	0.92677	-2.9619e-08
0.0023688	0.84374	-3.0139e-08
0.002375	0.76475	-3.0641e-08
0.0023813	0.68974	-3.1125e-08
0.0023875	0.61871	-3.1588e-08
0.0023938	0.5516	-3.2032e-08
0.0024	0.48841	-3.2454e-08
0.0024062	0.42912	-3.2854e-08
0.0024125	0.37369	-3.3232e-08
0.0024187	0.32213	-3.3587e-08
0.002425	0.27442	-3.3918e-08
0.0024312	0.23055	-3.4224e-08
0.0024375	0.1905	-3.4506e-08
0.0024438	0.15429	-3.4763e-08
0.00245	0.1219	-3.4993e-08
0.0024563	0.09332	-3.5198e-08
0.0024625	0.068557	-3.5376e-08
0.0024688	0.047607	-3.5527e-08
0.002475	0.030467	-3.565e-08
0.0024812	0.017137	-3.5747e-08
0.0024875	0.0076164	-3.5816e-08
0.0024937	0.0019041	-3.5858e-08
0.0025	0	-3.5872e-08
