0	4.0912e+09	6.9841e+07
6.25e-06	3.9705e+09	6.9849e+07
1.25e-05	3.8722e+09	6.9845e+07
1.875e-05	3.7642e+09	6.9851e+07
2.5e-05	3.6753e+09	6.9848e+07
3.125e-05	3.5744e+09	6.9849e+07
3.75e-05	3.4911e+09	6.9846e+07
4.375e-05	3.3951e+09	6.9845e+07
5e-05	3.3157e+09	6.9842e+07
5.625e-05	3.2235e+09	6.9841e+07
6.25e-05	3.1472e+09	6.9838e+07
6.875e-05	3.0582e+09	6.9836e+07
7.5e-05	2.9845e+09	6.9833e+07
8.125e-05	2.8982e+09	6.983e+07
8.75e-05	2.8269e+09	6.9826e+07
9.375e-05	2.743e+09	6.9823e+07
0.0001	2.6737e+09	6.9819e+07
0.00010625	2.5922e+09	6.9815e+07
0.0001125	2.5248e+09	6.981e+07
0.00011875	2.4455e+09	6.9806e+07
0.000125	2.3799e+09	6.98e+07
0.00013125	2.3026e+09	6.9794e+07
0.0001375	2.2388e+09	6.9787e+07
0.00014375	2.1636e+09	6.9781e+07
0.00015	2.1014e+09	6.9773e+07
0.00015625	2.0282e+09	6.9765e+07
0.0001625	1.9677e+09	6.9755e+07
0.00016875	1.8965e+09	6.9745e+07
0.000175	1.8376e+09	6.9733e+07
0.00018125	1.7684e+09	6.9721e+07
0.0001875	1.7111e+09	6.9707e+07
0.00019375	1.6439e+09	6.9692e+07
0.0002	1.5882e+09	6.9675e+07
0.00020625	1.523e+09	6.9656e+07
0.0002125	1.4689e+09	6.9635e+07
0.00021875	1.4058e+09	6.9611e+07
0.000225	1.3533e+09	6.9584e+07
0.00023125	1.2923e+09	6.9554e+07
0.0002375	1.2414e+09	6.952e+07
0.00024375	1.1825e+09	6.9482e+07
0.00025	1.1333e+09	6.9439e+07
0.00025625	1.0765e+09	6.9389e+07
0.0002625	1.0291e+09	6.9333e+07
0.00026875	9.7449e+08	6.9268e+07
0.000275	9.288e+08	6.9193e+07
0.00028125	8.7649e+08	6.9107e+07
0.0002875	8.3259e+08	6.9008e+07
0.00029375	7.8264e+08	6.8893e+07
0.0003	7.4062e+08	6.8759e+07
0.00030625	6.9311e+08	6.8602e+07
0.0003125	6.5305e+08	6.8418e+07
0.00031875	6.081e+08	6.8202e+07
0.000325	5.7008e+08	6.7947e+07
0.00033125	5.2781e+08	6.7645e+07
0.0003375	4.9196e+08	6.7287e+07
0.00034375	4.5253e+08	6.686e+07
0.00035	4.1897e+08	6.6352e+07
0.00035625	3.8255e+08	6.5746e+07
0.0003625	3.5144e+08	6.5021e+07
0.00036875	3.1824e+08	6.4156e+07
0.000375	2.8976e+08	6.3123e+07
0.00038125	2.5999e+08	6.1894e+07
0.0003875	2.3436e+08	6.0438e+07
0.00039375	2.0823e+08	5.8724e+07
0.0004	1.8566e+08	5.672e+07
0.00040625	1.6337e+08	5.4411e+07
0.0004125	1.4406e+08	5.1776e+07
0.00041875	1.2571e+08	4.8834e+07
0.000425	1.0977e+08	4.5596e+07
0.00043125	9.5257e+07	4.2136e+07
0.0004375	8.2607e+07	3.8497e+07
0.00044375	7.1591e+07	3.4809e+07
0.00045	6.1915e+07	3.112e+07
0.00045625	5.3827e+07	2.7579e+07
0.0004625	4.6639e+07	2.42e+07
0.00046875	4.082e+07	2.1104e+07
0.000475	3.5583e+07	1.8255e+07
0.00048125	3.143e+07	1.5725e+07
0.0004875	2.7648e+07	1.3451e+07
0.00049375	2.4669e+07	1.1473e+07
0.0005	2.1932e+07	9.7252e+06
0.00050625	1.9765e+07	8.2259e+06
0.0005125	1.7751e+07	6.9204e+06
0.00051875	1.614e+07	5.8113e+06
0.000525	1.4636e+07	4.8564e+06
0.00053125	1.3413e+07	4.0509e+06
0.0005375	1.2265e+07	3.3645e+06
0.00054375	1.1314e+07	2.789e+06
0.00055	1.0419e+07	2.3033e+06
0.00055625	9.6633e+06	1.8983e+06
0.0005625	8.9508e+06	1.5592e+06
0.00056875	8.3379e+06	1.278e+06
0.000575	7.7592e+06	1.0443e+06
0.00058125	7.2519e+06	8.5163e+05
0.0005875	6.7728e+06	6.9266e+05
0.00059375	6.3459e+06	5.6227e+05
0.0006	5.9427e+06	4.5536e+05
0.00060625	5.5787e+06	3.6811e+05
0.0006125	5.2349e+06	2.9698e+05
0.00061875	4.9213e+06	2.392e+05
0.000625	4.6251e+06	1.9232e+05
0.00063125	4.3526e+06	1.5439e+05
0.0006375	4.0952e+06	1.2376e+05
0.00064375	3.8569e+06	99070
0.00065	3.6318e+06	79202
0.00065625	3.4224e+06	63245
0.0006625	3.2246e+06	50444
0.00066875	3.0398e+06	40194
0.000675	2.8654e+06	31995
0.00068125	2.702e+06	25446
0.0006875	2.5477e+06	20220
0.00069375	2.4029e+06	16055
0.0007	2.2662e+06	12739
0.00070625	2.1377e+06	10101
0.0007125	2.0164e+06	8004
0.00071875	1.9023e+06	6338.8
0.000725	1.7945e+06	5017.2
0.00073125	1.693e+06	3969.3
0.0007375	1.5973e+06	3138.6
0.00074375	1.507e+06	2480.8
0.00075	1.4219e+06	1959.9
0.00075625	1.3416e+06	1547.9
0.0007625	1.2658e+06	1222
0.00076875	1.1943e+06	964.39
0.000775	1.1269e+06	760.84
0.00078125	1.0633e+06	600.08
0.0007875	1.0033e+06	473.15
0.00079375	9.4667e+05	372.97
0.0008	8.9325e+05	293.92
0.00080625	8.4285e+05	231.58
0.0008125	7.953e+05	182.41
0.00081875	7.5043e+05	143.66
0.000825	7.0809e+05	113.11
0.00083125	6.6815e+05	89.046
0.0008375	6.3046e+05	70.087
0.00084375	5.9489e+05	55.155
0.00085	5.6133e+05	43.398
0.00085625	5.2967e+05	34.141
0.0008625	4.9979e+05	26.855
0.00086875	4.716e+05	21.121
0.000875	4.45e+05	16.609
0.00088125	4.199e+05	13.06
0.0008875	3.9622e+05	10.267
0.00089375	3.7387e+05	8.0713
0.0009	3.5278e+05	6.3442
0.00090625	3.3288e+05	4.9861
0.0009125	3.1411e+05	3.9184
0.00091875	2.9639e+05	3.079
0.000925	2.7968e+05	2.4192
0.00093125	2.639e+05	1.9007
0.0009375	2.4902e+05	1.4931
0.00094375	2.3497e+05	1.1729
0.00095	2.2172e+05	0.92124
0.00095625	2.0922e+05	0.72354
0.0009625	1.9742e+05	0.56823
0.00096875	1.8628e+05	0.44622
0.000975	1.7578e+05	0.35038
0.00098125	1.6586e+05	0.27511
0.0009875	1.5651e+05	0.216
0.00099375	1.4768e+05	0.16957
0.001	1.3935e+05	0.13312
0.0010062	1.315e+05	0.10449
0.0010125	1.2408e+05	0.08202
0.0010187	1.1708e+05	0.064376
0.001025	1.1048e+05	0.050524
0.0010313	1.0425e+05	0.03965
0.0010375	98369	0.031115
0.0010437	92821	0.024415
0.00105	87586	0.019158
0.0010562	82646	0.015031
0.0010625	77985	0.011793
0.0010688	73586	0.0092505
0.001075	69436	0.0072554
0.0010812	65520	0.0056898
0.0010875	61824	0.0044613
0.0010938	58337	0.0034975
0.0011	55046	0.0027414
0.0011063	51941	0.0021488
0.0011125	49012	0.0016842
0.0011187	46247	0.0013199
0.001125	43638	0.0010343
0.0011313	41176	0.00081041
0.0011375	38853	0.00063489
0.0011438	36661	0.00049731
0.00115	34593	0.00038949
0.0011562	32641	0.000305
0.0011625	30799	0.00023881
0.0011688	29061	0.00018695
0.001175	27422	0.00014633
0.0011813	25874	0.00011452
0.0011875	24414	8.9605e-05
0.0011937	23036	7.0098e-05
0.0012	21736	5.4827e-05
0.0012063	20509	4.2875e-05
0.0012125	19352	3.352e-05
0.0012187	18259	2.6201e-05
0.001225	17228	2.0474e-05
0.0012312	16256	1.5996e-05
0.0012375	15338	1.2493e-05
0.0012438	14472	9.7552e-06
0.00125	13655	7.6152e-06
0.0012562	12884	5.943e-06
0.0012625	12156	4.6368e-06
0.0012687	11470	3.6168e-06
0.001275	10822	2.8206e-06
0.0012813	10211	2.1992e-06
0.0012875	9633.8	1.7145e-06
0.0012937	9089.5	1.3364e-06
0.0013	8576	1.0416e-06
0.0013062	8091.5	8.1165e-07
0.0013125	7634.2	6.3229e-07
0.0013188	7202.9	4.9223e-07
0.001325	6795.8	3.8263e-07
0.0013312	6411.7	2.9669e-07
0.0013375	6049.3	2.3065e-07
0.0013437	5707.4	1.8028e-07
0.00135	5384.8	1.4204e-07
0.0013563	5080.4	1.1318e-07
0.0013625	4793.1	9.1595e-08
0.0013687	4522.1	7.5615e-08
0.001375	4266.4	6.3957e-08
0.0013813	4025.2	5.5616e-08
0.0013875	3797.6	4.9798e-08
0.0013938	3582.8	4.5896e-08
0.0014	3380.2	4.343e-08
0.0014062	3189	4.2028e-08
0.0014125	3008.6	4.1404e-08
0.0014188	2838.4	4.1333e-08
0.001425	2677.9	4.1643e-08
0.0014313	2526.4	4.2199e-08
0.0014375	2383.5	4.2906e-08
0.0014437	2248.6	4.3684e-08
0.00145	2121.4	4.4477e-08
0.0014563	2001.4	4.5239e-08
0.0014625	1888.2	4.5947e-08
0.0014688	1781.4	4.6572e-08
0.001475	1680.6	4.7102e-08
0.0014812	1585.5	4.7529e-08
0.0014875	1495.8	4.7844e-08
0.0014938	1411.2	4.8051e-08
0.0015	1331.4	4.8148e-08
0.0015062	1256.1	4.8138e-08
0.0015125	1185.1	4.8026e-08
0.0015187	1118	4.7815e-08
0.001525	1054.8	4.7514e-08
0.0015313	995.17	4.7125e-08
0.0015375	938.91	4.6659e-08
0.0015437	885.83	4.6118e-08
0.00155	835.76	4.5511e-08
0.0015562	788.53	4.4843e-08
0.0015625	743.97	4.4121e-08
0.0015688	701.94	4.3353e-08
0.001575	662.29	4.2541e-08
0.0015812	624.89	4.1694e-08
0.0015875	589.61	4.0815e-08
0.0015937	556.32	3.9911e-08
0.0016	524.93	3.8984e-08
0.0016063	495.31	3.8039e-08
0.0016125	467.38	3.7083e-08
0.0016187	441.02	3.6118e-08
0.001625	416.16	3.5147e-08
0.0016313	392.71	3.4172e-08
0.0016375	370.59	3.32e-08
0.0016438	349.72	3.223e-08
0.00165	330.04	3.1267e-08
0.0016562	311.47	3.0312e-08
0.0016625	293.96	2.9366e-08
0.0016688	277.43	2.8433e-08
0.001675	261.85	2.7513e-08
0.0016813	247.14	2.6609e-08
0.0016875	233.27	2.5721e-08
0.0016937	220.18	2.485e-08
0.0017	207.84	2.3998e-08
0.0017063	196.19	2.3165e-08
0.0017125	185.21	2.2351e-08
0.0017188	174.85	2.1558e-08
0.001725	165.07	2.0786e-08
0.0017312	155.84	2.0036e-08
0.0017375	147.15	1.9306e-08
0.0017438	138.93	1.8598e-08
0.00175	131.19	1.791e-08
0.0017562	123.88	1.7244e-08
0.0017625	116.99	1.66e-08
0.0017687	110.48	1.5976e-08
0.001775	104.35	1.5373e-08
0.0017813	98.553	1.4791e-08
0.0017875	93.091	1.4229e-08
0.0017937	87.933	1.3686e-08
0.0018	83.07	1.3163e-08
0.0018062	78.478	1.2659e-08
0.0018125	74.148	1.2173e-08
0.0018188	70.058	1.1706e-08
0.001825	66.202	1.1256e-08
0.0018312	62.56	1.0823e-08
0.0018375	59.126	1.0407e-08
0.0018437	55.882	1.0007e-08
0.00185	52.823	9.6232e-09
0.0018563	49.933	9.2538e-09
0.0018625	47.209	8.8997e-09
0.0018687	44.634	8.5589e-09
0.001875	42.207	8.2325e-09
0.0018812	39.913	7.9189e-09
0.0018875	37.75	7.618e-09
0.0018938	35.705	7.3294e-09
0.0019	33.777	7.0529e-09
0.0019062	31.955	6.7875e-09
0.0019125	30.237	6.5329e-09
0.0019188	28.612	6.289e-09
0.001925	27.08	6.055e-09
0.0019313	25.631	5.8308e-09
0.0019375	24.265	5.6156e-09
0.0019437	22.973	5.4095e-09
0.00195	21.755	5.2118e-09
0.0019563	20.602	5.0224e-09
0.0019625	19.515	4.8409e-09
0.0019688	18.486	4.6668e-09
0.001975	17.516	4.4999e-09
0.0019812	16.598	4.3397e-09
0.0019875	15.731	4.1864e-09
0.0019937	14.911	4.0393e-09
0.002	14.137	3.8982e-09
0.0020062	13.404	3.7628e-09
0.0020125	12.713	3.6331e-09
0.0020188	12.058	3.5085e-09
0.002025	11.439	3.3891e-09
0.0020313	10.854	3.2746e-09
0.0020375	10.3	3.1648e-09
0.0020437	9.776	3.0592e-09
0.00205	9.2805	2.9579e-09
0.0020562	8.8109	2.8609e-09
0.0020625	8.3668	2.7677e-09
0.0020687	7.9458	2.6782e-09
0.002075	7.5475	2.5922e-09
0.0020813	7.1696	2.5097e-09
0.0020875	6.8119	2.4303e-09
0.0020938	6.4724	2.3543e-09
0.0021	6.1508	2.2812e-09
0.0021063	5.8453	2.211e-09
0.0021125	5.5558	2.1436e-09
0.0021187	5.2807	2.0787e-09
0.002125	5.0196	2.0166e-09
0.0021312	4.7714	1.9568e-09
0.0021375	4.5356	1.8993e-09
0.0021437	4.3113	1.8441e-09
0.00215	4.098	1.7909e-09
0.0021563	3.8949	1.7399e-09
0.0021625	3.7016	1.691e-09
0.0021688	3.5174	1.6439e-09
0.002175	3.3419	1.5987e-09
0.0021813	3.1745	1.5551e-09
0.0021875	3.0148	1.5134e-09
0.0021937	2.8624	1.4731e-09
0.0022	2.7169	1.4346e-09
0.0022062	2.5778	1.3975e-09
0.0022125	2.4448	1.3619e-09
0.0022187	2.3177	1.3276e-09
0.002225	2.1961	1.2949e-09
0.0022313	2.0797	1.2633e-09
0.0022375	1.9681	1.233e-09
0.0022438	1.8614	1.2038e-09
0.00225	1.759	1.176e-09
0.0022563	1.6609	1.1492e-09
0.0022625	1.5668	1.1234e-09
0.0022687	1.4766	1.0989e-09
0.002275	1.3901	1.0752e-09
0.0022812	1.3071	1.0526e-09
0.0022875	1.2274	1.0309e-09
0.0022938	1.1511	1.0101e-09
0.0023	1.0777	9.9029e-10
0.0023063	1.0075	9.7129e-10
0.0023125	0.94005	9.5316e-10
0.0023188	0.87549	9.3576e-10
0.002325	0.81357	9.1922e-10
0.0023312	0.75435	9.0345e-10
0.0023375	0.69763	8.8841e-10
0.0023437	0.64345	8.7412e-10
0.00235	0.59166	8.6053e-10
0.0023562	0.5423	8.4764e-10
0.0023625	0.49523	8.3542e-10
0.0023688	0.45049	8.2375e-10
0.002375	0.40797	8.1288e-10
0.0023813	0.3677	8.0255e-10
0.0023875	0.32958	7.9285e-10
0.0023938	0.29366	7.8373e-10
0.0024	0.25986	7.7517e-10
0.0024062	0.2282	7.6724e-10
0.0024125	0.19861	7.5981e-10
0.0024187	0.17114	7.5302e-10
0.002425	0.14573	7.4671e-10
0.0024312	0.12239	7.4096e-10
0.0024375	0.10109	7.3571e-10
0.0024438	0.081856	7.3101e-10
0.00245	0.06465	7.2677e-10
0.0024563	0.049485	7.2309e-10
0.0024625	0.036345	7.1989e-10
0.0024688	0.025236	7.1721e-10
0.002475	0.016147	7.1502e-10
0.0024812	0.0090821	7.1328e-10
0.0024875	0.0040359	7.1205e-10
0.0024937	0.001009	7.1136e-10
0.0025	0	7.1111e-10
