0	4.9783e+09	1.0405e+08
6.25e-06	4.837e+09	1.0405e+08
1.25e-05	4.7178e+09	1.0405e+08
1.875e-05	4.5888e+09	1.0405e+08
2.5e-05	4.4794e+09	1.0405e+08
3.125e-05	4.3584e+09	1.0404e+08
3.75e-05	4.2552e+09	1.0404e+08
4.375e-05	4.1399e+09	1.0403e+08
5e-05	4.0415e+09	1.0403e+08
5.625e-05	3.9307e+09	1.0402e+08
6.25e-05	3.8361e+09	1.0402e+08
6.875e-05	3.7291e+09	1.0401e+08
7.5e-05	3.6378e+09	1.04e+08
8.125e-05	3.5342e+09	1.0399e+08
8.75e-05	3.4458e+09	1.0399e+08
9.375e-05	3.3452e+09	1.0398e+08
0.0001	3.2594e+09	1.0397e+08
0.00010625	3.1618e+09	1.0396e+08
0.0001125	3.0784e+09	1.0394e+08
0.00011875	2.9834e+09	1.0393e+08
0.000125	2.9023e+09	1.0392e+08
0.00013125	2.81e+09	1.039e+08
0.0001375	2.7311e+09	1.0388e+08
0.00014375	2.6412e+09	1.0387e+08
0.00015	2.5645e+09	1.0385e+08
0.00015625	2.4771e+09	1.0383e+08
0.0001625	2.4024e+09	1.038e+08
0.00016875	2.3175e+09	1.0378e+08
0.000175	2.2449e+09	1.0375e+08
0.00018125	2.1624e+09	1.0372e+08
0.0001875	2.0918e+09	1.0368e+08
0.00019375	2.0117e+09	1.0364e+08
0.0002	1.9431e+09	1.036e+08
0.00020625	1.8655e+09	1.0355e+08
0.0002125	1.799e+09	1.035e+08
0.00021875	1.7238e+09	1.0344e+08
0.000225	1.6593e+09	1.0338e+08
0.00023125	1.5866e+09	1.0331e+08
0.0002375	1.5241e+09	1.0322e+08
0.00024375	1.454e+09	1.0313e+08
0.00025	1.3937e+09	1.0303e+08
0.00025625	1.3261e+09	1.0292e+08
0.0002625	1.2679e+09	1.0278e+08
0.00026875	1.203e+09	1.0264e+08
0.000275	1.147e+09	1.0247e+08
0.00028125	1.0848e+09	1.0228e+08
0.0002875	1.0311e+09	1.0206e+08
0.00029375	9.7174e+08	1.018e+08
0.0003	9.2036e+08	1.0152e+08
0.00030625	8.6394e+08	1.0119e+08
0.0003125	8.1501e+08	1.008e+08
0.00031875	7.6165e+08	1.0036e+08
0.000325	7.1527e+08	9.9852e+07
0.00033125	6.6511e+08	9.9261e+07
0.0003375	6.2142e+08	9.8574e+07
0.00034375	5.7462e+08	9.7777e+07
0.00035	5.3377e+08	9.6849e+07
0.00035625	4.9053e+08	9.5771e+07
0.0003625	4.5267e+08	9.4519e+07
0.00036875	4.1318e+08	9.3066e+07
0.000375	3.7852e+08	9.1384e+07
0.00038125	3.4299e+08	8.9445e+07
0.0003875	3.1172e+08	8.7218e+07
0.00039375	2.8033e+08	8.468e+07
0.0004	2.5264e+08	8.1805e+07
0.00040625	2.2555e+08	7.8585e+07
0.0004125	2.0159e+08	7.501e+07
0.00041875	1.7883e+08	7.1107e+07
0.000425	1.5865e+08	6.689e+07
0.00043125	1.4011e+08	6.2433e+07
0.0004375	1.2362e+08	5.7774e+07
0.00044375	1.0897e+08	5.3033e+07
0.00045	9.5862e+07	4.8254e+07
0.00045625	8.4592e+07	4.358e+07
0.0004625	7.4439e+07	3.9034e+07
0.00046875	6.5939e+07	3.4745e+07
0.000475	5.8216e+07	3.0702e+07
0.00048125	5.1877e+07	2.6999e+07
0.0004875	4.6069e+07	2.3592e+07
0.00049375	4.1358e+07	2.0538e+07
0.0005	3.7008e+07	1.7778e+07
0.00050625	3.3488e+07	1.5343e+07
0.0005125	3.0213e+07	1.3176e+07
0.00051875	2.7549e+07	1.1288e+07
0.000525	2.5056e+07	9.6282e+06
0.00053125	2.3011e+07	8.1957e+06
0.0005375	2.1088e+07	6.9492e+06
0.00054375	1.9489e+07	5.8812e+06
0.00055	1.7981e+07	4.9602e+06
0.00055625	1.6707e+07	4.1759e+06
0.0005625	1.5503e+07	3.5049e+06
0.00056875	1.4471e+07	2.9364e+06
0.000575	1.3493e+07	2.4534e+06
0.00058125	1.2642e+07	2.0461e+06
0.0005875	1.1835e+07	1.7023e+06
0.00059375	1.1121e+07	1.4139e+06
0.0006	1.0444e+07	1.1718e+06
0.00060625	9.8368e+06	9.6953e+05
0.0006125	9.2604e+06	8.0066e+05
0.00061875	8.7378e+06	6.6022e+05
0.000625	8.2415e+06	5.4349e+05
0.00063125	7.7872e+06	4.468e+05
0.0006375	7.3558e+06	3.6676e+05
0.00064375	6.9576e+06	3.0069e+05
0.00065	6.5795e+06	2.462e+05
0.00065625	6.2283e+06	2.0137e+05
0.0006625	5.8949e+06	1.6452e+05
0.00066875	5.5835e+06	1.3428e+05
0.000675	5.288e+06	1.0949e+05
0.00068125	5.0109e+06	89210
0.0006875	4.748e+06	72621
0.00069375	4.5006e+06	59075
0.0007	4.2659e+06	48021
0.00070625	4.0447e+06	39011
0.0007125	3.8348e+06	31672
0.00071875	3.6365e+06	25701
0.000725	3.4484e+06	20843
0.00073125	3.2706e+06	16897
0.0007375	3.1019e+06	13691
0.00074375	2.9422e+06	11089
0.00075	2.7906e+06	8978.3
0.00075625	2.6471e+06	7266.7
0.0007625	2.511e+06	5879.5
0.00076875	2.382e+06	4755.7
0.000775	2.2596e+06	3845.6
0.00078125	2.1435e+06	3108.9
0.0007875	2.0335e+06	2512.7
0.00079375	1.9291e+06	2030.4
0.0008	1.8301e+06	1640.3
0.00080625	1.7362e+06	1324.9
0.0008125	1.6471e+06	1070
0.00081875	1.5626e+06	863.95
0.000825	1.4825e+06	697.47
0.00083125	1.4064e+06	563
0.0008375	1.3343e+06	454.39
0.00084375	1.2659e+06	366.68
0.00085	1.2009e+06	295.87
0.00085625	1.1393e+06	238.7
0.0008625	1.0809e+06	192.56
0.00086875	1.0255e+06	155.32
0.000875	9.7291e+05	125.28
0.00088125	9.2302e+05	101.03
0.0008875	8.7569e+05	81.474
0.00089375	8.3079e+05	65.697
0.0009	7.8819e+05	52.971
0.00090625	7.4777e+05	42.707
0.0009125	7.0943e+05	34.429
0.00091875	6.7305e+05	27.755
0.000925	6.3854e+05	22.373
0.00093125	6.058e+05	18.033
0.0009375	5.7474e+05	14.535
0.00094375	5.4527e+05	11.714
0.00095	5.1731e+05	9.4407
0.00095625	4.9079e+05	7.6081
0.0009625	4.6562e+05	6.1309
0.00096875	4.4175e+05	4.9403
0.000975	4.191e+05	3.9807
0.00098125	3.9761e+05	3.2074
0.0009875	3.7722e+05	2.5842
0.00099375	3.5788e+05	2.082
0.001	3.3953e+05	1.6773
0.0010062	3.2212e+05	1.3512
0.0010125	3.056e+05	1.0885
0.0010187	2.8993e+05	0.87682
0.001025	2.7507e+05	0.70627
0.0010313	2.6096e+05	0.56886
0.0010375	2.4758e+05	0.45817
0.0010437	2.3489e+05	0.369
0.00105	2.2284e+05	0.29717
0.0010562	2.1142e+05	0.23931
0.0010625	2.0058e+05	0.1927
0.0010688	1.9029e+05	0.15516
0.001075	1.8054e+05	0.12493
0.0010812	1.7128e+05	0.10058
0.0010875	1.625e+05	0.080973
0.0010938	1.5416e+05	0.065183
0.0011	1.4626e+05	0.052468
0.0011063	1.3876e+05	0.04223
0.0011125	1.3164e+05	0.033988
0.0011187	1.2489e+05	0.027352
0.001125	1.1849e+05	0.022009
0.0011313	1.1241e+05	0.017709
0.0011375	1.0665e+05	0.014247
0.0011438	1.0118e+05	0.011461
0.00115	95990	0.0092188
0.0011562	91067	0.007414
0.0011625	86397	0.0059616
0.0011688	81966	0.0047928
0.001175	77763	0.0038524
0.0011813	73774	0.0030958
0.0011875	69991	0.0024873
0.0011937	66401	0.001998
0.0012	62995	0.0016047
0.0012063	59764	0.0012887
0.0012125	56699	0.0010346
0.0012187	53791	0.00083046
0.001225	51031	0.00066641
0.0012312	48414	0.00053462
0.0012375	45930	0.00042878
0.0012438	43574	0.00034379
0.00125	41339	0.00027556
0.0012562	39218	0.0002208
0.0012625	37206	0.00017687
0.0012687	35297	0.00014162
0.001275	33486	0.00011335
0.0012813	31768	9.0693e-05
0.0012875	30137	7.2531e-05
0.0012937	28591	5.798e-05
0.0013	27124	4.6326e-05
0.0013062	25732	3.6996e-05
0.0013125	24411	2.9529e-05
0.0013188	23158	2.3556e-05
0.001325	21969	1.8779e-05
0.0013312	20842	1.4962e-05
0.0013375	19772	1.1913e-05
0.0013437	18757	9.4787e-06
0.00135	17794	7.5363e-06
0.0013563	16880	5.9875e-06
0.0013625	16013	4.7532e-06
0.0013687	15191	3.7704e-06
0.001375	14411	2.9883e-06
0.0013813	13671	2.3664e-06
0.0013875	12969	1.8724e-06
0.0013938	12303	1.4801e-06
0.0014	11671	1.169e-06
0.0014062	11071	9.2228e-07
0.0014125	10502	7.2678e-07
0.0014188	9962.7	5.7186e-07
0.001425	9450.7	4.4891e-07
0.0014313	8965	3.5148e-07
0.0014375	8504.3	2.756e-07
0.0014437	8067.1	2.1675e-07
0.00145	7652.4	1.7129e-07
0.0014563	7259	1.3637e-07
0.0014625	6885.8	1.0974e-07
0.0014688	6531.7	8.9612e-08
0.001475	6195.8	7.4571e-08
0.0014812	5877.2	6.3497e-08
0.0014875	5574.8	5.5501e-08
0.0014938	5288.1	4.987e-08
0.0015	5016	4.606e-08
0.0015062	4757.9	4.3632e-08
0.0015125	4513	4.2236e-08
0.0015187	4280.8	4.161e-08
0.001525	4060.4	4.1532e-08
0.0015313	3851.4	4.1848e-08
0.0015375	3653.1	4.2426e-08
0.0015437	3465	4.3168e-08
0.00155	3286.6	4.4001e-08
0.0015562	3117.3	4.4863e-08
0.0015625	2956.7	4.5715e-08
0.0015688	2804.4	4.6523e-08
0.001575	2659.9	4.7267e-08
0.0015812	2522.8	4.793e-08
0.0015875	2392.8	4.8505e-08
0.0015937	2269.5	4.8982e-08
0.0016	2152.5	4.936e-08
0.0016063	2041.5	4.9637e-08
0.0016125	1936.2	4.9815e-08
0.0016187	1836.4	4.9896e-08
0.001625	1741.7	4.9885e-08
0.0016313	1651.8	4.9784e-08
0.0016375	1566.6	4.9599e-08
0.0016438	1485.8	4.9339e-08
0.00165	1409.1	4.9001e-08
0.0016562	1336.4	4.8596e-08
0.0016625	1267.5	4.8126e-08
0.0016688	1202.1	4.7599e-08
0.001675	1140	4.7019e-08
0.0016813	1081.2	4.639e-08
0.0016875	1025.4	4.5718e-08
0.0016937	972.46	4.5008e-08
0.0017	922.26	4.4259e-08
0.0017063	874.66	4.3481e-08
0.0017125	829.52	4.2676e-08
0.0017188	786.71	4.185e-08
0.001725	746.12	4.0999e-08
0.0017312	707.62	4.0136e-08
0.0017375	671.11	3.926e-08
0.0017438	636.49	3.837e-08
0.00175	603.67	3.7475e-08
0.0017562	572.54	3.6574e-08
0.0017625	543.03	3.5673e-08
0.0017687	515.04	3.477e-08
0.001775	488.51	3.3868e-08
0.0017813	463.36	3.2972e-08
0.0017875	439.51	3.208e-08
0.0017937	416.89	3.1196e-08
0.0018	395.46	3.032e-08
0.0018062	375.13	2.9454e-08
0.0018125	355.87	2.86e-08
0.0018188	337.6	2.7758e-08
0.001825	320.29	2.6931e-08
0.0018312	303.88	2.6117e-08
0.0018375	288.33	2.5317e-08
0.0018437	273.58	2.4534e-08
0.00185	259.6	2.3765e-08
0.0018563	246.36	2.3016e-08
0.0018625	233.8	2.2281e-08
0.0018687	221.9	2.1566e-08
0.001875	210.62	2.0867e-08
0.0018812	199.93	2.0185e-08
0.0018875	189.8	1.9522e-08
0.0018938	180.2	1.8877e-08
0.0019	171.11	1.8249e-08
0.0019062	162.48	1.7639e-08
0.0019125	154.31	1.7046e-08
0.0019188	146.56	1.6471e-08
0.001925	139.23	1.5915e-08
0.0019313	132.27	1.5374e-08
0.0019375	125.68	1.4851e-08
0.0019437	119.43	1.4344e-08
0.00195	113.51	1.3854e-08
0.0019563	107.9	1.3379e-08
0.0019625	102.58	1.2921e-08
0.0019688	97.535	1.2478e-08
0.001975	92.757	1.205e-08
0.0019812	88.223	1.1637e-08
0.0019875	83.929	1.1238e-08
0.0019937	79.853	1.0854e-08
0.002	75.992	1.0482e-08
0.0020062	72.327	1.0124e-08
0.0020125	68.853	9.779e-09
0.0020188	65.555	9.4466e-09
0.002025	62.429	9.1264e-09
0.0020313	59.459	8.8182e-09
0.0020375	56.643	8.5217e-09
0.0020437	53.966	8.2353e-09
0.00205	51.428	7.9601e-09
0.0020562	49.014	7.6954e-09
0.0020625	46.723	7.4404e-09
0.0020687	44.543	7.1957e-09
0.002075	42.473	6.9599e-09
0.0020813	40.503	6.7334e-09
0.0020875	38.63	6.5156e-09
0.0020938	36.846	6.3061e-09
0.0021	35.15	6.1046e-09
0.0021063	33.532	5.9112e-09
0.0021125	31.993	5.7254e-09
0.0021187	30.523	5.5468e-09
0.002125	29.124	5.3752e-09
0.0021312	27.787	5.2104e-09
0.0021375	26.512	5.0522e-09
0.0021437	25.293	4.9003e-09
0.00215	24.13	4.7541e-09
0.0021563	23.016	4.6139e-09
0.0021625	21.952	4.479e-09
0.0021688	20.933	4.3498e-09
0.002175	19.957	4.2259e-09
0.0021813	19.021	4.1068e-09
0.0021875	18.125	3.9927e-09
0.0021937	17.265	3.8829e-09
0.0022	16.44	3.7777e-09
0.0022062	15.647	3.6768e-09
0.0022125	14.886	3.5802e-09
0.0022187	14.154	3.4874e-09
0.002225	13.451	3.3982e-09
0.0022313	12.774	3.3128e-09
0.0022375	12.123	3.2312e-09
0.0022438	11.496	3.1527e-09
0.00225	10.893	3.0777e-09
0.0022563	10.311	3.0059e-09
0.0022625	9.7514	2.9368e-09
0.0022687	9.2116	2.8708e-09
0.002275	8.692	2.8078e-09
0.0022812	8.1909	2.7474e-09
0.0022875	7.7084	2.6899e-09
0.0022938	7.2433	2.6346e-09
0.0023	6.7957	2.5819e-09
0.0023063	6.3644	2.5315e-09
0.0023125	5.9496	2.4836e-09
0.0023188	5.5503	2.4379e-09
0.002325	5.1667	2.3941e-09
0.0023312	4.7979	2.3526e-09
0.0023375	4.4441	2.3131e-09
0.0023437	4.1047	2.2755e-09
0.00235	3.7797	2.2399e-09
0.0023562	3.4687	2.2059e-09
0.0023625	3.1717	2.1741e-09
0.0023688	2.8883	2.1438e-09
0.002375	2.6187	2.1152e-09
0.0023813	2.3625	2.0883e-09
0.0023875	2.1198	2.0631e-09
0.0023938	1.8904	2.0393e-09
0.0024	1.6743	2.0172e-09
0.0024062	1.4713	1.9964e-09
0.0024125	1.2816	1.9773e-09
0.0024187	1.105	1.9596e-09
0.002425	0.94155	1.9433e-09
0.0024312	0.79116	1.9282e-09
0.0024375	0.65388	1.9146e-09
0.0024438	0.52966	1.9025e-09
0.00245	0.41852	1.8917e-09
0.0024563	0.32044	1.8821e-09
0.0024625	0.23544	1.8739e-09
0.0024688	0.16351	1.8669e-09
0.002475	0.10465	1.8612e-09
0.0024812	0.058867	1.8567e-09
0.0024875	0.026164	1.8536e-09
0.0024937	0.0065411	1.8518e-09
0.0025	0	1.8512e-09
