0	3.2208e+09	1.9881e+07
6.25e-06	3.1586e+09	1.9898e+07
1.25e-05	3.111e+09	1.9888e+07
1.875e-05	3.056e+09	1.9898e+07
2.5e-05	3.013e+09	1.9889e+07
3.125e-05	2.9614e+09	1.9892e+07
3.75e-05	2.9208e+09	1.9883e+07
4.375e-05	2.8713e+09	1.9885e+07
5e-05	2.8323e+09	1.9876e+07
5.625e-05	2.7843e+09	1.9877e+07
6.25e-05	2.7464e+09	1.9869e+07
6.875e-05	2.6996e+09	1.9868e+07
7.5e-05	2.6627e+09	1.986e+07
8.125e-05	2.6169e+09	1.9859e+07
8.75e-05	2.5808e+09	1.9851e+07
9.375e-05	2.5359e+09	1.985e+07
0.0001	2.5004e+09	1.9842e+07
0.00010625	2.4563e+09	1.984e+07
0.0001125	2.4214e+09	1.9832e+07
0.00011875	2.378e+09	1.9829e+07
0.000125	2.3438e+09	1.9822e+07
0.00013125	2.301e+09	1.9818e+07
0.0001375	2.2673e+09	1.981e+07
0.00014375	2.2252e+09	1.9807e+07
0.00015	2.1919e+09	1.9798e+07
0.00015625	2.1504e+09	1.9794e+07
0.0001625	2.1177e+09	1.9786e+07
0.00016875	2.0768e+09	1.9781e+07
0.000175	2.0445e+09	1.9773e+07
0.00018125	2.0042e+09	1.9767e+07
0.0001875	1.9723e+09	1.9759e+07
0.00019375	1.9326e+09	1.9753e+07
0.0002	1.9012e+09	1.9743e+07
0.00020625	1.862e+09	1.9737e+07
0.0002125	1.831e+09	1.9727e+07
0.00021875	1.7924e+09	1.972e+07
0.000225	1.7619e+09	1.971e+07
0.00023125	1.7238e+09	1.9703e+07
0.0002375	1.6937e+09	1.9692e+07
0.00024375	1.6562e+09	1.9684e+07
0.00025	1.6266e+09	1.9673e+07
0.00025625	1.5897e+09	1.9664e+07
0.0002625	1.5604e+09	1.9652e+07
0.00026875	1.5241e+09	1.9642e+07
0.000275	1.4953e+09	1.963e+07
0.00028125	1.4595e+09	1.9619e+07
0.0002875	1.4311e+09	1.9606e+07
0.00029375	1.396e+09	1.9594e+07
0.0003	1.368e+09	1.958e+07
0.00030625	1.3334e+09	1.9567e+07
0.0003125	1.3059e+09	1.9552e+07
0.00031875	1.272e+09	1.9538e+07
0.000325	1.2449e+09	1.9522e+07
0.00033125	1.2115e+09	1.9506e+07
0.0003375	1.1849e+09	1.9489e+07
0.00034375	1.1522e+09	1.9472e+07
0.00035	1.126e+09	1.9454e+07
0.00035625	1.0939e+09	1.9435e+07
0.0003625	1.0683e+09	1.9415e+07
0.00036875	1.0368e+09	1.9395e+07
0.000375	1.0116e+09	1.9373e+07
0.00038125	9.8074e+08	1.935e+07
0.0003875	9.5603e+08	1.9326e+07
0.00039375	9.2586e+08	1.9302e+07
0.0004	9.0165e+08	1.9276e+07
0.00040625	8.7216e+08	1.9248e+07
0.0004125	8.4845e+08	1.9219e+07
0.00041875	8.1965e+08	1.9189e+07
0.000425	7.9646e+08	1.9157e+07
0.00043125	7.6837e+08	1.9124e+07
0.0004375	7.457e+08	1.9089e+07
0.00044375	7.1833e+08	1.9051e+07
0.00045	6.962e+08	1.9012e+07
0.00045625	6.6957e+08	1.897e+07
0.0004625	6.48e+08	1.8926e+07
0.00046875	6.2212e+08	1.8879e+07
0.000475	6.0111e+08	1.8829e+07
0.00048125	5.7601e+08	1.8776e+07
0.0004875	5.5559e+08	1.872e+07
0.00049375	5.3129e+08	1.866e+07
0.0005	5.1146e+08	1.8595e+07
0.00050625	4.8797e+08	1.8527e+07
0.0005125	4.6877e+08	1.8453e+07
0.00051875	4.4612e+08	1.8375e+07
0.000525	4.2756e+08	1.829e+07
0.00053125	4.0577e+08	1.82e+07
0.0005375	3.8787e+08	1.8102e+07
0.00054375	3.6698e+08	1.7997e+07
0.00055	3.4976e+08	1.7883e+07
0.00055625	3.2979e+08	1.776e+07
0.0005625	3.1329e+08	1.7627e+07
0.00056875	2.9428e+08	1.7482e+07
0.000575	2.7851e+08	1.7325e+07
0.00058125	2.6049e+08	1.7154e+07
0.0005875	2.455e+08	1.6967e+07
0.00059375	2.2852e+08	1.6763e+07
0.0006	2.1434e+08	1.6539e+07
0.00060625	1.9844e+08	1.6295e+07
0.0006125	1.8511e+08	1.6027e+07
0.00061875	1.7034e+08	1.5733e+07
0.000625	1.5792e+08	1.5409e+07
0.00063125	1.4433e+08	1.5054e+07
0.0006375	1.3286e+08	1.4664e+07
0.00064375	1.2052e+08	1.4237e+07
0.00065	1.1006e+08	1.3768e+07
0.00065625	9.9026e+07	1.3255e+07
0.0006625	8.9641e+07	1.2696e+07
0.00066875	7.996e+07	1.2091e+07
0.000675	7.17e+07	1.1437e+07
0.00068125	6.3416e+07	1.0739e+07
0.0006875	5.6324e+07	9.9974e+06
0.00069375	4.9438e+07	9.2218e+06
0.0007	4.3527e+07	8.4174e+06
0.00070625	3.7994e+07	7.6008e+06
0.0007125	3.323e+07	6.7805e+06
0.00071875	2.8936e+07	5.979e+06
0.000725	2.5224e+07	5.2044e+06
0.00073125	2.1994e+07	4.4805e+06
0.0007375	1.9185e+07	3.8107e+06
0.00074375	1.6805e+07	3.2138e+06
0.00075	1.4719e+07	2.6855e+06
0.00075625	1.2974e+07	2.2357e+06
0.0007625	1.1431e+07	1.8521e+06
0.00076875	1.0139e+07	1.5355e+06
0.000775	8.9886e+06	1.2708e+06
0.00078125	8.017e+06	1.0547e+06
0.0007875	7.1467e+06	8.7477e+05
0.00079375	6.4038e+06	7.2713e+05
0.0008	5.7357e+06	6.0368e+05
0.00080625	5.1587e+06	5.0169e+05
0.0008125	4.6376e+06	4.1596e+05
0.00081875	4.1828e+06	3.4495e+05
0.000825	3.7714e+06	2.8524e+05
0.00083125	3.409e+06	2.3573e+05
0.0008375	3.0805e+06	1.9421e+05
0.00084375	2.7891e+06	1.598e+05
0.00085	2.5248e+06	1.3108e+05
0.00085625	2.2888e+06	1.0733e+05
0.0008625	2.0748e+06	87606
0.00086875	1.8825e+06	71357
0.000875	1.708e+06	57945
0.00088125	1.5505e+06	46944
0.0008875	1.4076e+06	37920
0.00089375	1.2782e+06	30557
0.0009	1.1607e+06	24554
0.00090625	1.0541e+06	19682
0.0009125	9.5735e+05	15734
0.00091875	8.6934e+05	12548
0.000925	7.8951e+05	9981.6
0.00093125	7.1681e+05	7921.6
0.0009375	6.5088e+05	6271.5
0.00094375	5.908e+05	4954.1
0.00095	5.3632e+05	3904.5
0.00095625	4.8665e+05	3070.8
0.0009625	4.4164e+05	2409.9
0.00096875	4.0059e+05	1887.6
0.000975	3.634e+05	1475.5
0.00098125	3.2949e+05	1151.3
0.0009875	2.9879e+05	896.6
0.00099375	2.708e+05	697.07
0.001	2.4546e+05	541
0.0010062	2.2238e+05	419.21
0.0010125	2.0149e+05	324.31
0.0010187	1.8247e+05	250.52
0.001025	1.6527e+05	193.23
0.0010313	1.4961e+05	148.83
0.0010375	1.3545e+05	114.48
0.0010437	1.2257e+05	87.935
0.00105	1.1093e+05	67.456
0.0010562	1.0035e+05	51.678
0.0010625	90784	39.539
0.0010688	82099	30.217
0.001075	74250	23.069
0.0010812	67127	17.593
0.0010875	60691	13.403
0.0010938	54854	10.2
0.0011	49581	7.7549
0.0011063	44801	5.8904
0.0011125	40484	4.4704
0.0011187	36572	3.39
0.001125	33041	2.5686
0.0011313	29842	1.9448
0.0011375	26954	1.4714
0.0011438	24340	1.1123
0.00115	21981	0.84024
0.0011562	19846	0.6342
0.0011625	17918	0.47826
0.0011688	16175	0.36032
0.001175	14602	0.27116
0.0011813	13180	0.20381
0.0011875	11896	0.15296
0.0011937	10736	0.1147
0.0012	9689.1	0.08633
0.0012063	8743.1	0.064543
0.0012125	7889.6	0.04814
0.0012187	7118.6	0.03581
0.001225	6423.1	0.026557
0.0012312	5794.8	0.019628
0.0012375	5228.1	0.014451
0.0012438	4716.3	0.010595
0.00125	4254.6	0.0077329
0.0012562	3837.8	0.005618
0.0012625	3461.9	0.0040639
0.0012687	3122.5	0.0029299
0.001275	2816.3	0.0021095
0.0012813	2540	0.0015227
0.0012875	2290.8	0.0011092
0.0012937	2065.9	0.00082371
0.0013	1863.1	0.00063234
0.0013062	1680.1	0.00051252
0.0013125	1515.1	0.00045623
0.0013188	1366.2	0.0004421
0.001325	1231.9	0.00043882
0.0013312	1110.7	0.00043501
0.0013375	1001.5	0.00043066
0.0013437	903	0.0004258
0.00135	814.17	0.00042044
0.0013563	734.05	0.0004146
0.0013625	661.82	0.00040829
0.0013687	596.68	0.00040155
0.001375	537.97	0.00039439
0.0013813	485.02	0.00038684
0.0013875	437.3	0.00037893
0.0013938	394.27	0.00037069
0.0014	355.5	0.00036215
0.0014062	320.54	0.00035335
0.0014125	289.05	0.0003443
0.0014188	260.66	0.00033505
0.001425	235.09	0.00032562
0.0014313	212.03	0.00031605
0.0014375	191.28	0.00030637
0.0014437	172.56	0.0002966
0.00145	155.71	0.00028678
0.0014563	140.52	0.00027693
0.0014625	126.86	0.00026709
0.0014688	114.53	0.00025727
0.001475	103.45	0.00024751
0.0014812	93.446	0.00023782
0.0014875	84.458	0.00022822
0.0014938	76.347	0.00021874
0.0015	69.061	0.00020939
0.0015062	62.484	0.0002002
0.0015125	56.578	0.00019117
0.0015187	51.245	0.00018232
0.001525	46.459	0.00017366
0.0015313	42.136	0.00016521
0.0015375	38.258	0.00015696
0.0015437	34.754	0.00014894
0.00155	31.613	0.00014115
0.0015562	28.773	0.00013359
0.0015625	26.228	0.00012626
0.0015688	23.927	0.00011918
0.001575	21.867	0.00011234
0.0015812	20.003	0.00010575
0.0015875	18.335	9.9396e-05
0.0015937	16.826	9.3292e-05
0.0016	15.476	8.7433e-05
0.0016063	14.255	8.1816e-05
0.0016125	13.163	7.6441e-05
0.0016187	12.175	7.1303e-05
0.001625	11.293	6.6399e-05
0.0016313	10.495	6.1727e-05
0.0016375	9.7828	5.7281e-05
0.0016438	9.1381	5.3057e-05
0.00165	8.5642	4.9051e-05
0.0016562	8.0446	4.5257e-05
0.0016625	7.5828	4.167e-05
0.0016688	7.1648	3.8284e-05
0.001675	6.794	3.5094e-05
0.0016813	6.4586	3.2093e-05
0.0016875	6.1618	2.9276e-05
0.0016937	5.8934	2.6637e-05
0.0017	5.6566	2.4168e-05
0.0017063	5.4426	2.1865e-05
0.0017125	5.2545	1.972e-05
0.0017188	5.0847	1.7728e-05
0.001725	4.936	1.5882e-05
0.0017312	4.8019	1.4175e-05
0.0017375	4.685	1.2602e-05
0.0017438	4.5797	1.1157e-05
0.00175	4.4885	9.8321e-06
0.0017562	4.4063	8.6224e-06
0.0017625	4.3357	7.5216e-06
0.0017687	4.2719	6.5237e-06
0.001775	4.2176	5.6229e-06
0.0017813	4.1683	4.8134e-06
0.0017875	4.1269	4.0895e-06
0.0017937	4.089	3.4457e-06
0.0018	4.0575	2.8765e-06
0.0018062	4.0284	2.3767e-06
0.0018125	4.0044	1.941e-06
0.0018188	3.9818	1.5644e-06
0.001825	3.9634	1.2419e-06
0.0018312	3.9454	9.6888e-07
0.0018375	3.9309	7.4056e-07
0.0018437	3.9161	5.5248e-07
0.00185	3.9041	4.0029e-07
0.0018563	3.8911	2.7977e-07
0.0018625	3.8804	1.8687e-07
0.0018687	3.8682	1.1767e-07
0.001875	3.8579	6.8416e-08
0.0018812	3.8456	3.5689e-08
0.0018875	3.8349	2.6675e-08
0.0018938	3.8218	2.4858e-08
0.0019	3.8099	2.7344e-08
0.0019062	3.7955	3.137e-08
0.0019125	3.782	3.4303e-08
0.0019188	3.7657	3.3642e-08
0.001925	3.7502	2.7016e-08
0.0019313	3.7316	1.2183e-08
0.0019375	3.7138	-1.2968e-08
0.0019437	3.6927	-5.0421e-08
0.00195	3.6721	-1.0203e-07
0.0019563	3.6483	-1.6953e-07
0.0019625	3.625	-2.5452e-07
0.0019688	3.5983	-3.5849e-07
0.001975	3.572	-4.8279e-07
0.0019812	3.5424	-6.2865e-07
0.0019875	3.5131	-7.972e-07
0.0019937	3.4805	-9.8942e-07
0.002	3.4482	-1.2062e-06
0.0020062	3.4126	-1.4482e-06
0.0020125	3.3773	-1.7162e-06
0.0020188	3.3387	-2.011e-06
0.002025	3.3005	-2.3331e-06
0.0020313	3.2591	-2.683e-06
0.0020375	3.2181	-3.0609e-06
0.0020437	3.174	-3.4669e-06
0.00205	3.1303	-3.9013e-06
0.0020562	3.0836	-4.3641e-06
0.0020625	3.0373	-4.8554e-06
0.0020687	2.9883	-5.375e-06
0.002075	2.9396	-5.9226e-06
0.0020813	2.8883	-6.4979e-06
0.0020875	2.8375	-7.1004e-06
0.0020938	2.7842	-7.7296e-06
0.0021	2.7314	-8.3851e-06
0.0021063	2.6763	-9.066e-06
0.0021125	2.6218	-9.7719e-06
0.0021187	2.5651	-1.0502e-05
0.002125	2.5091	-1.1255e-05
0.0021312	2.4511	-1.203e-05
0.0021375	2.3938	-1.2827e-05
0.0021437	2.3347	-1.3645e-05
0.00215	2.2764	-1.4481e-05
0.0021563	2.2164	-1.5336e-05
0.0021625	2.1573	-1.6209e-05
0.0021688	2.0969	-1.7097e-05
0.002175	2.0373	-1.8e-05
0.0021813	1.9765	-1.8917e-05
0.0021875	1.9166	-1.9846e-05
0.0021937	1.8557	-2.0786e-05
0.0022	1.7958	-2.1736e-05
0.0022062	1.7352	-2.2695e-05
0.0022125	1.6755	-2.3661e-05
0.0022187	1.6153	-2.4632e-05
0.002225	1.5562	-2.5608e-05
0.0022313	1.4966	-2.6587e-05
0.0022375	1.4383	-2.7568e-05
0.0022438	1.3796	-2.8549e-05
0.00225	1.3222	-2.9529e-05
0.0022563	1.2648	-3.0506e-05
0.0022625	1.2086	-3.148e-05
0.0022687	1.1526	-3.2448e-05
0.002275	1.0979	-3.341e-05
0.0022812	1.0435	-3.4364e-05
0.0022875	0.99042	-3.5308e-05
0.0022938	0.93783	-3.6242e-05
0.0023	0.88667	-3.7163e-05
0.0023063	0.83613	-3.8072e-05
0.0023125	0.78706	-3.8965e-05
0.0023188	0.73875	-3.9843e-05
0.002325	0.69197	-4.0704e-05
0.0023312	0.64609	-4.1546e-05
0.0023375	0.60177	-4.2369e-05
0.0023437	0.55848	-4.3171e-05
0.00235	0.51681	-4.3952e-05
0.0023562	0.47629	-4.4709e-05
0.0023625	0.43741	-4.5442e-05
0.0023688	0.3998	-4.6151e-05
0.002375	0.36388	-4.6833e-05
0.0023813	0.32933	-4.7489e-05
0.0023875	0.2965	-4.8116e-05
0.0023938	0.26513	-4.8715e-05
0.0024	0.23551	-4.9284e-05
0.0024062	0.20744	-4.9823e-05
0.0024125	0.18116	-5.0331e-05
0.0024187	0.15649	-5.0807e-05
0.002425	0.13363	-5.125e-05
0.0024312	0.11246	-5.166e-05
0.0024375	0.093115	-5.2036e-05
0.0024438	0.075516	-5.2379e-05
0.00245	0.059759	-5.2686e-05
0.0024563	0.045796	-5.2958e-05
0.0024625	0.033687	-5.3195e-05
0.0024688	0.023408	-5.3396e-05
0.002475	0.014995	-5.3561e-05
0.0024812	0.0084374	-5.3689e-05
0.0024875	0.0037522	-5.3781e-05
0.0024937	0.00093806	-5.3836e-05
0.0025	0	-5.3854e-05
