0	5.5835e+09	1.0407e+08
6.25e-06	5.4323e+09	1.0407e+08
1.25e-05	5.3055e+09	1.0407e+08
1.875e-05	5.1678e+09	1.0407e+08
2.5e-05	5.0516e+09	1.0407e+08
3.125e-05	4.9223e+09	1.0407e+08
3.75e-05	4.8128e+09	1.0407e+08
4.375e-05	4.6895e+09	1.0406e+08
5e-05	4.5848e+09	1.0406e+08
5.625e-05	4.4662e+09	1.0406e+08
6.25e-05	4.3656e+09	1.0405e+08
6.875e-05	4.2509e+09	1.0405e+08
7.5e-05	4.1536e+09	1.0404e+08
8.125e-05	4.0424e+09	1.0404e+08
8.75e-05	3.948e+09	1.0403e+08
9.375e-05	3.8399e+09	1.0402e+08
0.0001	3.7482e+09	1.0402e+08
0.00010625	3.643e+09	1.0401e+08
0.0001125	3.5538e+09	1.04e+08
0.00011875	3.4513e+09	1.0399e+08
0.000125	3.3644e+09	1.0398e+08
0.00013125	3.2645e+09	1.0397e+08
0.0001375	3.1798e+09	1.0396e+08
0.00014375	3.0825e+09	1.0395e+08
0.00015	2.9999e+09	1.0394e+08
0.00015625	2.905e+09	1.0392e+08
0.0001625	2.8245e+09	1.0391e+08
0.00016875	2.7321e+09	1.0389e+08
0.000175	2.6536e+09	1.0387e+08
0.00018125	2.5637e+09	1.0385e+08
0.0001875	2.4872e+09	1.0383e+08
0.00019375	2.3996e+09	1.038e+08
0.0002	2.3252e+09	1.0378e+08
0.00020625	2.2401e+09	1.0375e+08
0.0002125	2.1676e+09	1.0372e+08
0.00021875	2.0849e+09	1.0368e+08
0.000225	2.0145e+09	1.0364e+08
0.00023125	1.9342e+09	1.036e+08
0.0002375	1.8658e+09	1.0355e+08
0.00024375	1.7881e+09	1.035e+08
0.00025	1.7217e+09	1.0344e+08
0.00025625	1.6465e+09	1.0337e+08
0.0002625	1.5822e+09	1.0329e+08
0.00026875	1.5096e+09	1.0321e+08
0.000275	1.4474e+09	1.0311e+08
0.00028125	1.3775e+09	1.0301e+08
0.0002875	1.3175e+09	1.0288e+08
0.00029375	1.2502e+09	1.0275e+08
0.0003	1.1925e+09	1.0259e+08
0.00030625	1.128e+09	1.0241e+08
0.0003125	1.0726e+09	1.0221e+08
0.00031875	1.011e+09	1.0197e+08
0.000325	9.5795e+08	1.017e+08
0.00033125	8.9941e+08	1.0139e+08
0.0003375	8.4883e+08	1.0104e+08
0.00034375	7.9343e+08	1.0062e+08
0.00035	7.4545e+08	1.0014e+08
0.00035625	6.9334e+08	9.9586e+07
0.0003625	6.4811e+08	9.8939e+07
0.00036875	5.9946e+08	9.8186e+07
0.000375	5.5712e+08	9.7309e+07
0.00038125	5.1211e+08	9.6286e+07
0.0003875	4.7284e+08	9.5094e+07
0.00039375	4.3169e+08	9.3707e+07
0.0004	3.9569e+08	9.2095e+07
0.00040625	3.5861e+08	9.0231e+07
0.0004125	3.2607e+08	8.808e+07
0.00041875	2.9327e+08	8.5618e+07
0.000425	2.6441e+08	8.2814e+07
0.00043125	2.3605e+08	7.966e+07
0.0004375	2.1102e+08	7.614e+07
0.00044375	1.8717e+08	7.2277e+07
0.00045	1.6606e+08	6.8081e+07
0.00045625	1.466e+08	6.3624e+07
0.0004625	1.2932e+08	5.8944e+07
0.00046875	1.1394e+08	5.4164e+07
0.000475	1.0021e+08	4.9328e+07
0.00048125	8.8388e+07	4.4586e+07
0.0004875	7.7756e+07	3.9965e+07
0.00049375	6.8847e+07	3.5602e+07
0.0005	6.0765e+07	3.1486e+07
0.00050625	5.4129e+07	2.7717e+07
0.0005125	4.8057e+07	2.4246e+07
0.00051875	4.313e+07	2.1135e+07
0.000525	3.8585e+07	1.8321e+07
0.00053125	3.4903e+07	1.584e+07
0.0005375	3.1478e+07	1.3629e+07
0.00054375	2.8693e+07	1.1701e+07
0.00055	2.6088e+07	1.0003e+07
0.00055625	2.3948e+07	8.5358e+06
0.0005625	2.1938e+07	7.256e+06
0.00056875	2.0267e+07	6.1572e+06
0.000575	1.869e+07	5.2072e+06
0.00058125	1.736e+07	4.396e+06
0.0005875	1.6102e+07	3.7001e+06
0.00059375	1.5026e+07	3.1086e+06
0.0006	1.4006e+07	2.6047e+06
0.00060625	1.3119e+07	2.1784e+06
0.0006125	1.2277e+07	1.8176e+06
0.00061875	1.1533e+07	1.5138e+06
0.000625	1.0827e+07	1.2582e+06
0.00063125	1.0195e+07	1.0439e+06
0.0006375	9.5945e+06	8.6452e+05
0.00064375	9.051e+06	7.1485e+05
0.00065	8.5347e+06	5.9007e+05
0.00065625	8.0627e+06	4.8639e+05
0.0006625	7.6143e+06	4.0031e+05
0.00066875	7.201e+06	3.2905e+05
0.000675	6.8085e+06	2.701e+05
0.00068125	6.4442e+06	2.2147e+05
0.0006875	6.0984e+06	1.8137e+05
0.00069375	5.7757e+06	1.4839e+05
0.0007	5.4693e+06	1.2127e+05
0.00070625	5.1823e+06	99023
0.0007125	4.9099e+06	80782
0.00071875	4.6539e+06	65851
0.000725	4.4109e+06	53636
0.00073125	4.1819e+06	43658
0.0007375	3.9646e+06	35511
0.00074375	3.7596e+06	28868
0.00075	3.5649e+06	23453
0.00075625	3.381e+06	19044
0.0007625	3.2064e+06	15455
0.00076875	3.0413e+06	12537
0.000775	2.8846e+06	10166
0.00078125	2.7362e+06	8239.6
0.0007875	2.5954e+06	6675.6
0.00079375	2.462e+06	5406.7
0.0008	2.3355e+06	4377.4
0.00080625	2.2156e+06	3543
0.0008125	2.1018e+06	2866.7
0.00081875	1.9939e+06	2318.9
0.000825	1.8915e+06	1875.3
0.00083125	1.7945e+06	1516.2
0.0008375	1.7024e+06	1225.5
0.00084375	1.6151e+06	990.41
0.00085	1.5322e+06	800.21
0.00085625	1.4536e+06	646.42
0.0008625	1.379e+06	522.08
0.00086875	1.3083e+06	421.59
0.000875	1.2412e+06	340.39
0.00088125	1.1776e+06	274.78
0.0008875	1.1172e+06	221.79
0.00089375	1.0599e+06	178.99
0.0009	1.0055e+06	144.43
0.00090625	9.5398e+05	116.53
0.0009125	9.0507e+05	94.005
0.00091875	8.5866e+05	75.828
0.000925	8.1463e+05	61.158
0.00093125	7.7286e+05	49.321
0.0009375	7.3323e+05	39.772
0.00094375	6.9564e+05	32.068
0.00095	6.5997e+05	25.854
0.00095625	6.2613e+05	20.842
0.0009625	5.9403e+05	16.801
0.00096875	5.6357e+05	13.542
0.000975	5.3467e+05	10.914
0.00098125	5.0726e+05	8.7958
0.0009875	4.8125e+05	7.088
0.00099375	4.5657e+05	5.7114
0.001	4.3316e+05	4.6018
0.0010062	4.1095e+05	3.7075
0.0010125	3.8988e+05	2.9869
0.0010187	3.6989e+05	2.4061
0.001025	3.5093e+05	1.9381
0.0010313	3.3293e+05	1.5611
0.0010375	3.1586e+05	1.2573
0.0010437	2.9967e+05	1.0125
0.00105	2.843e+05	0.81539
0.0010562	2.6973e+05	0.65658
0.0010625	2.559e+05	0.52867
0.0010688	2.4277e+05	0.42564
0.001075	2.3033e+05	0.34267
0.0010812	2.1852e+05	0.27585
0.0010875	2.0731e+05	0.22204
0.0010938	1.9668e+05	0.17872
0.0011	1.866e+05	0.14384
0.0011063	1.7703e+05	0.11575
0.0011125	1.6795e+05	0.093144
0.0011187	1.5934e+05	0.074944
0.001125	1.5117e+05	0.060295
0.0011313	1.4342e+05	0.048506
0.0011375	1.3606e+05	0.039017
0.0011438	1.2909e+05	0.031381
0.00115	1.2247e+05	0.025237
0.0011562	1.1619e+05	0.020294
0.0011625	1.1023e+05	0.016317
0.0011688	1.0458e+05	0.013117
0.001175	99212	0.010542
0.0011813	94124	0.0084717
0.0011875	89297	0.0068063
0.0011937	84717	0.0054671
0.0012	80372	0.0043904
0.0012063	76250	0.0035249
0.0012125	72339	0.0028296
0.0012187	68629	0.0022711
0.001225	65109	0.0018224
0.0012312	61769	0.001462
0.0012375	58600	0.0011725
0.0012438	55594	0.00094011
0.00125	52742	0.00075355
0.0012562	50037	0.00060383
0.0012625	47470	0.0004837
0.0012687	45034	0.00038734
0.001275	42724	0.00031006
0.0012813	40532	0.00024811
0.0012875	38452	0.00019846
0.0012937	36479	0.00015867
0.0013	34607	0.00012681
0.0013062	32831	0.0001013
0.0013125	31146	8.0875e-05
0.0013188	29548	6.4537e-05
0.001325	28031	5.147e-05
0.0013312	26592	4.1025e-05
0.0013375	25227	3.2678e-05
0.0013437	23932	2.6013e-05
0.00135	22704	2.0692e-05
0.0013563	21538	1.6448e-05
0.0013625	20432	1.3064e-05
0.0013687	19383	1.0368e-05
0.001375	18388	8.2207e-06
0.0013813	17443	6.5127e-06
0.0013875	16548	5.1547e-06
0.0013938	15698	4.0759e-06
0.0014	14891	3.2197e-06
0.0014062	14126	2.5407e-06
0.0014125	13401	2.0026e-06
0.0014188	12712	1.5765e-06
0.001425	12059	1.2394e-06
0.0014313	11439	9.7259e-07
0.0014375	10851	7.6125e-07
0.0014437	10294	5.9459e-07
0.00145	9764.4	4.6492e-07
0.0014563	9262.5	3.6433e-07
0.0014625	8786.3	2.866e-07
0.0014688	8334.5	2.2687e-07
0.001475	7905.9	1.8126e-07
0.0014812	7499.3	1.4674e-07
0.0014875	7113.6	1.2086e-07
0.0014938	6747.6	1.0171e-07
0.0015	6400.5	8.7776e-08
0.0015062	6071.2	7.7864e-08
0.0015125	5758.7	7.103e-08
0.0015187	5462.4	6.6533e-08
0.001525	5181.2	6.3788e-08
0.0015313	4914.5	6.2343e-08
0.0015375	4661.4	6.1843e-08
0.0015437	4421.4	6.2026e-08
0.00155	4193.7	6.2655e-08
0.0015562	3977.7	6.3572e-08
0.0015625	3772.8	6.4656e-08
0.0015688	3578.4	6.5808e-08
0.001575	3394	6.6964e-08
0.0015812	3219.1	6.807e-08
0.0015875	3053.2	6.9087e-08
0.0015937	2895.8	6.9999e-08
0.0016	2746.5	7.078e-08
0.0016063	2604.9	7.1423e-08
0.0016125	2470.6	7.1923e-08
0.0016187	2343.2	7.2275e-08
0.001625	2222.3	7.2489e-08
0.0016313	2107.7	7.2562e-08
0.0016375	1998.9	7.2499e-08
0.0016438	1895.8	7.2308e-08
0.00165	1798	7.1999e-08
0.0016562	1705.2	7.1575e-08
0.0016625	1617.1	7.1049e-08
0.0016688	1533.7	7.0425e-08
0.001675	1454.5	6.9711e-08
0.0016813	1379.4	6.8915e-08
0.0016875	1308.2	6.8046e-08
0.0016937	1240.7	6.7107e-08
0.0017	1176.6	6.6106e-08
0.0017063	1115.8	6.5051e-08
0.0017125	1058.2	6.395e-08
0.0017188	1003.6	6.2802e-08
0.001725	951.79	6.1618e-08
0.0017312	902.66	6.0404e-08
0.0017375	856.07	5.9161e-08
0.0017438	811.89	5.7896e-08
0.00175	769.99	5.6613e-08
0.0017562	730.27	5.5321e-08
0.0017625	692.6	5.4012e-08
0.0017687	656.89	5.2704e-08
0.001775	623.03	5.139e-08
0.0017813	590.92	5.0079e-08
0.0017875	560.49	4.8769e-08
0.0017937	531.63	4.7468e-08
0.0018	504.27	4.6174e-08
0.0018062	478.34	4.4894e-08
0.0018125	453.75	4.3628e-08
0.0018188	430.44	4.2376e-08
0.001825	408.35	4.1144e-08
0.0018312	387.41	3.9924e-08
0.0018375	367.56	3.8728e-08
0.0018437	348.74	3.7554e-08
0.00185	330.91	3.6402e-08
0.0018563	314	3.5271e-08
0.0018625	297.99	3.4166e-08
0.0018687	282.8	3.3084e-08
0.001875	268.41	3.2026e-08
0.0018812	254.77	3.0995e-08
0.0018875	241.85	2.9989e-08
0.0018938	229.6	2.9008e-08
0.0019	217.99	2.8055e-08
0.0019062	206.99	2.7127e-08
0.0019125	196.57	2.6224e-08
0.0019188	186.69	2.5347e-08
0.001925	177.33	2.4495e-08
0.0019313	168.46	2.367e-08
0.0019375	160.05	2.2868e-08
0.0019437	152.08	2.2092e-08
0.00195	144.53	2.1342e-08
0.0019563	137.37	2.0615e-08
0.0019625	130.59	1.9911e-08
0.0019688	124.16	1.923e-08
0.001975	118.07	1.8573e-08
0.0019812	112.29	1.7937e-08
0.0019875	106.82	1.7323e-08
0.0019937	101.62	1.6731e-08
0.002	96.701	1.6159e-08
0.0020062	92.03	1.5607e-08
0.0020125	87.603	1.5075e-08
0.0020188	83.4	1.4563e-08
0.002025	79.417	1.4068e-08
0.0020313	75.633	1.3592e-08
0.0020375	72.045	1.3133e-08
0.0020437	68.636	1.2691e-08
0.00205	65.403	1.2266e-08
0.0020562	62.328	1.1857e-08
0.0020625	59.411	1.1463e-08
0.0020687	56.635	1.1084e-08
0.002075	54	1.0719e-08
0.0020813	51.491	1.0368e-08
0.0020875	49.108	1.0032e-08
0.0020938	46.837	9.7067e-09
0.0021	44.678	9.3957e-09
0.0021063	42.62	9.096e-09
0.0021125	40.661	8.8078e-09
0.0021187	38.792	8.5313e-09
0.002125	37.012	8.2656e-09
0.0021312	35.311	8.0104e-09
0.0021375	33.69	7.7651e-09
0.0021437	32.14	7.5295e-09
0.00215	30.66	7.3035e-09
0.0021563	29.244	7.0863e-09
0.0021625	27.891	6.8777e-09
0.0021688	26.595	6.6778e-09
0.002175	25.355	6.4854e-09
0.0021813	24.166	6.3013e-09
0.0021875	23.027	6.1242e-09
0.0021937	21.933	5.9543e-09
0.0022	20.885	5.7914e-09
0.0022062	19.878	5.6355e-09
0.0022125	18.911	5.4855e-09
0.0022187	17.981	5.3416e-09
0.002225	17.087	5.204e-09
0.0022313	16.227	5.0719e-09
0.0022375	15.4	4.9454e-09
0.0022438	14.604	4.8242e-09
0.00225	13.837	4.7079e-09
0.0022563	13.099	4.5969e-09
0.0022625	12.387	4.4903e-09
0.0022687	11.702	4.3884e-09
0.002275	11.042	4.2907e-09
0.0022812	10.405	4.1976e-09
0.0022875	9.7925	4.1085e-09
0.0022938	9.2018	4.0231e-09
0.0023	8.6332	3.9417e-09
0.0023063	8.0854	3.8639e-09
0.0023125	7.5585	3.7898e-09
0.0023188	7.0514	3.7191e-09
0.002325	6.5641	3.6516e-09
0.0023312	6.0956	3.5875e-09
0.0023375	5.6462	3.5267e-09
0.0023437	5.215	3.4685e-09
0.00235	4.8022	3.4136e-09
0.0023562	4.4071	3.3615e-09
0.0023625	4.0298	3.3121e-09
0.0023688	3.6698	3.2654e-09
0.002375	3.3273	3.2215e-09
0.0023813	3.0018	3.1799e-09
0.0023875	2.6935	3.1408e-09
0.0023938	2.402	3.1044e-09
0.0024	2.1274	3.0701e-09
0.0024062	1.8696	3.0383e-09
0.0024125	1.6286	3.0088e-09
0.0024187	1.4041	2.9814e-09
0.002425	1.1965	2.9562e-09
0.0024312	1.0054	2.9332e-09
0.0024375	0.83092	2.9125e-09
0.0024438	0.67307	2.8936e-09
0.00245	0.53185	2.8768e-09
0.0024563	0.40721	2.8622e-09
0.0024625	0.2992	2.8496e-09
0.0024688	0.20778	2.8387e-09
0.002475	0.13299	2.8298e-09
0.0024812	0.074809	2.8231e-09
0.0024875	0.03325	2.8182e-09
0.0024937	0.0083125	2.8154e-09
0.0025	0	2.8144e-09
