0	4.7952e+09	2.8702e+07
6.25e-06	4.6974e+09	2.8742e+07
1.25e-05	4.6249e+09	2.8717e+07
1.875e-05	4.5401e+09	2.8749e+07
2.5e-05	4.4754e+09	2.8728e+07
3.125e-05	4.396e+09	2.8745e+07
3.75e-05	4.3353e+09	2.8728e+07
4.375e-05	4.2592e+09	2.8741e+07
5e-05	4.2009e+09	2.8725e+07
5.625e-05	4.1273e+09	2.8736e+07
6.25e-05	4.0707e+09	2.8722e+07
6.875e-05	3.9988e+09	2.8731e+07
7.5e-05	3.9437e+09	2.8718e+07
8.125e-05	3.8733e+09	2.8726e+07
8.75e-05	3.8194e+09	2.8714e+07
9.375e-05	3.7503e+09	2.8721e+07
0.0001	3.6973e+09	2.8709e+07
0.00010625	3.6295e+09	2.8715e+07
0.0001125	3.5774e+09	2.8704e+07
0.00011875	3.5106e+09	2.8709e+07
0.000125	3.4593e+09	2.8698e+07
0.00013125	3.3935e+09	2.8703e+07
0.0001375	3.343e+09	2.8692e+07
0.00014375	3.2782e+09	2.8696e+07
0.00015	3.2285e+09	2.8686e+07
0.00015625	3.1645e+09	2.8689e+07
0.0001625	3.1155e+09	2.8679e+07
0.00016875	3.0525e+09	2.8681e+07
0.000175	3.0041e+09	2.8671e+07
0.00018125	2.942e+09	2.8673e+07
0.0001875	2.8943e+09	2.8663e+07
0.00019375	2.833e+09	2.8664e+07
0.0002	2.786e+09	2.8655e+07
0.00020625	2.7256e+09	2.8655e+07
0.0002125	2.6792e+09	2.8645e+07
0.00021875	2.6197e+09	2.8645e+07
0.000225	2.5739e+09	2.8635e+07
0.00023125	2.5153e+09	2.8634e+07
0.0002375	2.4701e+09	2.8624e+07
0.00024375	2.4124e+09	2.8622e+07
0.00025	2.3679e+09	2.8613e+07
0.00025625	2.3111e+09	2.861e+07
0.0002625	2.2672e+09	2.86e+07
0.00026875	2.2113e+09	2.8596e+07
0.000275	2.1681e+09	2.8586e+07
0.00028125	2.113e+09	2.8581e+07
0.0002875	2.0705e+09	2.857e+07
0.00029375	2.0164e+09	2.8565e+07
0.0003	1.9745e+09	2.8553e+07
0.00030625	1.9213e+09	2.8547e+07
0.0003125	1.8801e+09	2.8535e+07
0.00031875	1.8279e+09	2.8527e+07
0.000325	1.7874e+09	2.8515e+07
0.00033125	1.7361e+09	2.8506e+07
0.0003375	1.6963e+09	2.8492e+07
0.00034375	1.646e+09	2.8482e+07
0.00035	1.6069e+09	2.8467e+07
0.00035625	1.5576e+09	2.8455e+07
0.0003625	1.5192e+09	2.8439e+07
0.00036875	1.471e+09	2.8426e+07
0.000375	1.4333e+09	2.8408e+07
0.00038125	1.3862e+09	2.8393e+07
0.0003875	1.3493e+09	2.8374e+07
0.00039375	1.3031e+09	2.8356e+07
0.0004	1.267e+09	2.8334e+07
0.00040625	1.222e+09	2.8314e+07
0.0004125	1.1866e+09	2.829e+07
0.00041875	1.1427e+09	2.8266e+07
0.000425	1.1082e+09	2.8239e+07
0.00043125	1.0654e+09	2.8212e+07
0.0004375	1.0317e+09	2.8181e+07
0.00044375	9.901e+08	2.8149e+07
0.00045	9.5719e+08	2.8114e+07
0.00045625	9.1683e+08	2.8077e+07
0.0004625	8.8479e+08	2.8036e+07
0.00046875	8.4566e+08	2.7993e+07
0.000475	8.1451e+08	2.7945e+07
0.00048125	7.7664e+08	2.7894e+07
0.0004875	7.4642e+08	2.7838e+07
0.00049375	7.0986e+08	2.7778e+07
0.0005	6.8058e+08	2.7711e+07
0.00050625	6.4536e+08	2.7639e+07
0.0005125	6.1707e+08	2.756e+07
0.00051875	5.8324e+08	2.7472e+07
0.000525	5.5596e+08	2.7376e+07
0.00053125	5.2357e+08	2.727e+07
0.0005375	4.9735e+08	2.7153e+07
0.00054375	4.6645e+08	2.7022e+07
0.00055	4.4134e+08	2.6877e+07
0.00055625	4.1199e+08	2.6715e+07
0.0005625	3.8804e+08	2.6534e+07
0.00056875	3.6031e+08	2.6331e+07
0.000575	3.3759e+08	2.6102e+07
0.00058125	3.1156e+08	2.5844e+07
0.0005875	2.9014e+08	2.5553e+07
0.00059375	2.659e+08	2.5223e+07
0.0006	2.4586e+08	2.4848e+07
0.00060625	2.2353e+08	2.4422e+07
0.0006125	2.0497e+08	2.3936e+07
0.00061875	1.8466e+08	2.3383e+07
0.000625	1.677e+08	2.2754e+07
0.00063125	1.4956e+08	2.2038e+07
0.0006375	1.3434e+08	2.1227e+07
0.00064375	1.1851e+08	2.0312e+07
0.00065	1.0516e+08	1.9286e+07
0.00065625	9.176e+07	1.8149e+07
0.0006625	8.0418e+07	1.69e+07
0.00066875	6.9518e+07	1.5555e+07
0.000675	6.0259e+07	1.4124e+07
0.00068125	5.179e+07	1.2648e+07
0.0006875	4.4572e+07	1.1149e+07
0.00069375	3.8299e+07	9.6856e+06
0.0007	3.2917e+07	8.2798e+06
0.00070625	2.8445e+07	6.9912e+06
0.0007125	2.4567e+07	5.8252e+06
0.00071875	2.143e+07	4.8223e+06
0.000725	1.8671e+07	3.9629e+06
0.00073125	1.6449e+07	3.2607e+06
0.0007375	1.4468e+07	2.6785e+06
0.00074375	1.2853e+07	2.2118e+06
0.00075	1.1401e+07	1.827e+06
0.00075625	1.0199e+07	1.5155e+06
0.0007625	9.1122e+06	1.2567e+06
0.00076875	8.1983e+06	1.0437e+06
0.000775	7.3667e+06	8.6499e+05
0.00078125	6.6565e+06	7.1696e+05
0.0007875	6.0082e+06	5.9253e+05
0.00079375	5.4471e+06	4.8929e+05
0.0008	4.9339e+06	4.0271e+05
0.00080625	4.485e+06	3.3099e+05
0.0008125	4.074e+06	2.7113e+05
0.00081875	3.7106e+06	2.2169e+05
0.000825	3.3778e+06	1.8065e+05
0.00083125	3.0809e+06	1.469e+05
0.0008375	2.8091e+06	1.1908e+05
0.00084375	2.5649e+06	96302
0.00085	2.3414e+06	77648
0.00085625	2.1395e+06	62461
0.0008625	1.9548e+06	50102
0.00086875	1.7873e+06	40095
0.000875	1.6339e+06	32002
0.00088125	1.4944e+06	25485
0.0008875	1.3668e+06	20244
0.00089375	1.2504e+06	16047
0.0009	1.1439e+06	12691
0.00090625	1.0466e+06	10016
0.0009125	9.5756e+05	7888.2
0.00091875	8.7616e+05	6200.7
0.000925	8.0168e+05	4864.6
0.00093125	7.3351e+05	3809.7
0.0009375	6.7115e+05	2978.1
0.00094375	6.1404e+05	2324.3
0.00095	5.6181e+05	1811
0.00095625	5.1396e+05	1408.9
0.0009625	4.702e+05	1094.5
0.00096875	4.3011e+05	849.05
0.000975	3.9346e+05	657.74
0.00098125	3.5987e+05	508.89
0.0009875	3.2916e+05	393.22
0.00099375	3.0103e+05	303.5
0.001	2.7532e+05	233.97
0.0010062	2.5176e+05	180.18
0.0010125	2.3023e+05	138.61
0.0010187	2.1051e+05	106.53
0.001025	1.9248e+05	81.79
0.0010313	1.7598e+05	62.741
0.0010375	1.6089e+05	48.087
0.0010437	1.4708e+05	36.824
0.00105	1.3446e+05	28.174
0.0010562	1.2291e+05	21.539
0.0010625	1.1236e+05	16.453
0.0010688	1.027e+05	12.561
0.001075	93872	9.5848
0.0010812	85796	7.3098
0.0010875	78417	5.5719
0.0010938	71667	4.2453
0.0011	65499	3.2331
0.0011063	59858	2.4617
0.0011125	54703	1.8738
0.0011187	49989	1.4261
0.001125	45683	1.0852
0.0011313	41744	0.82577
0.0011375	38146	0.62837
0.0011438	34857	0.47821
0.00115	31851	0.36398
0.0011562	29103	0.2771
0.0011625	26593	0.21101
0.0011688	24298	0.16073
0.001175	22202	0.12248
0.0011813	20285	0.093361
0.0011875	18534	0.071192
0.0011937	16934	0.054308
0.0012	15472	0.041442
0.0012063	14136	0.031635
0.0012125	12915	0.024158
0.0012187	11799	0.018458
0.001225	10780	0.014145
0.0012312	9848.7	0.010836
0.0012375	8997.9	0.0082981
0.0012438	8220.2	0.0063565
0.00125	7509.9	0.0048713
0.0012562	6860.7	0.0037353
0.0012625	6267.7	0.0028667
0.0012687	5725.8	0.0022028
0.001275	5230.8	0.0016955
0.0012813	4778.4	0.0013083
0.0012875	4365.2	0.0010131
0.0012937	3987.7	0.0007885
0.0013	3642.7	0.0006179
0.0013062	3327.6	0.00048869
0.0013125	3039.7	0.00039116
0.0013188	2776.7	0.00031784
0.001325	2536.5	0.00026299
0.0013312	2317	0.0002222
0.0013375	2116.5	0.00019207
0.0013437	1933.3	0.00017001
0.00135	1766	0.00015401
0.0013563	1613.1	0.00014255
0.0013625	1473.5	0.0001345
0.0013687	1346	0.00012891
0.001375	1229.5	0.00012526
0.0013813	1123.1	0.00012291
0.0013875	1026	0.00012119
0.0013938	937.21	0.00011952
0.0014	856.15	0.00011771
0.0014062	782.11	0.00011575
0.0014125	714.5	0.00011368
0.0014188	652.74	0.00011149
0.001425	596.36	0.00010921
0.0014313	544.84	0.00010684
0.0014375	497.82	0.00010439
0.0014437	454.86	0.00010189
0.00145	415.64	9.9333e-05
0.0014563	379.82	9.6737e-05
0.0014625	347.12	9.411e-05
0.0014688	317.24	9.1462e-05
0.001475	289.97	8.8802e-05
0.0014812	265.05	8.6138e-05
0.0014875	242.32	8.3476e-05
0.0014938	221.53	8.0825e-05
0.0015	202.57	7.8191e-05
0.0015062	185.24	7.5579e-05
0.0015125	169.43	7.2996e-05
0.0015187	154.97	7.0445e-05
0.001525	141.78	6.7931e-05
0.0015313	129.71	6.5458e-05
0.0015375	118.71	6.3029e-05
0.0015437	108.64	6.0648e-05
0.00155	99.456	5.8316e-05
0.0015562	91.051	5.6036e-05
0.0015625	83.385	5.381e-05
0.0015688	76.365	5.1638e-05
0.001575	69.962	4.9523e-05
0.0015812	64.097	4.7464e-05
0.0015875	58.746	4.5462e-05
0.0015937	53.842	4.3518e-05
0.0016	49.369	4.1632e-05
0.0016063	45.267	3.9803e-05
0.0016125	41.524	3.8031e-05
0.0016187	38.089	3.6316e-05
0.001625	34.955	3.4657e-05
0.0016313	32.078	3.3054e-05
0.0016375	29.451	3.1505e-05
0.0016438	27.038	3.001e-05
0.00165	24.835	2.8568e-05
0.0016562	22.81	2.7177e-05
0.0016625	20.96	2.5837e-05
0.0016688	19.258	2.4547e-05
0.001675	17.703	2.3305e-05
0.0016813	16.271	2.2111e-05
0.0016875	14.963	2.0963e-05
0.0016937	13.758	1.9859e-05
0.0017	12.655	1.88e-05
0.0017063	11.639	1.7783e-05
0.0017125	10.709	1.6808e-05
0.0017188	9.8525	1.5874e-05
0.001725	9.0674	1.4978e-05
0.0017312	8.3437	1.4121e-05
0.0017375	7.6802	1.3301e-05
0.0017438	7.0686	1.2517e-05
0.00175	6.5073	1.1768e-05
0.0017562	5.9899	1.1053e-05
0.0017625	5.5149	1.0371e-05
0.0017687	5.077	9.72e-06
0.001775	4.6746	9.1003e-06
0.0017813	4.3038	8.5104e-06
0.0017875	3.9629	7.9495e-06
0.0017937	3.6489	7.4165e-06
0.0018	3.36	6.9106e-06
0.0018062	3.0941	6.4307e-06
0.0018125	2.8494	5.9761e-06
0.0018188	2.6243	5.5458e-06
0.001825	2.417	5.1389e-06
0.0018312	2.2267	4.7547e-06
0.0018375	2.0513	4.3922e-06
0.0018437	1.8905	4.0507e-06
0.00185	1.7423	3.7293e-06
0.0018563	1.6066	3.4273e-06
0.0018625	1.4815	3.1438e-06
0.0018687	1.3673	2.8782e-06
0.001875	1.262	2.6296e-06
0.0018812	1.166	2.3973e-06
0.0018875	1.0775	2.1806e-06
0.0018938	0.99711	1.9788e-06
0.0019	0.92305	1.7913e-06
0.0019062	0.8559	1.6172e-06
0.0019125	0.7941	1.4561e-06
0.0019188	0.73823	1.3071e-06
0.001925	0.68688	1.1698e-06
0.0019313	0.64059	1.0434e-06
0.0019375	0.59811	9.2748e-07
0.0019437	0.55994	8.2135e-07
0.00195	0.52498	7.2446e-07
0.0019563	0.49367	6.3628e-07
0.0019625	0.46505	5.5628e-07
0.0019688	0.4395	4.8393e-07
0.001975	0.41621	4.1875e-07
0.0019812	0.39548	3.6025e-07
0.0019875	0.37665	3.0797e-07
0.0019937	0.35992	2.6147e-07
0.002	0.34478	2.2031e-07
0.0020062	0.33135	1.8408e-07
0.0020125	0.31924	1.5238e-07
0.0020188	0.3085	1.2484e-07
0.002025	0.29886	1.0108e-07
0.0020313	0.29028	8.0768e-08
0.0020375	0.28261	6.3564e-08
0.0020437	0.27574	4.9155e-08
0.00205	0.26963	3.724e-08
0.0020562	0.26408	2.7536e-08
0.0020625	0.25916	1.9772e-08
0.0020687	0.25462	1.3694e-08
0.002075	0.25058	9.0637e-09
0.0020813	0.24675	5.8255e-09
0.0020875	0.24334	3.6085e-09
0.0020938	0.24	2.1627e-09
0.0021	0.237	1.3096e-09
0.0021063	0.23395	8.8387e-10
0.0021125	0.23118	7.3241e-10
0.0021187	0.22826	7.1426e-10
0.002125	0.22558	7.0023e-10
0.0021312	0.22267	5.7254e-10
0.0021375	0.21996	2.2443e-10
0.0021437	0.21696	-4.4012e-10
0.00215	0.21412	-1.5068e-09
0.0021563	0.21097	-3.0515e-09
0.0021625	0.20794	-5.1402e-09
0.0021688	0.20457	-7.83e-09
0.002175	0.20131	-1.1169e-08
0.0021813	0.19768	-1.5197e-08
0.0021875	0.19416	-1.9944e-08
0.0021937	0.19026	-2.5439e-08
0.0022	0.18646	-3.1701e-08
0.0022062	0.1823	-3.8741e-08
0.0022125	0.17822	-4.6562e-08
0.0022187	0.17379	-5.5163e-08
0.002225	0.16944	-6.4535e-08
0.0022313	0.16477	-7.4664e-08
0.0022375	0.16018	-8.553e-08
0.0022438	0.15528	-9.7109e-08
0.00225	0.15048	-1.0937e-07
0.0022563	0.1454	-1.2229e-07
0.0022625	0.14041	-1.3582e-07
0.0022687	0.13518	-1.4992e-07
0.002275	0.13006	-1.6456e-07
0.0022812	0.12473	-1.7969e-07
0.0022875	0.11952	-1.9526e-07
0.0022938	0.11413	-2.1122e-07
0.0023	0.10887	-2.2752e-07
0.0023063	0.10347	-2.441e-07
0.0023125	0.098216	-2.609e-07
0.0023188	0.092862	-2.7788e-07
0.002325	0.087662	-2.9498e-07
0.0023312	0.082402	-3.1212e-07
0.0023375	0.077307	-3.2927e-07
0.0023437	0.072191	-3.4635e-07
0.00235	0.067251	-3.6332e-07
0.0023562	0.062328	-3.8011e-07
0.0023625	0.057593	-3.9666e-07
0.0023688	0.052909	-4.1293e-07
0.002375	0.048425	-4.2885e-07
0.0023813	0.044027	-4.4437e-07
0.0023875	0.039839	-4.5943e-07
0.0023938	0.035767	-4.74e-07
0.0024	0.031916	-4.8801e-07
0.0024062	0.028211	-5.0143e-07
0.0024125	0.024735	-5.142e-07
0.0024187	0.021431	-5.2629e-07
0.002425	0.018364	-5.3765e-07
0.0024312	0.015494	-5.4824e-07
0.0024375	0.012867	-5.5804e-07
0.0024438	0.010455	-5.67e-07
0.00245	0.0082944	-5.751e-07
0.0024563	0.0063657	-5.8232e-07
0.0024625	0.0046918	-5.8862e-07
0.0024688	0.0032634	-5.9398e-07
0.002475	0.0020936	-5.984e-07
0.0024812	0.0011786	-6.0185e-07
0.0024875	0.00052466	-6.0432e-07
0.0024937	0.00013117	-6.058e-07
0.0025	0	-6.063e-07
