0	4.008e+09	2.4698e+07
6.25e-06	3.9278e+09	2.4727e+07
1.25e-05	3.868e+09	2.471e+07
1.875e-05	3.798e+09	2.473e+07
2.5e-05	3.7444e+09	2.4716e+07
3.125e-05	3.6788e+09	2.4725e+07
3.75e-05	3.6284e+09	2.4713e+07
4.375e-05	3.5655e+09	2.4719e+07
5e-05	3.517e+09	2.4708e+07
5.625e-05	3.456e+09	2.4713e+07
6.25e-05	3.4089e+09	2.4702e+07
6.875e-05	3.3495e+09	2.4706e+07
7.5e-05	3.3035e+09	2.4696e+07
8.125e-05	3.2453e+09	2.4699e+07
8.75e-05	3.2003e+09	2.4689e+07
9.375e-05	3.1432e+09	2.4691e+07
0.0001	3.099e+09	2.4681e+07
0.00010625	3.0429e+09	2.4683e+07
0.0001125	2.9995e+09	2.4674e+07
0.00011875	2.9442e+09	2.4675e+07
0.000125	2.9015e+09	2.4665e+07
0.00013125	2.847e+09	2.4666e+07
0.0001375	2.8049e+09	2.4656e+07
0.00014375	2.7512e+09	2.4656e+07
0.00015	2.7098e+09	2.4647e+07
0.00015625	2.6569e+09	2.4646e+07
0.0001625	2.616e+09	2.4637e+07
0.00016875	2.5638e+09	2.4635e+07
0.000175	2.5235e+09	2.4626e+07
0.00018125	2.4721e+09	2.4624e+07
0.0001875	2.4323e+09	2.4614e+07
0.00019375	2.3816e+09	2.4612e+07
0.0002	2.3424e+09	2.4602e+07
0.00020625	2.2924e+09	2.4598e+07
0.0002125	2.2537e+09	2.4589e+07
0.00021875	2.2044e+09	2.4584e+07
0.000225	2.1662e+09	2.4574e+07
0.00023125	2.1177e+09	2.4569e+07
0.0002375	2.08e+09	2.4559e+07
0.00024375	2.0322e+09	2.4553e+07
0.00025	1.9951e+09	2.4542e+07
0.00025625	1.948e+09	2.4536e+07
0.0002625	1.9114e+09	2.4524e+07
0.00026875	1.865e+09	2.4517e+07
0.000275	1.829e+09	2.4505e+07
0.00028125	1.7834e+09	2.4497e+07
0.0002875	1.7479e+09	2.4484e+07
0.00029375	1.703e+09	2.4475e+07
0.0003	1.668e+09	2.4461e+07
0.00030625	1.6239e+09	2.4451e+07
0.0003125	1.5895e+09	2.4437e+07
0.00031875	1.5462e+09	2.4425e+07
0.000325	1.5124e+09	2.4409e+07
0.00033125	1.4698e+09	2.4396e+07
0.0003375	1.4366e+09	2.438e+07
0.00034375	1.3948e+09	2.4365e+07
0.00035	1.3622e+09	2.4347e+07
0.00035625	1.3213e+09	2.4331e+07
0.0003625	1.2892e+09	2.4311e+07
0.00036875	1.2491e+09	2.4293e+07
0.000375	1.2176e+09	2.4272e+07
0.00038125	1.1784e+09	2.4251e+07
0.0003875	1.1475e+09	2.4227e+07
0.00039375	1.1092e+09	2.4204e+07
0.0004	1.079e+09	2.4178e+07
0.00040625	1.0415e+09	2.4152e+07
0.0004125	1.0119e+09	2.4123e+07
0.00041875	9.7536e+08	2.4094e+07
0.000425	9.4643e+08	2.4062e+07
0.00043125	9.1081e+08	2.4028e+07
0.0004375	8.8256e+08	2.3992e+07
0.00044375	8.479e+08	2.3954e+07
0.00045	8.2033e+08	2.3913e+07
0.00045625	7.8666e+08	2.3869e+07
0.0004625	7.598e+08	2.3822e+07
0.00046875	7.2713e+08	2.3772e+07
0.000475	7.0101e+08	2.3719e+07
0.00048125	6.6937e+08	2.3661e+07
0.0004875	6.44e+08	2.3599e+07
0.00049375	6.1343e+08	2.3532e+07
0.0005	5.8884e+08	2.346e+07
0.00050625	5.5936e+08	2.3381e+07
0.0005125	5.3557e+08	2.3297e+07
0.00051875	5.0722e+08	2.3205e+07
0.000525	4.8427e+08	2.3104e+07
0.00053125	4.5709e+08	2.2995e+07
0.0005375	4.3501e+08	2.2875e+07
0.00054375	4.0903e+08	2.2745e+07
0.00055	3.8786e+08	2.2601e+07
0.00055625	3.6314e+08	2.2443e+07
0.0005625	3.4292e+08	2.2269e+07
0.00056875	3.1951e+08	2.2077e+07
0.000575	3.0028e+08	2.1864e+07
0.00058125	2.7825e+08	2.1629e+07
0.0005875	2.6007e+08	2.1366e+07
0.00059375	2.3948e+08	2.1074e+07
0.0006	2.2242e+08	2.0748e+07
0.00060625	2.0335e+08	2.0384e+07
0.0006125	1.8748e+08	1.9977e+07
0.00061875	1.7001e+08	1.9522e+07
0.000625	1.5542e+08	1.9012e+07
0.00063125	1.3967e+08	1.8443e+07
0.0006375	1.2644e+08	1.7807e+07
0.00064375	1.125e+08	1.7101e+07
0.00065	1.0075e+08	1.6318e+07
0.00065625	8.8721e+07	1.5457e+07
0.0006625	7.8536e+07	1.4516e+07
0.00066875	6.8482e+07	1.3503e+07
0.000675	5.994e+07	1.242e+07
0.00068125	5.1855e+07	1.129e+07
0.0006875	4.4965e+07	1.0123e+07
0.00069375	3.8739e+07	8.9552e+06
0.0007	3.3413e+07	7.8018e+06
0.00070625	2.8814e+07	6.7057e+06
0.0007125	2.4854e+07	5.6777e+06
0.00071875	2.1558e+07	4.7552e+06
0.000725	1.8691e+07	3.935e+06
0.00073125	1.6352e+07	3.2397e+06
0.0007375	1.4294e+07	2.65e+06
0.00074375	1.2613e+07	2.1712e+06
0.00075	1.1118e+07	1.776e+06
0.00075625	9.8829e+06	1.4597e+06
0.0007625	8.776e+06	1.1996e+06
0.00076875	7.8473e+06	9.8972e+05
0.000775	7.0105e+06	8.1594e+05
0.00078125	6.2986e+06	6.74e+05
0.0007875	5.6545e+06	5.5578e+05
0.00079375	5.0989e+06	4.5842e+05
0.0008	4.5949e+06	3.7724e+05
0.00080625	4.1547e+06	3.1016e+05
0.0008125	3.7547e+06	2.5431e+05
0.00081875	3.4019e+06	2.0819e+05
0.000825	3.0811e+06	1.6993e+05
0.00083125	2.7957e+06	1.3842e+05
0.0008375	2.5361e+06	1.1242e+05
0.00084375	2.3038e+06	91103
0.00085	2.0924e+06	73604
0.00085625	1.9022e+06	59329
0.0008625	1.7292e+06	47682
0.00086875	1.5728e+06	38231
0.000875	1.4305e+06	30566
0.00088125	1.3015e+06	24381
0.0008875	1.1841e+06	19395
0.00089375	1.0774e+06	15394
0.0009	9.8034e+05	12187
0.00090625	8.9201e+05	9627.4
0.0009125	8.1167e+05	7587.2
0.00091875	7.3845e+05	5966.9
0.000925	6.7188e+05	4682.3
0.00093125	6.1118e+05	3667
0.0009375	5.5599e+05	2866
0.00094375	5.0565e+05	2235.9
0.00095	4.599e+05	1741
0.00095625	4.1816e+05	1353.4
0.0009625	3.8023e+05	1050.2
0.00096875	3.4563e+05	813.71
0.000975	3.1421e+05	629.44
0.00098125	2.8554e+05	486.19
0.0009875	2.5951e+05	374.98
0.00099375	2.3578e+05	288.83
0.001	2.1423e+05	222.16
0.0010062	1.9459e+05	170.67
0.0010125	1.7677e+05	130.95
0.0010187	1.6053e+05	100.36
0.001025	1.4579e+05	76.825
0.0010313	1.3237e+05	58.746
0.0010375	1.2019e+05	44.873
0.0010437	1.091e+05	34.24
0.00105	99045	26.102
0.0010562	89893	19.882
0.0010625	81592	15.133
0.0010688	74042	11.511
0.001075	67194	8.7491
0.0010812	60968	6.646
0.0010875	55322	5.0456
0.0010938	50189	3.8288
0.0011	45536	2.9046
0.0011063	41307	2.2028
0.0011125	37473	1.6702
0.0011187	33990	1.2663
0.001125	30832	0.95997
0.0011313	27964	0.72778
0.0011375	25364	0.55181
0.0011438	23003	0.41846
0.00115	20863	0.3174
0.0011562	18919	0.24082
0.0011625	17158	0.18276
0.0011688	15559	0.13874
0.001175	14110	0.10535
0.0011813	12794	0.080017
0.0011875	11602	0.060786
0.0011937	10520	0.046187
0.0012	9538.7	0.0352
0.0012063	8648.6	0.026777
0.0012125	7841.9	0.020365
0.0012187	7109.9	0.015484
0.001225	6446.4	0.01177
0.0012312	5844.5	0.0089429
0.0012375	5298.9	0.006792
0.0012438	4804	0.0051562
0.00125	4355.4	0.0039132
0.0012562	3948.5	0.0029699
0.0012625	3579.6	0.0022553
0.0012687	3245	0.0017153
0.001275	2941.8	0.0013087
0.0012813	2666.7	0.0010037
0.0012875	2417.4	0.00077642
0.0012937	2191.4	0.00060823
0.0013	1986.4	0.00048501
0.0013062	1800.6	0.00039591
0.0013125	1632.2	0.00033275
0.0013188	1479.4	0.00028944
0.001325	1341	0.00026043
0.0013312	1215.5	0.00024326
0.0013375	1101.7	0.00023578
0.0013437	998.61	0.00023427
0.00135	905.14	0.00023506
0.0013563	820.41	0.00023548
0.0013625	743.62	0.00023547
0.0013687	674.01	0.00023504
0.001375	610.94	0.0002342
0.0013813	553.76	0.00023296
0.0013875	501.95	0.00023134
0.0013938	454.99	0.00022937
0.0014	412.45	0.00022706
0.0014062	373.88	0.00022443
0.0014125	338.95	0.0002215
0.0014188	307.28	0.0002183
0.001425	278.6	0.00021484
0.0014313	252.6	0.00021115
0.0014375	229.06	0.00020724
0.0014437	207.71	0.00020315
0.00145	188.38	0.00019889
0.0014563	170.86	0.00019447
0.0014625	154.99	0.00018993
0.0014688	140.6	0.00018528
0.001475	127.58	0.00018054
0.0014812	115.76	0.00017572
0.0014875	105.07	0.00017085
0.0014938	95.367	0.00016594
0.0015	86.586	0.00016099
0.0015062	78.616	0.00015604
0.0015125	71.403	0.00015109
0.0015187	64.854	0.00014615
0.001525	58.928	0.00014124
0.0015313	53.545	0.00013636
0.0015375	48.673	0.00013153
0.0015437	44.245	0.00012675
0.00155	40.239	0.00012203
0.0015562	36.595	0.00011738
0.0015625	33.297	0.00011281
0.0015688	30.296	0.00010831
0.001575	27.58	0.0001039
0.0015812	25.106	9.9585e-05
0.0015875	22.867	9.5359e-05
0.0015937	20.827	9.1229e-05
0.0016	18.979	8.7199e-05
0.0016063	17.295	8.3271e-05
0.0016125	15.769	7.9446e-05
0.0016187	14.377	7.5726e-05
0.001625	13.116	7.2113e-05
0.0016313	11.964	6.8606e-05
0.0016375	10.921	6.5206e-05
0.0016438	9.9677	6.1914e-05
0.00165	9.1034	5.8729e-05
0.0016562	8.3138	5.5651e-05
0.0016625	7.5976	5.268e-05
0.0016688	6.9431	4.9814e-05
0.001675	6.3492	4.7054e-05
0.0016813	5.8065	4.4396e-05
0.0016875	5.3139	4.1842e-05
0.0016937	4.8639	3.9388e-05
0.0017	4.4554	3.7034e-05
0.0017063	4.0824	3.4778e-05
0.0017125	3.7437	3.2619e-05
0.0017188	3.4349	3.0553e-05
0.001725	3.1544	2.8581e-05
0.0017312	2.8989	2.6699e-05
0.0017375	2.667	2.4905e-05
0.0017438	2.4562	2.3198e-05
0.00175	2.2649	2.1575e-05
0.0017562	2.0914	2.0034e-05
0.0017625	1.9341	1.8573e-05
0.0017687	1.7918	1.7189e-05
0.001775	1.663	1.5881e-05
0.0017813	1.5468	1.4645e-05
0.0017875	1.442	1.348e-05
0.0017937	1.3478	1.2384e-05
0.0018	1.2629	1.1353e-05
0.0018062	1.1871	1.0385e-05
0.0018125	1.1191	9.4784e-06
0.0018188	1.0586	8.6305e-06
0.001825	1.0046	7.839e-06
0.0018312	0.95697	7.1014e-06
0.0018375	0.91473	6.4156e-06
0.0018437	0.87773	5.7792e-06
0.00185	0.84523	5.1899e-06
0.0018563	0.81703	4.6455e-06
0.0018625	0.79259	4.1439e-06
0.0018687	0.77161	3.6828e-06
0.001875	0.75376	3.2602e-06
0.0018812	0.73867	2.8739e-06
0.0018875	0.72616	2.522e-06
0.0018938	0.71578	2.2024e-06
0.0019	0.70755	1.9133e-06
0.0019062	0.70089	1.6526e-06
0.0019125	0.69601	1.4187e-06
0.0019188	0.69221	1.2096e-06
0.001925	0.68988	1.0237e-06
0.0019313	0.68822	8.5929e-07
0.0019375	0.68775	7.1475e-07
0.0019437	0.6876	5.8851e-07
0.00195	0.68842	4.7907e-07
0.0019563	0.68923	3.8497e-07
0.0019625	0.69084	3.0481e-07
0.0019688	0.69218	2.3727e-07
0.001975	0.69415	1.8106e-07
0.0019812	0.69562	1.3495e-07
0.0019875	0.6976	9.7782e-08
0.0019937	0.69889	6.8439e-08
0.002	0.70059	4.5867e-08
0.0020062	0.70143	2.9063e-08
0.0020125	0.70261	1.708e-08
0.0020188	0.7028	9.0241e-09
0.002025	0.70325	4.5963e-09
0.0020313	0.70263	2.3204e-09
0.0020375	0.70221	1.4665e-09
0.0020437	0.70065	1.3667e-09
0.00205	0.69924	1.3996e-09
0.0020562	0.69664	9.8956e-10
0.0020625	0.69416	-3.946e-10
0.0020687	0.69047	-3.2405e-09
0.002075	0.68688	-7.9934e-09
0.0020813	0.68205	-1.5057e-08
0.0020875	0.67732	-2.4796e-08
0.0020938	0.67136	-3.7533e-08
0.0021	0.66549	-5.3569e-08
0.0021063	0.6584	-7.3173e-08
0.0021125	0.6514	-9.6569e-08
0.0021187	0.64323	-1.2395e-07
0.002125	0.63514	-1.5546e-07
0.0021312	0.62592	-1.9122e-07
0.0021375	0.6168	-2.3134e-07
0.0021437	0.6066	-2.7588e-07
0.00215	0.5965	-3.2486e-07
0.0021563	0.58539	-3.7829e-07
0.0021625	0.5744	-4.362e-07
0.0021688	0.56246	-4.9853e-07
0.002175	0.55065	-5.6522e-07
0.0021813	0.53798	-6.362e-07
0.0021875	0.52545	-7.1137e-07
0.0021937	0.51213	-7.906e-07
0.0022	0.49899	-8.7374e-07
0.0022062	0.48513	-9.6066e-07
0.0022125	0.47147	-1.0512e-06
0.0022187	0.45717	-1.1451e-06
0.002225	0.4431	-1.2422e-06
0.0022313	0.42847	-1.3423e-06
0.0022375	0.4141	-1.4452e-06
0.0022438	0.39925	-1.5507e-06
0.00225	0.38468	-1.6585e-06
0.0022563	0.36972	-1.7683e-06
0.0022625	0.35506	-1.8799e-06
0.0022687	0.3401	-1.993e-06
0.002275	0.32547	-2.1075e-06
0.0022812	0.31061	-2.2229e-06
0.0022875	0.2961	-2.3391e-06
0.0022938	0.28145	-2.4557e-06
0.0023	0.26717	-2.5724e-06
0.0023063	0.25283	-2.6891e-06
0.0023125	0.23889	-2.8054e-06
0.0023188	0.22495	-2.9211e-06
0.002325	0.21144	-3.0358e-06
0.0023312	0.198	-3.1493e-06
0.0023375	0.18501	-3.2613e-06
0.0023437	0.17217	-3.3716e-06
0.00235	0.15979	-3.4799e-06
0.0023562	0.14762	-3.586e-06
0.0023625	0.13594	-3.6895e-06
0.0023688	0.12452	-3.7903e-06
0.002375	0.11361	-3.8881e-06
0.0023813	0.10302	-3.9827e-06
0.0023875	0.092957	-4.0738e-06
0.0023938	0.083267	-4.1613e-06
0.0024	0.07411	-4.2449e-06
0.0024062	0.065376	-4.3245e-06
0.0024125	0.057189	-4.3998e-06
0.0024187	0.049466	-4.4708e-06
0.002425	0.042304	-4.5371e-06
0.0024312	0.03564	-4.5987e-06
0.0024375	0.029547	-4.6555e-06
0.0024438	0.023983	-4.7072e-06
0.00245	0.018998	-4.7539e-06
0.0024563	0.014568	-4.7953e-06
0.0024625	0.010726	-4.8313e-06
0.0024688	0.007456	-4.862e-06
0.002475	0.0047793	-4.8872e-06
0.0024812	0.0026897	-4.9068e-06
0.0024875	0.0011967	-4.9209e-06
0.0024937	0.00029917	-4.9294e-06
0.0025	0	-4.9322e-06
