0	3.5332e+09	1.9902e+07
6.25e-06	3.4673e+09	1.9925e+07
1.25e-05	3.4173e+09	1.9912e+07
1.875e-05	3.3592e+09	1.9927e+07
2.5e-05	3.3141e+09	1.9915e+07
3.125e-05	3.2596e+09	1.9921e+07
3.75e-05	3.217e+09	1.9911e+07
4.375e-05	3.1646e+09	1.9915e+07
5e-05	3.1236e+09	1.9905e+07
5.625e-05	3.0728e+09	1.9907e+07
6.25e-05	3.033e+09	1.9899e+07
6.875e-05	2.9834e+09	1.99e+07
7.5e-05	2.9446e+09	1.9891e+07
8.125e-05	2.8961e+09	1.9892e+07
8.75e-05	2.8581e+09	1.9884e+07
9.375e-05	2.8104e+09	1.9884e+07
0.0001	2.7731e+09	1.9876e+07
0.00010625	2.7263e+09	1.9875e+07
0.0001125	2.6896e+09	1.9867e+07
0.00011875	2.6435e+09	1.9866e+07
0.000125	2.6074e+09	1.9858e+07
0.00013125	2.562e+09	1.9857e+07
0.0001375	2.5265e+09	1.9848e+07
0.00014375	2.4817e+09	1.9847e+07
0.00015	2.4467e+09	1.9838e+07
0.00015625	2.4026e+09	1.9836e+07
0.0001625	2.368e+09	1.9828e+07
0.00016875	2.3245e+09	1.9825e+07
0.000175	2.2904e+09	1.9816e+07
0.00018125	2.2475e+09	1.9813e+07
0.0001875	2.2138e+09	1.9804e+07
0.00019375	2.1715e+09	1.9801e+07
0.0002	2.1383e+09	1.9792e+07
0.00020625	2.0965e+09	1.9787e+07
0.0002125	2.0638e+09	1.9778e+07
0.00021875	2.0226e+09	1.9773e+07
0.000225	1.9903e+09	1.9764e+07
0.00023125	1.9496e+09	1.9758e+07
0.0002375	1.9177e+09	1.9749e+07
0.00024375	1.8777e+09	1.9743e+07
0.00025	1.8462e+09	1.9732e+07
0.00025625	1.8068e+09	1.9726e+07
0.0002625	1.7757e+09	1.9715e+07
0.00026875	1.7368e+09	1.9708e+07
0.000275	1.7062e+09	1.9697e+07
0.00028125	1.6679e+09	1.9689e+07
0.0002875	1.6377e+09	1.9677e+07
0.00029375	1.6e+09	1.9668e+07
0.0003	1.5703e+09	1.9656e+07
0.00030625	1.5331e+09	1.9646e+07
0.0003125	1.5038e+09	1.9633e+07
0.00031875	1.4673e+09	1.9622e+07
0.000325	1.4384e+09	1.9609e+07
0.00033125	1.4025e+09	1.9597e+07
0.0003375	1.3741e+09	1.9583e+07
0.00034375	1.3387e+09	1.957e+07
0.00035	1.3108e+09	1.9554e+07
0.00035625	1.2761e+09	1.954e+07
0.0003625	1.2486e+09	1.9524e+07
0.00036875	1.2145e+09	1.9508e+07
0.000375	1.1875e+09	1.949e+07
0.00038125	1.1541e+09	1.9473e+07
0.0003875	1.1275e+09	1.9454e+07
0.00039375	1.0948e+09	1.9435e+07
0.0004	1.0687e+09	1.9415e+07
0.00040625	1.0366e+09	1.9394e+07
0.0004125	1.011e+09	1.9372e+07
0.00041875	9.7962e+08	1.9349e+07
0.000425	9.5455e+08	1.9324e+07
0.00043125	9.2383e+08	1.9299e+07
0.0004375	8.9927e+08	1.9272e+07
0.00044375	8.6925e+08	1.9244e+07
0.00045	8.4522e+08	1.9214e+07
0.00045625	8.1592e+08	1.9184e+07
0.0004625	7.9242e+08	1.9151e+07
0.00046875	7.6386e+08	1.9116e+07
0.000475	7.409e+08	1.908e+07
0.00048125	7.131e+08	1.9041e+07
0.0004875	6.9071e+08	1.9e+07
0.00049375	6.6367e+08	1.8957e+07
0.0005	6.4185e+08	1.8911e+07
0.00050625	6.1561e+08	1.8863e+07
0.0005125	5.9438e+08	1.8811e+07
0.00051875	5.6895e+08	1.8756e+07
0.000525	5.4832e+08	1.8697e+07
0.00053125	5.2372e+08	1.8635e+07
0.0005375	5.0372e+08	1.8567e+07
0.00054375	4.7997e+08	1.8496e+07
0.00055	4.6061e+08	1.8419e+07
0.00055625	4.3774e+08	1.8337e+07
0.0005625	4.1905e+08	1.8248e+07
0.00056875	3.9709e+08	1.8152e+07
0.000575	3.7908e+08	1.8049e+07
0.00058125	3.5805e+08	1.7938e+07
0.0005875	3.4075e+08	1.7818e+07
0.00059375	3.2069e+08	1.7687e+07
0.0006	3.0414e+08	1.7545e+07
0.00060625	2.8508e+08	1.7391e+07
0.0006125	2.693e+08	1.7223e+07
0.00061875	2.5128e+08	1.704e+07
0.000625	2.3631e+08	1.6839e+07
0.00063125	2.1937e+08	1.662e+07
0.0006375	2.0526e+08	1.638e+07
0.00064375	1.8945e+08	1.6116e+07
0.00065	1.7623e+08	1.5826e+07
0.00065625	1.6162e+08	1.5507e+07
0.0006625	1.4934e+08	1.5156e+07
0.00066875	1.3598e+08	1.4771e+07
0.000675	1.2471e+08	1.4347e+07
0.00068125	1.1265e+08	1.3882e+07
0.0006875	1.0244e+08	1.3372e+07
0.00069375	9.1752e+07	1.2817e+07
0.0007	8.267e+07	1.2212e+07
0.00070625	7.34e+07	1.156e+07
0.0007125	6.5496e+07	1.0859e+07
0.00071875	5.7673e+07	1.0116e+07
0.000725	5.098e+07	9.3333e+06
0.00073125	4.4586e+07	8.5246e+06
0.0007375	3.9099e+07	7.6967e+06
0.00074375	3.4054e+07	6.8701e+06
0.00075	2.9711e+07	6.054e+06
0.00075625	2.5865e+07	5.273e+06
0.0007625	2.2537e+07	4.534e+06
0.00076875	1.9684e+07	3.8601e+06
0.000775	1.7198e+07	3.251e+06
0.00078125	1.5109e+07	2.7225e+06
0.0007875	1.3272e+07	2.2649e+06
0.00079375	1.1737e+07	1.8837e+06
0.0008	1.0375e+07	1.5626e+06
0.00080625	9.2288e+06	1.2999e+06
0.0008125	8.2054e+06	1.0807e+06
0.00081875	7.3361e+06	9.0105e+05
0.000825	6.556e+06	7.5065e+05
0.00083125	5.8861e+06	6.2631e+05
0.0008375	5.282e+06	5.214e+05
0.00084375	4.7575e+06	4.3433e+05
0.00085	4.2833e+06	3.6079e+05
0.00085625	3.8676e+06	2.9958e+05
0.0008625	3.4912e+06	2.4799e+05
0.00086875	3.1584e+06	2.0502e+05
0.000875	2.8567e+06	1.6896e+05
0.00088125	2.5882e+06	1.3899e+05
0.0008875	2.3446e+06	1.1397e+05
0.00089375	2.1266e+06	93244
0.0009	1.9287e+06	76049
0.00090625	1.7505e+06	61868
0.0009125	1.5888e+06	50179
0.00091875	1.4426e+06	40592
0.000925	1.3099e+06	32741
0.00093125	1.1896e+06	26339
0.0009375	1.0804e+06	21129
0.00094375	9.8123e+05	16906
0.00095	8.9122e+05	13490
0.00095625	8.0932e+05	10738
0.0009625	7.3501e+05	8524.8
0.00096875	6.6732e+05	6751.8
0.000975	6.0593e+05	5334.3
0.00098125	5.4996e+05	4204.9
0.0009875	4.9922e+05	3306.8
0.00099375	4.5295e+05	2595.1
0.001	4.1102e+05	2032.1
0.0010062	3.7278e+05	1588.1
0.0010125	3.3814e+05	1238.5
0.0010187	3.0656e+05	964.1
0.001025	2.7795e+05	749.05
0.0010313	2.5189e+05	580.95
0.0010375	2.2829e+05	449.77
0.0010437	2.068e+05	347.63
0.00105	1.8735e+05	268.24
0.0010562	1.6964e+05	206.66
0.0010625	1.5362e+05	158.97
0.0010688	1.3905e+05	122.1
0.001075	1.2587e+05	93.638
0.0010812	1.1389e+05	71.704
0.0010875	1.0306e+05	54.824
0.0010938	93218	41.858
0.0011	84323	31.916
0.0011063	76247	24.306
0.0011125	68950	18.486
0.0011187	62328	14.041
0.001125	56346	10.651
0.0011313	50922	8.0691
0.0011375	46022	6.1051
0.0011438	41581	4.6139
0.00115	37571	3.4826
0.0011562	33938	2.6254
0.0011625	30658	1.9766
0.0011688	27689	1.4861
0.001175	25008	1.1157
0.0011813	22581	0.83639
0.0011875	20391	0.62591
0.0011937	18409	0.46751
0.0012	16621	0.34845
0.0012063	15003	0.25907
0.0012125	13544	0.19209
0.0012187	12224	0.14275
0.001225	11034	0.10528
0.0012312	9957.5	0.077328
0.0012375	8986.5	0.056528
0.0012438	8109.3	0.041099
0.00125	7317.8	0.029694
0.0012562	6602.8	0.0213
0.0012625	5957.7	0.015154
0.0012687	5375.2	0.010682
0.001275	4849.6	0.0074532
0.0012813	4375.1	0.0051451
0.0012875	3946.9	0.0035161
0.0012937	3560.4	0.0023855
0.0013	3211.8	0.0016185
0.0013062	2897.1	0.0011154
0.0013125	2613.1	0.00080661
0.0013188	2356.9	0.00066011
0.001325	2125.8	0.00062337
0.0013312	1917.3	0.00062344
0.0013375	1729.2	0.00062269
0.0013437	1559.4	0.00062108
0.00135	1406.4	0.00061861
0.0013563	1268.3	0.00061527
0.0013625	1143.7	0.00061106
0.0013687	1031.4	0.000606
0.001375	930.1	0.00060007
0.0013813	838.74	0.00059332
0.0013875	756.39	0.00058575
0.0013938	682.13	0.0005774
0.0014	615.2	0.00056829
0.0014062	554.85	0.00055846
0.0014125	500.47	0.00054795
0.0014188	451.45	0.00053681
0.001425	407.31	0.00052507
0.0014313	367.51	0.00051279
0.0014375	331.68	0.00050002
0.0014437	299.38	0.0004868
0.00145	270.32	0.00047319
0.0014563	244.13	0.00045924
0.0014625	220.58	0.000445
0.0014688	199.35	0.00043053
0.001475	180.27	0.00041587
0.0014812	163.08	0.00040108
0.0014875	147.64	0.00038621
0.0014938	133.72	0.0003713
0.0015	121.23	0.00035639
0.0015062	109.97	0.00034154
0.0015125	99.877	0.00032677
0.0015187	90.779	0.00031214
0.001525	82.627	0.00029768
0.0015313	75.279	0.00028342
0.0015375	68.702	0.00026939
0.0015437	62.772	0.00025562
0.00155	57.471	0.00024214
0.0015562	52.69	0.00022897
0.0015625	48.421	0.00021613
0.0015688	44.57	0.00020364
0.001575	41.136	0.00019152
0.0015812	38.038	0.00017979
0.0015875	35.279	0.00016844
0.0015937	32.788	0.0001575
0.0016	30.574	0.00014697
0.0016063	28.575	0.00013685
0.0016125	26.801	0.00012715
0.0016187	25.198	0.00011787
0.001625	23.779	0.00010902
0.0016313	22.496	0.00010058
0.0016375	21.362	9.2563e-05
0.0016438	20.337	8.4959e-05
0.00165	19.434	7.7765e-05
0.0016562	18.616	7.0973e-05
0.0016625	17.898	6.4577e-05
0.0016688	17.247	5.8569e-05
0.001675	16.677	5.2939e-05
0.0016813	16.16	4.7679e-05
0.0016875	15.709	4.2778e-05
0.0016937	15.299	3.8224e-05
0.0017	14.944	3.4007e-05
0.0017063	14.619	3.0115e-05
0.0017125	14.339	2.6534e-05
0.0017188	14.083	2.3254e-05
0.001725	13.863	2.026e-05
0.0017312	13.66	1.7539e-05
0.0017375	13.487	1.5078e-05
0.0017438	13.327	1.2864e-05
0.00175	13.191	1.0883e-05
0.0017562	13.063	9.121e-06
0.0017625	12.955	7.5649e-06
0.0017687	12.853	6.201e-06
0.001775	12.766	5.0157e-06
0.0017813	12.683	3.9955e-06
0.0017875	12.612	3.1273e-06
0.0017937	12.542	2.3977e-06
0.0018	12.482	1.7939e-06
0.0018062	12.422	1.3032e-06
0.0018125	12.37	9.1294e-07
0.0018188	12.315	6.1094e-07
0.001825	12.267	3.852e-07
0.0018312	12.215	2.2404e-07
0.0018375	12.168	1.1783e-07
0.0018437	12.117	1.0398e-07
0.00185	12.071	1.1144e-07
0.0018563	12.018	1.3093e-07
0.0018625	11.969	1.5343e-07
0.0018687	11.914	1.7026e-07
0.001875	11.861	1.7303e-07
0.0018812	11.802	1.537e-07
0.0018875	11.745	1.0455e-07
0.0018938	11.68	1.8212e-08
0.0019	11.618	-1.1234e-07
0.0019062	11.547	-2.9378e-07
0.0019125	11.478	-5.3241e-07
0.0019188	11.401	-8.3417e-07
0.001925	11.326	-1.2046e-06
0.0019313	11.242	-1.649e-06
0.0019375	11.159	-2.1721e-06
0.0019437	11.068	-2.7784e-06
0.00195	10.978	-3.472e-06
0.0019563	10.88	-4.2566e-06
0.0019625	10.782	-5.1355e-06
0.0019688	10.676	-6.1115e-06
0.001975	10.572	-7.1873e-06
0.0019812	10.458	-8.364e-06
0.0019875	10.346	-9.6443e-06
0.0019937	10.226	-1.1031e-05
0.002	10.106	-1.2526e-05
0.0020062	9.9786	-1.4129e-05
0.0020125	9.8522	-1.5842e-05
0.0020188	9.718	-1.7664e-05
0.002025	9.5849	-1.9595e-05
0.0020313	9.4444	-2.1637e-05
0.0020375	9.305	-2.3789e-05
0.0020437	9.1585	-2.6049e-05
0.00205	9.0133	-2.8416e-05
0.0020562	8.8613	-3.089e-05
0.0020625	8.7106	-3.3468e-05
0.0020687	8.5536	-3.6148e-05
0.002075	8.3981	-3.8928e-05
0.0020813	8.2366	-4.1805e-05
0.0020875	8.0767	-4.4778e-05
0.0020938	7.9112	-4.7842e-05
0.0021	7.7475	-5.0994e-05
0.0021063	7.5787	-5.4232e-05
0.0021125	7.4118	-5.7552e-05
0.0021187	7.2403	-6.095e-05
0.002125	7.0707	-6.4422e-05
0.0021312	6.897	-6.7965e-05
0.0021375	6.7255	-7.1574e-05
0.0021437	6.5502	-7.5244e-05
0.00215	6.3773	-7.8973e-05
0.0021563	6.2012	-8.2754e-05
0.0021625	6.0275	-8.6584e-05
0.0021688	5.8511	-9.0458e-05
0.002175	5.6773	-9.4371e-05
0.0021813	5.5013	-9.8318e-05
0.0021875	5.328	-0.0001023
0.0021937	5.153	-0.0001063
0.0022	4.9809	-0.00011032
0.0022062	4.8074	-0.00011435
0.0022125	4.6371	-0.0001184
0.0022187	4.4659	-0.00012245
0.002225	4.2979	-0.0001265
0.0022313	4.1295	-0.00013054
0.0022375	3.9645	-0.00013458
0.0022438	3.7996	-0.00013859
0.00225	3.6381	-0.00014259
0.0022563	3.4771	-0.00014656
0.0022625	3.3198	-0.00015051
0.0022687	3.1634	-0.00015441
0.002275	3.0107	-0.00015828
0.0022812	2.8594	-0.0001621
0.0022875	2.712	-0.00016588
0.0022938	2.5662	-0.0001696
0.0023	2.4245	-0.00017326
0.0023063	2.2848	-0.00017686
0.0023125	2.1493	-0.00018039
0.0023188	2.0162	-0.00018384
0.002325	1.8874	-0.00018723
0.0023312	1.7613	-0.00019053
0.0023375	1.6395	-0.00019375
0.0023437	1.5208	-0.00019688
0.00235	1.4066	-0.00019992
0.0023562	1.2957	-0.00020287
0.0023625	1.1894	-0.00020571
0.0023688	1.0867	-0.00020846
0.002375	0.9886	-0.0002111
0.0023813	0.8944	-0.00021363
0.0023875	0.80491	-0.00021605
0.0023938	0.71952	-0.00021836
0.0024	0.63892	-0.00022054
0.0024062	0.56261	-0.00022261
0.0024125	0.49116	-0.00022456
0.0024187	0.42419	-0.00022638
0.002425	0.36212	-0.00022808
0.0024312	0.30469	-0.00022965
0.0024375	0.25222	-0.00023109
0.0024438	0.20452	-0.00023239
0.00245	0.16181	-0.00023356
0.0024563	0.12399	-0.0002346
0.0024625	0.091191	-0.0002355
0.0024688	0.063361	-0.00023627
0.002475	0.040584	-0.0002369
0.0024812	0.022834	-0.00023739
0.0024875	0.010154	-0.00023773
0.0024937	0.0025385	-0.00023794
0.0025	0	-0.00023801
