0	6.0802e+09	5.5742e+07
6.25e-06	5.9269e+09	5.5781e+07
1.25e-05	5.8096e+09	5.5751e+07
1.875e-05	5.677e+09	5.5789e+07
2.5e-05	5.5728e+09	5.5769e+07
3.125e-05	5.4493e+09	5.5786e+07
3.75e-05	5.3522e+09	5.5771e+07
4.375e-05	5.2348e+09	5.5784e+07
5e-05	5.1422e+09	5.5772e+07
5.625e-05	5.029e+09	5.5782e+07
6.25e-05	4.9398e+09	5.5771e+07
6.875e-05	4.8301e+09	5.578e+07
7.5e-05	4.7436e+09	5.577e+07
8.125e-05	4.6368e+09	5.5778e+07
8.75e-05	4.5525e+09	5.5769e+07
9.375e-05	4.4482e+09	5.5776e+07
0.0001	4.3659e+09	5.5767e+07
0.00010625	4.2638e+09	5.5773e+07
0.0001125	4.1833e+09	5.5765e+07
0.00011875	4.0833e+09	5.577e+07
0.000125	4.0045e+09	5.5763e+07
0.00013125	3.9064e+09	5.5767e+07
0.0001375	3.8291e+09	5.5761e+07
0.00014375	3.733e+09	5.5764e+07
0.00015	3.6572e+09	5.5758e+07
0.00015625	3.5629e+09	5.5761e+07
0.0001625	3.4886e+09	5.5755e+07
0.00016875	3.3961e+09	5.5757e+07
0.000175	3.3231e+09	5.5751e+07
0.00018125	3.2324e+09	5.5753e+07
0.0001875	3.1609e+09	5.5747e+07
0.00019375	3.072e+09	5.5748e+07
0.0002	3.0018e+09	5.5742e+07
0.00020625	2.9147e+09	5.5742e+07
0.0002125	2.8459e+09	5.5737e+07
0.00021875	2.7606e+09	5.5736e+07
0.000225	2.6932e+09	5.573e+07
0.00023125	2.6098e+09	5.5729e+07
0.0002375	2.5437e+09	5.5723e+07
0.00024375	2.4621e+09	5.5722e+07
0.00025	2.3974e+09	5.5715e+07
0.00025625	2.3177e+09	5.5712e+07
0.0002625	2.2544e+09	5.5705e+07
0.00026875	2.1766e+09	5.5702e+07
0.000275	2.1148e+09	5.5694e+07
0.00028125	2.0389e+09	5.5689e+07
0.0002875	1.9785e+09	5.5681e+07
0.00029375	1.9046e+09	5.5674e+07
0.0003	1.8456e+09	5.5665e+07
0.00030625	1.7737e+09	5.5657e+07
0.0003125	1.7163e+09	5.5645e+07
0.00031875	1.6464e+09	5.5635e+07
0.000325	1.5905e+09	5.5622e+07
0.00033125	1.5227e+09	5.5608e+07
0.0003375	1.4684e+09	5.5592e+07
0.00034375	1.4027e+09	5.5576e+07
0.00035	1.35e+09	5.5556e+07
0.00035625	1.2865e+09	5.5534e+07
0.0003625	1.2354e+09	5.5509e+07
0.00036875	1.1741e+09	5.5482e+07
0.000375	1.1247e+09	5.545e+07
0.00038125	1.0658e+09	5.5415e+07
0.0003875	1.018e+09	5.5373e+07
0.00039375	9.6147e+08	5.5326e+07
0.0004	9.1552e+08	5.5272e+07
0.00040625	8.614e+08	5.5209e+07
0.0004125	8.1729e+08	5.5136e+07
0.00041875	7.657e+08	5.5051e+07
0.000425	7.2351e+08	5.4951e+07
0.00043125	6.7456e+08	5.4835e+07
0.0004375	6.3436e+08	5.4696e+07
0.00044375	5.8817e+08	5.4533e+07
0.00045	5.5008e+08	5.4338e+07
0.00045625	5.0677e+08	5.4105e+07
0.0004625	4.7092e+08	5.3826e+07
0.00046875	4.3067e+08	5.349e+07
0.000475	3.972e+08	5.3084e+07
0.00048125	3.6021e+08	5.2592e+07
0.0004875	3.2929e+08	5.1996e+07
0.00049375	2.9577e+08	5.1272e+07
0.0005	2.6762e+08	5.0394e+07
0.00050625	2.3784e+08	4.9331e+07
0.0005125	2.127e+08	4.805e+07
0.00051875	1.8693e+08	4.6517e+07
0.000525	1.6506e+08	4.4698e+07
0.00053125	1.4351e+08	4.2577e+07
0.0005375	1.2517e+08	4.0136e+07
0.00054375	1.0794e+08	3.7404e+07
0.00055	9.3232e+07	3.4404e+07
0.00055625	8.0138e+07	3.1238e+07
0.0005625	6.8899e+07	2.7968e+07
0.00056875	5.94e+07	2.4756e+07
0.000575	5.1148e+07	2.1653e+07
0.00058125	4.4448e+07	1.8815e+07
0.0005875	3.8518e+07	1.6224e+07
0.00059375	3.3806e+07	1.3969e+07
0.0006	2.9568e+07	1.1971e+07
0.00060625	2.6233e+07	1.0256e+07
0.0006125	2.3198e+07	8.7471e+06
0.00061875	2.0788e+07	7.4572e+06
0.000625	1.8568e+07	6.3277e+06
0.00063125	1.6785e+07	5.364e+06
0.0006375	1.5132e+07	4.526e+06
0.00064375	1.3783e+07	3.8121e+06
0.00065	1.2524e+07	3.1973e+06
0.00065625	1.1483e+07	2.6748e+06
0.0006625	1.0507e+07	2.2287e+06
0.00066875	9.6837e+06	1.8519e+06
0.000675	8.911e+06	1.5332e+06
0.00068125	8.2467e+06	1.2659e+06
0.0006875	7.6229e+06	1.0417e+06
0.00069375	7.0784e+06	8.549e+05
0.0007	6.5668e+06	6.9941e+05
0.00070625	6.1138e+06	5.7077e+05
0.0007125	5.6881e+06	4.6442e+05
0.00071875	5.3065e+06	3.77e+05
0.000725	4.948e+06	3.0521e+05
0.00073125	4.6232e+06	2.4655e+05
0.0007375	4.3182e+06	1.9867e+05
0.00074375	4.0395e+06	1.5977e+05
0.00075	3.7777e+06	1.2819e+05
0.00075625	3.537e+06	1.0267e+05
0.0007625	3.311e+06	82062
0.00076875	3.102e+06	65481
0.000775	2.9059e+06	52156
0.00078125	2.7238e+06	41479
0.0007875	2.5529e+06	32933
0.00079375	2.3937e+06	26113
0.0008	2.2443e+06	20675
0.00080625	2.105e+06	16348
0.0008125	1.9741e+06	12911
0.00081875	1.8519e+06	10184
0.000825	1.7371e+06	8024.2
0.00083125	1.6298e+06	6315.8
0.0008375	1.529e+06	4965.9
0.00084375	1.4346e+06	3900.9
0.00085	1.346e+06	3061.4
0.00085625	1.263e+06	2400.6
0.0008625	1.1851e+06	1880.8
0.00086875	1.1121e+06	1472.4
0.000875	1.0436e+06	1151.8
0.00088125	9.7928e+05	900.33
0.0008875	9.1896e+05	703.29
0.00089375	8.6238e+05	549.02
0.0009	8.0928e+05	428.32
0.00090625	7.5945e+05	333.96
0.0009125	7.127e+05	260.23
0.00091875	6.6883e+05	202.66
0.000925	6.2766e+05	157.75
0.00093125	5.8903e+05	122.73
0.0009375	5.5278e+05	95.434
0.00094375	5.1876e+05	74.174
0.00095	4.8683e+05	57.625
0.00095625	4.5687e+05	44.748
0.0009625	4.2876e+05	34.733
0.00096875	4.0237e+05	26.949
0.000975	3.7761e+05	20.901
0.00098125	3.5437e+05	16.204
0.0009875	3.3256e+05	12.558
0.00099375	3.1209e+05	9.7283
0.001	2.9289e+05	7.5337
0.0010062	2.7486e+05	5.8321
0.0010125	2.5794e+05	4.5133
0.0010187	2.4207e+05	3.4915
0.001025	2.2717e+05	2.7001
0.0010313	2.1319e+05	2.0874
0.0010375	2.0007e+05	1.6132
0.0010437	1.8775e+05	1.2463
0.00105	1.762e+05	0.96259
0.0010562	1.6535e+05	0.7432
0.0010625	1.5518e+05	0.57362
0.0010688	1.4562e+05	0.4426
0.001075	1.3666e+05	0.34139
0.0010812	1.2825e+05	0.26322
0.0010875	1.2036e+05	0.20287
0.0010938	1.1295e+05	0.15629
0.0011	1.0599e+05	0.12035
0.0011063	99470	0.092635
0.0011125	93347	0.071271
0.0011187	87601	0.054815
0.001125	82208	0.042142
0.0011313	77148	0.03239
0.0011375	72399	0.024884
0.0011438	67942	0.01911
0.00115	63759	0.014668
0.0011562	59834	0.011254
0.0011625	56150	0.0086299
0.0011688	52693	0.0066144
0.001175	49449	0.005067
0.0011813	46404	0.0038794
0.0011875	43547	0.0029684
0.0011937	40865	0.0022699
0.0012	38349	0.0017346
0.0012063	35987	0.0013246
0.0012125	33771	0.0010107
0.0012187	31691	0.00077062
0.001225	29739	0.00058701
0.0012312	27907	0.00044673
0.0012375	26188	0.00033961
0.0012438	24574	0.00025788
0.00125	23060	0.00019557
0.0012562	21639	0.00014812
0.0012625	20305	0.00011201
0.0012687	19054	8.4564e-05
0.001275	17879	6.373e-05
0.0012813	16777	4.7933e-05
0.0012875	15743	3.5973e-05
0.0012937	14772	2.693e-05
0.0013	13861	2.0102e-05
0.0013062	13006	1.4964e-05
0.0013125	12203	1.1112e-05
0.0013188	11450	8.2311e-06
0.001325	10744	6.0841e-06
0.0013312	10080	4.49e-06
0.0013375	9458	3.3116e-06
0.0013437	8873.9	2.4449e-06
0.00135	8325.8	1.8112e-06
0.0013563	7811.4	1.351e-06
0.0013625	7328.7	1.0194e-06
0.0013687	6875.8	7.8288e-07
0.001375	6450.7	6.1596e-07
0.0013813	6051.8	4.9978e-07
0.0013875	5677.5	4.2021e-07
0.0013938	5326.3	3.668e-07
0.0014	4996.7	3.3182e-07
0.0014062	4687.4	3.0959e-07
0.0014125	4397.2	2.9598e-07
0.0014188	4124.9	2.8799e-07
0.001425	3869.4	2.835e-07
0.0014313	3629.7	2.8099e-07
0.0014375	3404.8	2.7943e-07
0.0014437	3193.8	2.7809e-07
0.00145	2995.8	2.7652e-07
0.0014563	2810	2.7444e-07
0.0014625	2635.8	2.7169e-07
0.0014688	2472.3	2.6819e-07
0.001475	2318.9	2.6395e-07
0.0014812	2175	2.5903e-07
0.0014875	2040.1	2.5348e-07
0.0014938	1913.5	2.4738e-07
0.0015	1794.7	2.4078e-07
0.0015062	1683.3	2.3376e-07
0.0015125	1578.8	2.2637e-07
0.0015187	1480.9	2.1867e-07
0.001525	1389	2.1072e-07
0.0015313	1302.8	2.0258e-07
0.0015375	1221.9	1.9429e-07
0.0015437	1146.1	1.859e-07
0.00155	1075.1	1.7747e-07
0.0015562	1008.4	1.6903e-07
0.0015625	945.9	1.6062e-07
0.0015688	887.3	1.5228e-07
0.001575	832.36	1.4404e-07
0.0015812	780.84	1.3594e-07
0.0015875	732.55	1.2799e-07
0.0015937	687.26	1.2023e-07
0.0016	644.83	1.1267e-07
0.0016063	605.03	1.0534e-07
0.0016125	567.74	9.8246e-08
0.0016187	532.77	9.1405e-08
0.001625	500	8.4827e-08
0.0016313	469.28	7.8522e-08
0.0016375	440.5	7.2492e-08
0.0016438	413.51	6.6747e-08
0.00165	388.23	6.1285e-08
0.0016562	364.52	5.6111e-08
0.0016625	342.32	5.1223e-08
0.0016688	321.49	4.6613e-08
0.001675	301.99	4.2284e-08
0.0016813	283.7	3.8227e-08
0.0016875	266.58	3.444e-08
0.0016937	250.52	3.0913e-08
0.0017	235.48	2.7639e-08
0.0017063	221.37	2.461e-08
0.0017125	208.17	2.1819e-08
0.0017188	195.77	1.9253e-08
0.001725	184.18	1.6905e-08
0.0017312	173.29	1.4766e-08
0.0017375	163.11	1.2821e-08
0.0017438	153.55	1.1065e-08
0.00175	144.6	9.4839e-09
0.0017562	136.19	8.0696e-09
0.0017625	128.34	6.8094e-09
0.0017687	120.95	5.6943e-09
0.001775	114.04	4.7144e-09
0.0017813	107.54	3.86e-09
0.0017875	101.47	3.1205e-09
0.0017937	95.755	2.4855e-09
0.0018	90.413	1.9473e-09
0.0018062	85.384	1.4965e-09
0.0018125	80.682	1.133e-09
0.0018188	76.253	8.3914e-10
0.001825	72.112	6.0672e-10
0.0018312	68.208	4.2725e-10
0.0018375	64.559	2.9428e-10
0.0018437	61.116	2.0006e-10
0.00185	57.897	1.3758e-10
0.0018563	54.857	1.0007e-10
0.0018625	52.015	8.1524e-11
0.0018687	49.329	7.6263e-11
0.001875	46.816	7.8162e-11
0.0018812	44.439	8.2607e-11
0.0018875	42.216	8.3753e-11
0.0018938	40.11	7.7221e-11
0.0019	38.139	5.8036e-11
0.0019062	36.271	2.2374e-11
0.0019125	34.521	-3.3849e-11
0.0019188	32.861	-1.144e-10
0.001925	31.305	-2.2333e-10
0.0019313	29.827	-3.6326e-10
0.0019375	28.441	-5.3761e-10
0.0019437	27.123	-7.4938e-10
0.00195	25.886	-1.0015e-09
0.0019563	24.708	-1.2959e-09
0.0019625	23.602	-1.6354e-09
0.0019688	22.547	-2.0217e-09
0.001975	21.555	-2.4571e-09
0.0019812	20.609	-2.9434e-09
0.0019875	19.718	-3.4821e-09
0.0019937	18.866	-4.0748e-09
0.002	18.063	-4.7226e-09
0.0020062	17.295	-5.4267e-09
0.0020125	16.57	-6.1883e-09
0.0020188	15.875	-7.0082e-09
0.002025	15.219	-7.8867e-09
0.0020313	14.588	-8.8249e-09
0.0020375	13.992	-9.8228e-09
0.0020437	13.42	-1.0881e-08
0.00205	12.877	-1.1999e-08
0.0020562	12.355	-1.3178e-08
0.0020625	11.859	-1.4417e-08
0.0020687	11.381	-1.5715e-08
0.002075	10.927	-1.7073e-08
0.0020813	10.49	-1.849e-08
0.0020875	10.073	-1.9964e-08
0.0020938	9.67	-2.1496e-08
0.0021	9.2861	-2.3085e-08
0.0021063	8.9148	-2.4728e-08
0.0021125	8.5603	-2.6426e-08
0.0021187	8.217	-2.8176e-08
0.002125	7.8887	-2.9977e-08
0.0021312	7.5706	-3.1828e-08
0.0021375	7.2658	-3.3727e-08
0.0021437	6.9702	-3.5672e-08
0.00215	6.6866	-3.766e-08
0.0021563	6.4113	-3.9691e-08
0.0021625	6.1468	-4.1762e-08
0.0021688	5.8899	-4.387e-08
0.002175	5.6428	-4.6013e-08
0.0021813	5.4026	-4.8189e-08
0.0021875	5.1713	-5.0395e-08
0.0021937	4.9464	-5.2629e-08
0.0022	4.7295	-5.4887e-08
0.0022062	4.5186	-5.7168e-08
0.0022125	4.315	-5.9467e-08
0.0022187	4.117	-6.1783e-08
0.002225	3.9258	-6.4112e-08
0.0022313	3.7399	-6.6451e-08
0.0022375	3.5602	-6.8796e-08
0.0022438	3.3854	-7.1146e-08
0.00225	3.2165	-7.3496e-08
0.0022563	3.0523	-7.5844e-08
0.0022625	2.8936	-7.8186e-08
0.0022687	2.7394	-8.0518e-08
0.002275	2.5903	-8.2838e-08
0.0022812	2.4457	-8.5142e-08
0.0022875	2.3059	-8.7427e-08
0.0022938	2.1703	-8.9689e-08
0.0023	2.0395	-9.1926e-08
0.0023063	1.9128	-9.4133e-08
0.0023125	1.7906	-9.6308e-08
0.0023188	1.6725	-9.8448e-08
0.002325	1.5587	-1.0055e-07
0.0023312	1.4489	-1.0261e-07
0.0023375	1.3434	-1.0462e-07
0.0023437	1.2419	-1.0659e-07
0.00235	1.1445	-1.085e-07
0.0023562	1.0511	-1.1037e-07
0.0023625	0.96176	-1.1217e-07
0.0023688	0.87635	-1.1392e-07
0.002375	0.79501	-1.156e-07
0.0023813	0.71757	-1.1722e-07
0.0023875	0.64416	-1.1877e-07
0.0023938	0.57465	-1.2025e-07
0.0024	0.50916	-1.2166e-07
0.0024062	0.44758	-1.23e-07
0.0024125	0.38999	-1.2426e-07
0.0024187	0.33632	-1.2544e-07
0.002425	0.28664	-1.2654e-07
0.0024312	0.2409	-1.2756e-07
0.0024375	0.19914	-1.285e-07
0.0024438	0.16133	-1.2935e-07
0.00245	0.1275	-1.3011e-07
0.0024563	0.097626	-1.3079e-07
0.0024625	0.071738	-1.3138e-07
0.0024688	0.049822	-1.3188e-07
0.002475	0.031891	-1.3229e-07
0.0024812	0.017939	-1.3261e-07
0.0024875	0.0079738	-1.3284e-07
0.0024937	0.0019934	-1.3298e-07
0.0025	0	-1.3303e-07
