0	8.6487e+09	1.062e+08
6.25e-06	8.4408e+09	1.0622e+08
1.25e-05	8.2674e+09	1.0621e+08
1.875e-05	8.0787e+09	1.0622e+08
2.5e-05	7.92e+09	1.0622e+08
3.125e-05	7.7429e+09	1.0622e+08
3.75e-05	7.5933e+09	1.0622e+08
4.375e-05	7.4242e+09	1.0622e+08
5e-05	7.2812e+09	1.0621e+08
5.625e-05	7.1182e+09	1.0621e+08
6.25e-05	6.9804e+09	1.0621e+08
6.875e-05	6.8225e+09	1.062e+08
7.5e-05	6.689e+09	1.062e+08
8.125e-05	6.5353e+09	1.0619e+08
8.75e-05	6.4055e+09	1.0619e+08
9.375e-05	6.2557e+09	1.0619e+08
0.0001	6.1291e+09	1.0618e+08
0.00010625	5.9828e+09	1.0618e+08
0.0001125	5.8591e+09	1.0617e+08
0.00011875	5.7161e+09	1.0616e+08
0.000125	5.5952e+09	1.0616e+08
0.00013125	5.4552e+09	1.0615e+08
0.0001375	5.337e+09	1.0614e+08
0.00014375	5.2e+09	1.0613e+08
0.00015	5.0842e+09	1.0613e+08
0.00015625	4.9501e+09	1.0612e+08
0.0001625	4.8368e+09	1.0611e+08
0.00016875	4.7056e+09	1.061e+08
0.000175	4.5946e+09	1.0609e+08
0.00018125	4.4662e+09	1.0607e+08
0.0001875	4.3576e+09	1.0606e+08
0.00019375	4.2319e+09	1.0605e+08
0.0002	4.1256e+09	1.0603e+08
0.00020625	4.0028e+09	1.0602e+08
0.0002125	3.8988e+09	1.06e+08
0.00021875	3.7787e+09	1.0598e+08
0.000225	3.6771e+09	1.0596e+08
0.00023125	3.5599e+09	1.0594e+08
0.0002375	3.4605e+09	1.0592e+08
0.00024375	3.3462e+09	1.059e+08
0.00025	3.2492e+09	1.0587e+08
0.00025625	3.1377e+09	1.0584e+08
0.0002625	3.0431e+09	1.0581e+08
0.00026875	2.9345e+09	1.0577e+08
0.000275	2.8423e+09	1.0574e+08
0.00028125	2.7367e+09	1.0569e+08
0.0002875	2.6469e+09	1.0565e+08
0.00029375	2.5443e+09	1.056e+08
0.0003	2.457e+09	1.0554e+08
0.00030625	2.3576e+09	1.0548e+08
0.0003125	2.2728e+09	1.0542e+08
0.00031875	2.1764e+09	1.0534e+08
0.000325	2.0942e+09	1.0526e+08
0.00033125	2.0011e+09	1.0517e+08
0.0003375	1.9216e+09	1.0507e+08
0.00034375	1.8318e+09	1.0496e+08
0.00035	1.7549e+09	1.0483e+08
0.00035625	1.6686e+09	1.0469e+08
0.0003625	1.5945e+09	1.0453e+08
0.00036875	1.5116e+09	1.0435e+08
0.000375	1.4404e+09	1.0415e+08
0.00038125	1.3611e+09	1.0392e+08
0.0003875	1.2929e+09	1.0366e+08
0.00039375	1.2174e+09	1.0336e+08
0.0004	1.1522e+09	1.0302e+08
0.00040625	1.0806e+09	1.0263e+08
0.0004125	1.0187e+09	1.0219e+08
0.00041875	9.511e+08	1.0168e+08
0.000425	8.9253e+08	1.0109e+08
0.00043125	8.2919e+08	1.0041e+08
0.0004375	7.7415e+08	9.9632e+07
0.00044375	7.1526e+08	9.8729e+07
0.00045	6.6394e+08	9.7683e+07
0.00045625	6.097e+08	9.6475e+07
0.0004625	5.6232e+08	9.5076e+07
0.00046875	5.1298e+08	9.3462e+07
0.000475	4.6976e+08	9.1601e+07
0.00048125	4.2556e+08	8.9466e+07
0.0004875	3.8672e+08	8.7025e+07
0.00049375	3.4787e+08	8.4254e+07
0.0005	3.1364e+08	8.113e+07
0.00050625	2.8028e+08	7.7649e+07
0.0005125	2.508e+08	7.3805e+07
0.00051875	2.2292e+08	6.9632e+07
0.000525	1.9822e+08	6.5153e+07
0.00053125	1.7562e+08	6.0455e+07
0.0005375	1.5551e+08	5.5584e+07
0.00054375	1.3771e+08	5.0676e+07
0.00055	1.2179e+08	4.5782e+07
0.00055625	1.0811e+08	4.1053e+07
0.0005625	9.5771e+07	3.6515e+07
0.00056875	8.5407e+07	3.2297e+07
0.000575	7.5982e+07	2.8377e+07
0.00058125	6.8176e+07	2.4838e+07
0.0005875	6.1017e+07	2.1622e+07
0.00059375	5.512e+07	1.8775e+07
0.0006	4.9672e+07	1.6225e+07
0.00060625	4.5169e+07	1.3996e+07
0.0006125	4.0979e+07	1.2023e+07
0.00061875	3.7493e+07	1.0311e+07
0.000625	3.4235e+07	8.8087e+06
0.00063125	3.1494e+07	7.5126e+06
0.0006375	2.8923e+07	6.3844e+06
0.00064375	2.6735e+07	5.4158e+06
0.00065	2.4676e+07	4.5794e+06
0.00065625	2.2902e+07	3.8643e+06
0.0006625	2.1231e+07	3.2511e+06
0.00066875	1.977e+07	2.7295e+06
0.000675	1.8393e+07	2.2854e+06
0.00068125	1.7173e+07	1.9096e+06
0.0006875	1.6023e+07	1.5916e+06
0.00069375	1.4993e+07	1.324e+06
0.0007	1.402e+07	1.0989e+06
0.00070625	1.3141e+07	9.1032e+05
0.0007125	1.2311e+07	7.5255e+05
0.00071875	1.1555e+07	6.2105e+05
0.000725	1.0841e+07	5.1154e+05
0.00073125	1.0185e+07	4.2067e+05
0.0007375	9.5665e+06	3.4533e+05
0.00074375	8.9949e+06	2.8308e+05
0.00075	8.4558e+06	2.3167e+05
0.00075625	7.9554e+06	1.8935e+05
0.0007625	7.4836e+06	1.5454e+05
0.00076875	7.0439e+06	1.2597e+05
0.000775	6.6293e+06	1.0255e+05
0.00078125	6.242e+06	83396
0.0007875	5.8768e+06	67739
0.00079375	5.5348e+06	54965
0.0008	5.2124e+06	44554
0.00080625	4.91e+06	36082
0.0008125	4.6249e+06	29193
0.00081875	4.3572e+06	23600
0.000825	4.1049e+06	19062
0.00083125	3.8676e+06	15385
0.0008375	3.644e+06	12408
0.00084375	3.4337e+06	10000
0.00085	3.2354e+06	8053.7
0.00085625	3.0488e+06	6482.2
0.0008625	2.8729e+06	5214
0.00086875	2.7073e+06	4191.5
0.000875	2.5513e+06	3367.7
0.00088125	2.4043e+06	2704.3
0.0008875	2.2657e+06	2170.4
0.00089375	2.1352e+06	1741.1
0.0009	2.0122e+06	1396.1
0.00090625	1.8963e+06	1118.9
0.0009125	1.7871e+06	896.38
0.00091875	1.6842e+06	717.81
0.000925	1.5873e+06	574.58
0.00093125	1.4959e+06	459.76
0.0009375	1.4097e+06	367.75
0.00094375	1.3286e+06	294.04
0.00095	1.2521e+06	235.03
0.00095625	1.18e+06	187.8
0.0009625	1.1121e+06	150.02
0.00096875	1.0481e+06	119.8
0.000975	9.8773e+05	95.636
0.00098125	9.3087e+05	76.326
0.0009875	8.7728e+05	60.898
0.00099375	8.2678e+05	48.576
0.001	7.7919e+05	38.737
0.0010062	7.3433e+05	30.883
0.0010125	6.9206e+05	24.615
0.0010187	6.5222e+05	19.615
0.001025	6.1467e+05	15.626
0.0010313	5.7929e+05	12.446
0.0010375	5.4594e+05	9.9109
0.0010437	5.1451e+05	7.8904
0.00105	4.8489e+05	6.2804
0.0010562	4.5698e+05	4.9979
0.0010625	4.3067e+05	3.9764
0.0010688	4.0587e+05	3.163
0.001075	3.8251e+05	2.5155
0.0010812	3.6048e+05	2.0002
0.0010875	3.3973e+05	1.59
0.0010938	3.2017e+05	1.2638
0.0011	3.0174e+05	1.0042
0.0011063	2.8436e+05	0.79785
0.0011125	2.6799e+05	0.63375
0.0011187	2.5256e+05	0.50329
0.001125	2.3802e+05	0.39959
0.0011313	2.2431e+05	0.31718
0.0011375	2.114e+05	0.25169
0.0011438	1.9922e+05	0.19967
0.00115	1.8775e+05	0.15835
0.0011562	1.7694e+05	0.12554
0.0011625	1.6675e+05	0.099515
0.0011688	1.5715e+05	0.078866
0.001175	1.4809e+05	0.062485
0.0011813	1.3957e+05	0.049492
0.0011875	1.3153e+05	0.03919
0.0011937	1.2395e+05	0.031022
0.0012	1.1681e+05	0.024549
0.0012063	1.1008e+05	0.01942
0.0012125	1.0374e+05	0.015358
0.0012187	97763	0.012141
0.001225	92130	0.0095946
0.0012312	86822	0.0075793
0.0012375	81819	0.0059849
0.0012438	77104	0.0047239
0.00125	72660	0.0037269
0.0012562	68473	0.002939
0.0012625	64526	0.0023165
0.0012687	60807	0.0018248
0.001275	57301	0.0014367
0.0012813	53998	0.0011305
0.0012875	50884	0.0008889
0.0012937	47950	0.00069846
0.0013	45185	0.00054841
0.0013062	42579	0.00043024
0.0013125	40123	0.00033724
0.0013188	37809	0.00026409
0.001325	35627	0.0002066
0.0013312	33572	0.00016145
0.0013375	31634	0.00012602
0.0013437	29809	9.824e-05
0.00135	28088	7.648e-05
0.0013563	26467	5.9453e-05
0.0013625	24939	4.614e-05
0.0013687	23499	3.5734e-05
0.001375	22142	2.7628e-05
0.0013813	20863	2.1341e-05
0.0013875	19658	1.6471e-05
0.0013938	18522	1.2707e-05
0.0014	17452	9.8072e-06
0.0014062	16444	7.5793e-06
0.0014125	15493	5.8737e-06
0.0014188	14598	4.5733e-06
0.001425	13754	3.5864e-06
0.0014313	12959	2.8412e-06
0.0014375	12209	2.2819e-06
0.0014437	11503	1.865e-06
0.00145	10838	1.5565e-06
0.0014563	10211	1.3302e-06
0.0014625	9619.8	1.1658e-06
0.0014688	9063.1	1.0477e-06
0.001475	8538.5	9.6382e-07
0.0014812	8044.2	9.0493e-07
0.0014875	7578.4	8.6402e-07
0.0014938	7139.6	8.3578e-07
0.0015	6726.1	8.1629e-07
0.0015062	6336.5	8.0255e-07
0.0015125	5969.4	7.9226e-07
0.0015187	5623.6	7.8385e-07
0.001525	5297.7	7.7622e-07
0.0015313	4990.7	7.6858e-07
0.0015375	4701.4	7.6041e-07
0.0015437	4428.9	7.5139e-07
0.00155	4172.1	7.4132e-07
0.0015562	3930.2	7.3011e-07
0.0015625	3702.3	7.1774e-07
0.0015688	3487.6	7.0427e-07
0.001575	3285.3	6.898e-07
0.0015812	3094.8	6.7447e-07
0.0015875	2915.3	6.5838e-07
0.0015937	2746.2	6.4165e-07
0.0016	2586.9	6.2438e-07
0.0016063	2436.8	6.0666e-07
0.0016125	2295.4	5.8861e-07
0.0016187	2162.3	5.7028e-07
0.001625	2036.8	5.5179e-07
0.0016313	1918.7	5.3319e-07
0.0016375	1807.4	5.1455e-07
0.0016438	1702.5	4.9595e-07
0.00165	1603.8	4.7743e-07
0.0016562	1510.7	4.5906e-07
0.0016625	1423.1	4.4088e-07
0.0016688	1340.6	4.2294e-07
0.001675	1262.9	4.0528e-07
0.0016813	1189.7	3.8792e-07
0.0016875	1120.7	3.7091e-07
0.0016937	1055.8	3.5427e-07
0.0017	994.64	3.3802e-07
0.0017063	937.02	3.2219e-07
0.0017125	882.78	3.0678e-07
0.0017188	831.67	2.9182e-07
0.001725	783.56	2.7732e-07
0.0017312	738.23	2.6327e-07
0.0017375	695.55	2.497e-07
0.0017438	655.35	2.366e-07
0.00175	617.5	2.2397e-07
0.0017562	581.84	2.1182e-07
0.0017625	548.27	2.0013e-07
0.0017687	516.64	1.8891e-07
0.001775	486.87	1.7815e-07
0.0017813	458.82	1.6785e-07
0.0017875	432.42	1.5799e-07
0.0017937	407.54	1.4858e-07
0.0018	384.13	1.3959e-07
0.0018062	362.06	1.3102e-07
0.0018125	341.3	1.2286e-07
0.0018188	321.72	1.151e-07
0.001825	303.31	1.0772e-07
0.0018312	285.95	1.0072e-07
0.0018375	269.62	9.4083e-08
0.0018437	254.23	8.7793e-08
0.00185	239.75	8.1841e-08
0.0018563	226.09	7.6214e-08
0.0018625	213.25	7.0899e-08
0.0018687	201.13	6.5883e-08
0.001875	189.74	6.1154e-08
0.0018812	179	5.6702e-08
0.0018875	168.89	5.2515e-08
0.0018938	159.36	4.858e-08
0.0019	150.4	4.4885e-08
0.0019062	141.94	4.1419e-08
0.0019125	133.99	3.8172e-08
0.0019188	126.49	3.5133e-08
0.001925	119.43	3.2291e-08
0.0019313	112.77	2.9639e-08
0.0019375	106.51	2.7163e-08
0.0019437	100.6	2.4858e-08
0.00195	95.049	2.271e-08
0.0019563	89.803	2.0716e-08
0.0019625	84.871	1.8862e-08
0.0019688	80.213	1.7145e-08
0.001975	75.834	1.5555e-08
0.0019812	71.697	1.4084e-08
0.0019875	67.807	1.2731e-08
0.0019937	64.131	1.1493e-08
0.002	60.675	1.0354e-08
0.0020062	57.408	9.3079e-09
0.0020125	54.335	8.3478e-09
0.0020188	51.43	7.4704e-09
0.002025	48.697	6.669e-09
0.0020313	46.112	5.9383e-09
0.0020375	43.68	5.2732e-09
0.0020437	41.378	4.67e-09
0.00205	39.212	4.124e-09
0.0020562	37.161	3.6308e-09
0.0020625	35.23	3.1867e-09
0.0020687	33.401	2.7885e-09
0.002075	31.677	2.4322e-09
0.0020813	30.044	2.1143e-09
0.0020875	28.504	1.832e-09
0.0020938	27.044	1.5825e-09
0.0021	25.667	1.3626e-09
0.0021063	24.36	1.1702e-09
0.0021125	23.127	1.0024e-09
0.0021187	21.955	8.5706e-10
0.002125	20.848	7.3181e-10
0.0021312	19.796	6.249e-10
0.0021375	18.801	5.3431e-10
0.0021437	17.854	4.5822e-10
0.00215	16.958	3.9512e-10
0.0021563	16.104	3.4297e-10
0.0021625	15.295	3.0101e-10
0.0021688	14.524	2.6723e-10
0.002175	13.792	2.4098e-10
0.0021813	13.094	2.2085e-10
0.0021875	12.43	2.0546e-10
0.0021937	11.797	1.9471e-10
0.0022	11.194	1.8704e-10
0.0022062	10.617	1.8185e-10
0.0022125	10.068	1.7793e-10
0.0022187	9.5424	1.7559e-10
0.002225	9.0408	1.7324e-10
0.0022313	8.5605	1.7143e-10
0.0022375	8.1016	1.6872e-10
0.0022438	7.6617	1.6517e-10
0.00225	7.241	1.6054e-10
0.0022563	6.8375	1.5412e-10
0.0022625	6.4512	1.463e-10
0.0022687	6.0805	1.364e-10
0.002275	5.7253	1.2415e-10
0.0022812	5.3844	1.1014e-10
0.0022875	5.0576	9.3774e-11
0.0022938	4.7439	7.5263e-11
0.0023	4.4431	5.4401e-11
0.0023063	4.1544	3.1119e-11
0.0023125	3.8777	6.1218e-12
0.0023188	3.6124	-2.1081e-11
0.002325	3.3581	-5.0129e-11
0.0023312	3.1146	-8.1026e-11
0.0023375	2.8814	-1.1339e-10
0.0023437	2.6585	-1.4721e-10
0.00235	2.4454	-1.82e-10
0.0023562	2.2421	-2.1808e-10
0.0023625	2.0482	-2.5487e-10
0.0023688	1.8637	-2.9219e-10
0.002375	1.6884	-3.2956e-10
0.0023813	1.5222	-3.6734e-10
0.0023875	1.3649	-4.0492e-10
0.0023938	1.2164	-4.4193e-10
0.0024	1.0768	-4.7853e-10
0.0024062	0.94579	-5.1423e-10
0.0024125	0.82344	-5.4873e-10
0.0024187	0.70969	-5.8194e-10
0.002425	0.60446	-6.1356e-10
0.0024312	0.50775	-6.436e-10
0.0024375	0.41951	-6.7162e-10
0.0024438	0.33973	-6.9749e-10
0.00245	0.26837	-7.2104e-10
0.0024563	0.20544	-7.424e-10
0.0024625	0.15092	-7.6113e-10
0.0024688	0.10479	-7.7726e-10
0.002475	0.067062	-7.905e-10
0.0024812	0.037721	-8.0096e-10
0.0024875	0.016764	-8.0842e-10
0.0024937	0.004191	-8.1298e-10
0.0025	0	-8.1438e-10
