0	8.3888e+09	1.0599e+08
6.25e-06	8.1894e+09	1.06e+08
1.25e-05	8.024e+09	1.06e+08
1.875e-05	7.8433e+09	1.0601e+08
2.5e-05	7.6921e+09	1.0601e+08
3.125e-05	7.5223e+09	1.0601e+08
3.75e-05	7.3797e+09	1.0601e+08
4.375e-05	7.2176e+09	1.0601e+08
5e-05	7.0812e+09	1.06e+08
5.625e-05	6.9249e+09	1.06e+08
6.25e-05	6.7934e+09	1.06e+08
6.875e-05	6.6419e+09	1.06e+08
7.5e-05	6.5144e+09	1.0599e+08
8.125e-05	6.367e+09	1.0599e+08
8.75e-05	6.243e+09	1.0599e+08
9.375e-05	6.0992e+09	1.0599e+08
0.0001	5.9782e+09	1.0598e+08
0.00010625	5.8377e+09	1.0598e+08
0.0001125	5.7196e+09	1.0597e+08
0.00011875	5.5822e+09	1.0597e+08
0.000125	5.4667e+09	1.0596e+08
0.00013125	5.3323e+09	1.0596e+08
0.0001375	5.2192e+09	1.0595e+08
0.00014375	5.0876e+09	1.0595e+08
0.00015	4.9769e+09	1.0594e+08
0.00015625	4.848e+09	1.0594e+08
0.0001625	4.7396e+09	1.0593e+08
0.00016875	4.6133e+09	1.0592e+08
0.000175	4.5072e+09	1.0591e+08
0.00018125	4.3836e+09	1.0591e+08
0.0001875	4.2797e+09	1.059e+08
0.00019375	4.1587e+09	1.0589e+08
0.0002	4.0569e+09	1.0588e+08
0.00020625	3.9386e+09	1.0587e+08
0.0002125	3.839e+09	1.0585e+08
0.00021875	3.7233e+09	1.0584e+08
0.000225	3.6259e+09	1.0583e+08
0.00023125	3.5129e+09	1.0581e+08
0.0002375	3.4176e+09	1.0579e+08
0.00024375	3.3073e+09	1.0578e+08
0.00025	3.2142e+09	1.0576e+08
0.00025625	3.1065e+09	1.0574e+08
0.0002625	3.0157e+09	1.0571e+08
0.00026875	2.9108e+09	1.0569e+08
0.000275	2.8221e+09	1.0566e+08
0.00028125	2.72e+09	1.0563e+08
0.0002875	2.6336e+09	1.056e+08
0.00029375	2.5343e+09	1.0556e+08
0.0003	2.4502e+09	1.0552e+08
0.00030625	2.3538e+09	1.0548e+08
0.0003125	2.2721e+09	1.0543e+08
0.00031875	2.1786e+09	1.0537e+08
0.000325	2.0992e+09	1.0531e+08
0.00033125	2.0087e+09	1.0525e+08
0.0003375	1.9318e+09	1.0517e+08
0.00034375	1.8444e+09	1.0509e+08
0.00035	1.7699e+09	1.05e+08
0.00035625	1.6856e+09	1.0489e+08
0.0003625	1.6137e+09	1.0478e+08
0.00036875	1.5327e+09	1.0464e+08
0.000375	1.4635e+09	1.0449e+08
0.00038125	1.3858e+09	1.0432e+08
0.0003875	1.3192e+09	1.0413e+08
0.00039375	1.245e+09	1.0391e+08
0.0004	1.1813e+09	1.0366e+08
0.00040625	1.1106e+09	1.0337e+08
0.0004125	1.0498e+09	1.0304e+08
0.00041875	9.8289e+08	1.0265e+08
0.000425	9.2517e+08	1.0221e+08
0.00043125	8.6212e+08	1.017e+08
0.0004375	8.0761e+08	1.0111e+08
0.00044375	7.4864e+08	1.0042e+08
0.00045	6.9752e+08	9.9621e+07
0.00045625	6.4282e+08	9.869e+07
0.0004625	5.9528e+08	9.7606e+07
0.00046875	5.4509e+08	9.6345e+07
0.000475	5.0133e+08	9.4878e+07
0.00048125	4.5588e+08	9.3177e+07
0.0004875	4.1614e+08	9.1207e+07
0.00049375	3.7567e+08	8.8939e+07
0.0005	3.4017e+08	8.6341e+07
0.00050625	3.0488e+08	8.3392e+07
0.0005125	2.7383e+08	8.0068e+07
0.00051875	2.4382e+08	7.6376e+07
0.000525	2.1735e+08	7.2316e+07
0.00053125	1.9258e+08	6.794e+07
0.0005375	1.7066e+08	6.3279e+07
0.00054375	1.5085e+08	5.8442e+07
0.00055	1.3323e+08	5.3483e+07
0.00055625	1.1783e+08	4.8553e+07
0.0005625	1.0405e+08	4.3697e+07
0.00056875	9.2335e+07	3.9071e+07
0.000575	8.1756e+07	3.468e+07
0.00058125	7.2956e+07	3.0642e+07
0.0005875	6.4931e+07	2.6912e+07
0.00059375	5.8336e+07	2.3567e+07
0.0006	5.2272e+07	2.0532e+07
0.00060625	4.7298e+07	1.7851e+07
0.0006125	4.2684e+07	1.5452e+07
0.00061875	3.8888e+07	1.3354e+07
0.000625	3.5347e+07	1.1494e+07
0.00063125	3.2408e+07	9.8769e+06
0.0006375	2.9653e+07	8.4562e+06
0.00064375	2.7341e+07	7.2274e+06
0.00065	2.5165e+07	6.1566e+06
0.00065625	2.3319e+07	5.2343e+06
0.0006625	2.1577e+07	4.4364e+06
0.00066875	2.0078e+07	3.7524e+06
0.000675	1.8661e+07	3.1649e+06
0.00068125	1.7423e+07	2.6639e+06
0.0006875	1.6252e+07	2.2365e+06
0.00069375	1.5216e+07	1.8739e+06
0.0007	1.4235e+07	1.5664e+06
0.00070625	1.3357e+07	1.3069e+06
0.0007125	1.2526e+07	1.088e+06
0.00071875	1.1774e+07	9.0411e+05
0.000725	1.1063e+07	7.4981e+05
0.00073125	1.0413e+07	6.2083e+05
0.0007375	9.7986e+06	5.1308e+05
0.00074375	9.2333e+06	4.2339e+05
0.00075	8.6984e+06	3.4878e+05
0.00075625	8.2035e+06	2.8693e+05
0.0007625	7.7352e+06	2.3568e+05
0.00076875	7.2997e+06	1.9335e+05
0.000775	6.8877e+06	1.584e+05
0.00078125	6.503e+06	1.2961e+05
0.0007875	6.1392e+06	1.0593e+05
0.00079375	5.7984e+06	86484
0.0008	5.4762e+06	70530
0.00080625	5.1736e+06	57464
0.0008125	4.8875e+06	46773
0.00081875	4.6184e+06	38038
0.000825	4.364e+06	30907
0.00083125	4.1243e+06	25093
0.0008375	3.8977e+06	20356
0.00084375	3.6841e+06	16502
0.00085	3.4821e+06	13368
0.00085625	3.2915e+06	10823
0.0008625	3.1113e+06	8756.2
0.00086875	2.9411e+06	7080
0.000875	2.7803e+06	5721.5
0.00088125	2.6284e+06	4621.1
0.0008875	2.4848e+06	3730.4
0.00089375	2.3491e+06	3009.9
0.0009	2.2208e+06	2427.4
0.00090625	2.0995e+06	1956.8
0.0009125	1.9849e+06	1576.7
0.00091875	1.8766e+06	1269.9
0.000925	1.7742e+06	1022.5
0.00093125	1.6774e+06	822.89
0.0009375	1.5858e+06	662.03
0.00094375	1.4993e+06	532.44
0.00095	1.4175e+06	428.07
0.00095625	1.3402e+06	344.05
0.0009625	1.2671e+06	276.43
0.00096875	1.198e+06	222.04
0.000975	1.1326e+06	178.3
0.00098125	1.0708e+06	143.14
0.0009875	1.0124e+06	114.88
0.00099375	9.5722e+05	92.173
0.001	9.0501e+05	73.938
0.0010062	8.5565e+05	59.297
0.0010125	8.0898e+05	47.544
0.0010187	7.6486e+05	38.112
0.001025	7.2314e+05	30.544
0.0010313	6.837e+05	24.474
0.0010375	6.4641e+05	19.607
0.0010437	6.1116e+05	15.704
0.00105	5.7783e+05	12.575
0.0010562	5.4631e+05	10.068
0.0010625	5.1651e+05	8.0594
0.0010688	4.8834e+05	6.4502
0.001075	4.6171e+05	5.1614
0.0010812	4.3653e+05	4.1293
0.0010875	4.1272e+05	3.303
0.0010938	3.9021e+05	2.6416
0.0011	3.6892e+05	2.1123
0.0011063	3.488e+05	1.6887
0.0011125	3.2978e+05	1.3499
0.0011187	3.1179e+05	1.0788
0.001125	2.9478e+05	0.86201
0.0011313	2.787e+05	0.68868
0.0011375	2.635e+05	0.5501
0.0011438	2.4913e+05	0.43932
0.00115	2.3554e+05	0.35079
0.0011562	2.2269e+05	0.28005
0.0011625	2.1054e+05	0.22353
0.0011688	1.9906e+05	0.17838
0.001175	1.882e+05	0.14231
0.0011813	1.7793e+05	0.1135
0.0011875	1.6822e+05	0.090505
0.0011937	1.5905e+05	0.072145
0.0012	1.5037e+05	0.057493
0.0012063	1.4217e+05	0.045806
0.0012125	1.3441e+05	0.036487
0.0012187	1.2707e+05	0.029057
0.001225	1.2014e+05	0.023133
0.0012312	1.1358e+05	0.018411
0.0012375	1.0739e+05	0.014648
0.0012438	1.0153e+05	0.01165
0.00125	95985	0.0092628
0.0012562	90747	0.0073621
0.0012625	85794	0.0058491
0.0012687	81111	0.0046452
0.001275	76684	0.0036876
0.0012813	72498	0.0029261
0.0012875	68540	0.0023208
0.0012937	64798	0.0018398
0.0013	61260	0.0014577
0.0013062	57915	0.0011543
0.0013125	54753	0.00091356
0.0013188	51763	0.00072256
0.001325	48936	0.0005711
0.0013312	46264	0.00045107
0.0013375	43737	0.00035598
0.0013437	41348	0.00028071
0.00135	39089	0.00022116
0.0013563	36953	0.00017408
0.0013625	34934	0.00013688
0.0013687	33025	0.00010751
0.001375	31221	8.4341e-05
0.0013813	29514	6.6083e-05
0.0013875	27901	5.1707e-05
0.0013938	26376	4.0399e-05
0.0014	24934	3.1515e-05
0.0014062	23571	2.4542e-05
0.0014125	22282	1.9074e-05
0.0014188	21064	1.479e-05
0.001425	19912	1.1441e-05
0.0014313	18822	8.8389e-06
0.0014375	17793	6.8204e-06
0.0014437	16819	5.2589e-06
0.00145	15899	4.0548e-06
0.0014563	15029	3.1297e-06
0.0014625	14206	2.4218e-06
0.0014688	13429	1.8828e-06
0.001475	12694	1.4746e-06
0.0014812	11999	1.1674e-06
0.0014875	11342	9.3809e-07
0.0014938	10721	7.6835e-07
0.0015	10133	6.4399e-07
0.0015062	9578.4	5.5404e-07
0.0015125	9053.6	4.8996e-07
0.0015187	8557.5	4.4517e-07
0.001525	8088.5	4.1458e-07
0.0015313	7645.2	3.9432e-07
0.0015375	7226.1	3.8145e-07
0.0015437	6830	3.7376e-07
0.00155	6455.5	3.6946e-07
0.0015562	6101.5	3.6731e-07
0.0015625	5766.8	3.6641e-07
0.0015688	5450.5	3.661e-07
0.001575	5151.4	3.6591e-07
0.0015812	4868.8	3.6552e-07
0.0015875	4601.6	3.647e-07
0.0015937	4349	3.6334e-07
0.0016	4110.3	3.6135e-07
0.0016063	3884.7	3.5869e-07
0.0016125	3671.4	3.5538e-07
0.0016187	3469.8	3.5144e-07
0.001625	3279.2	3.4692e-07
0.0016313	3099.1	3.4188e-07
0.0016375	2928.9	3.3637e-07
0.0016438	2768	3.3043e-07
0.00165	2615.9	3.2411e-07
0.0016562	2472.1	3.1747e-07
0.0016625	2336.3	3.1054e-07
0.0016688	2207.9	3.0336e-07
0.001675	2086.6	2.9598e-07
0.0016813	1971.9	2.8841e-07
0.0016875	1863.5	2.8072e-07
0.0016937	1761.1	2.7292e-07
0.0017	1664.3	2.6505e-07
0.0017063	1572.8	2.5714e-07
0.0017125	1486.3	2.4921e-07
0.0017188	1404.6	2.4128e-07
0.001725	1327.4	2.3338e-07
0.0017312	1254.5	2.2553e-07
0.0017375	1185.5	2.1775e-07
0.0017438	1120.4	2.1005e-07
0.00175	1058.8	2.0246e-07
0.0017562	1000.7	1.9497e-07
0.0017625	945.71	1.8761e-07
0.0017687	893.78	1.8039e-07
0.001775	844.72	1.7332e-07
0.0017813	798.36	1.664e-07
0.0017875	754.57	1.5964e-07
0.0017937	713.18	1.5305e-07
0.0018	674.09	1.4663e-07
0.0018062	637.15	1.4039e-07
0.0018125	602.27	1.3433e-07
0.0018188	569.3	1.2845e-07
0.001825	538.17	1.2275e-07
0.0018312	508.75	1.1723e-07
0.0018375	480.97	1.1189e-07
0.0018437	454.71	1.0674e-07
0.00185	429.93	1.0177e-07
0.0018563	406.5	9.6976e-08
0.0018625	384.39	9.2362e-08
0.0018687	363.49	8.7917e-08
0.001875	343.76	8.3649e-08
0.0018812	325.12	7.9548e-08
0.0018875	307.52	7.5608e-08
0.0018938	290.89	7.1832e-08
0.0019	275.19	6.8214e-08
0.0019062	260.36	6.4747e-08
0.0019125	246.36	6.143e-08
0.0019188	233.12	5.8257e-08
0.001925	220.64	5.5225e-08
0.0019313	208.84	5.233e-08
0.0019375	197.7	4.9568e-08
0.0019437	187.17	4.6929e-08
0.00195	177.24	4.4416e-08
0.0019563	167.85	4.202e-08
0.0019625	158.99	3.974e-08
0.0019688	150.61	3.7569e-08
0.001975	142.7	3.5503e-08
0.0019812	135.23	3.3539e-08
0.0019875	128.18	3.1673e-08
0.0019937	121.5	2.9899e-08
0.002	115.21	2.8217e-08
0.0020062	109.25	2.662e-08
0.0020125	103.63	2.5104e-08
0.0020188	98.311	2.3667e-08
0.002025	93.29	2.2306e-08
0.0020313	88.536	2.1016e-08
0.0020375	84.048	1.9795e-08
0.0020437	79.797	1.8639e-08
0.00205	75.783	1.7545e-08
0.0020562	71.979	1.651e-08
0.0020625	68.386	1.5533e-08
0.0020687	64.978	1.4609e-08
0.002075	61.758	1.3735e-08
0.0020813	58.703	1.2911e-08
0.0020875	55.813	1.2132e-08
0.0020938	53.07	1.1399e-08
0.0021	50.474	1.0711e-08
0.0021063	48.008	1.0064e-08
0.0021125	45.672	9.4524e-09
0.0021187	43.45	8.8771e-09
0.002125	41.345	8.3349e-09
0.0021312	39.34	7.8244e-09
0.0021375	37.439	7.3449e-09
0.0021437	35.626	6.893e-09
0.00215	33.905	6.4683e-09
0.0021563	32.263	6.0693e-09
0.0021625	30.702	5.6939e-09
0.0021688	29.211	5.342e-09
0.002175	27.792	5.0107e-09
0.0021813	26.435	4.7003e-09
0.0021875	25.141	4.4086e-09
0.0021937	23.903	4.1355e-09
0.0022	22.721	3.8792e-09
0.0022062	21.588	3.6389e-09
0.0022125	20.506	3.4139e-09
0.0022187	19.468	3.2031e-09
0.002225	18.474	3.0057e-09
0.0022313	17.52	2.8208e-09
0.0022375	16.606	2.6482e-09
0.0022438	15.728	2.4866e-09
0.00225	14.886	2.3357e-09
0.0022563	14.076	2.1945e-09
0.0022625	13.299	2.0628e-09
0.0022687	12.551	1.9397e-09
0.002275	11.833	1.8253e-09
0.0022812	11.142	1.7182e-09
0.0022875	10.478	1.6181e-09
0.0022938	9.8388	1.5251e-09
0.0023	9.2251	1.4386e-09
0.0023063	8.6346	1.3582e-09
0.0023125	8.0677	1.2831e-09
0.0023188	7.5226	1.2135e-09
0.002325	6.9996	1.1487e-09
0.0023312	6.4974	1.0885e-09
0.0023375	6.0162	1.0325e-09
0.0023437	5.5549	9.8117e-10
0.00235	5.1136	9.3335e-10
0.0023562	4.6916	8.8862e-10
0.0023625	4.2889	8.477e-10
0.0023688	3.905	8.0997e-10
0.002375	3.5398	7.7495e-10
0.0023813	3.193	7.4292e-10
0.0023875	2.8646	7.1335e-10
0.0023938	2.5543	6.8604e-10
0.0024	2.2621	6.6132e-10
0.0024062	1.9877	6.3857e-10
0.0024125	1.7313	6.1773e-10
0.0024187	1.4926	5.989e-10
0.002425	1.2718	5.819e-10
0.0024312	1.0686	5.6658e-10
0.0024375	0.88315	5.5271e-10
0.0024438	0.71535	5.4073e-10
0.00245	0.56524	5.2993e-10
0.0024563	0.43277	5.205e-10
0.0024625	0.31797	5.1276e-10
0.0024688	0.22082	5.0602e-10
0.002475	0.14133	5.0057e-10
0.0024812	0.0795	4.9639e-10
0.0024875	0.035335	4.9336e-10
0.0024937	0.0088336	4.9159e-10
0.0025	0	4.9112e-10
