0	2.671e+09	7.36e+06
6.25e-06	2.6372e+09	7.3649e+06
1.25e-05	2.6076e+09	7.3647e+06
1.875e-05	2.5761e+09	7.3683e+06
2.5e-05	2.5482e+09	7.367e+06
3.125e-05	2.5182e+09	7.3682e+06
3.75e-05	2.4915e+09	7.3666e+06
4.375e-05	2.4626e+09	7.3669e+06
5e-05	2.4368e+09	7.3653e+06
5.625e-05	2.4087e+09	7.3652e+06
6.25e-05	2.3837e+09	7.3635e+06
6.875e-05	2.3563e+09	7.3632e+06
7.5e-05	2.3319e+09	7.3615e+06
8.125e-05	2.3051e+09	7.361e+06
8.75e-05	2.2812e+09	7.3594e+06
9.375e-05	2.2549e+09	7.3587e+06
0.0001	2.2315e+09	7.357e+06
0.00010625	2.2058e+09	7.3563e+06
0.0001125	2.1828e+09	7.3546e+06
0.00011875	2.1575e+09	7.3538e+06
0.000125	2.1349e+09	7.3521e+06
0.00013125	2.1099e+09	7.3512e+06
0.0001375	2.0877e+09	7.3494e+06
0.00014375	2.0632e+09	7.3484e+06
0.00015	2.0413e+09	7.3467e+06
0.00015625	2.0171e+09	7.3456e+06
0.0001625	1.9956e+09	7.3438e+06
0.00016875	1.9718e+09	7.3426e+06
0.000175	1.9505e+09	7.3409e+06
0.00018125	1.927e+09	7.3396e+06
0.0001875	1.9061e+09	7.3378e+06
0.00019375	1.8829e+09	7.3365e+06
0.0002	1.8623e+09	7.3346e+06
0.00020625	1.8394e+09	7.3332e+06
0.0002125	1.819e+09	7.3313e+06
0.00021875	1.7964e+09	7.3299e+06
0.000225	1.7763e+09	7.3279e+06
0.00023125	1.754e+09	7.3264e+06
0.0002375	1.7342e+09	7.3244e+06
0.00024375	1.7122e+09	7.3228e+06
0.00025	1.6926e+09	7.3208e+06
0.00025625	1.6709e+09	7.3191e+06
0.0002625	1.6515e+09	7.317e+06
0.00026875	1.6301e+09	7.3152e+06
0.000275	1.611e+09	7.3131e+06
0.00028125	1.5898e+09	7.3112e+06
0.0002875	1.5709e+09	7.309e+06
0.00029375	1.55e+09	7.3071e+06
0.0003	1.5314e+09	7.3048e+06
0.00030625	1.5107e+09	7.3028e+06
0.0003125	1.4923e+09	7.3005e+06
0.00031875	1.4719e+09	7.2983e+06
0.000325	1.4538e+09	7.2959e+06
0.00033125	1.4336e+09	7.2937e+06
0.0003375	1.4157e+09	7.2912e+06
0.00034375	1.3958e+09	7.2889e+06
0.00035	1.3781e+09	7.2864e+06
0.00035625	1.3585e+09	7.2839e+06
0.0003625	1.341e+09	7.2813e+06
0.00036875	1.3216e+09	7.2788e+06
0.000375	1.3044e+09	7.276e+06
0.00038125	1.2852e+09	7.2734e+06
0.0003875	1.2682e+09	7.2706e+06
0.00039375	1.2493e+09	7.2678e+06
0.0004	1.2325e+09	7.2649e+06
0.00040625	1.2139e+09	7.262e+06
0.0004125	1.1973e+09	7.2589e+06
0.00041875	1.1789e+09	7.2559e+06
0.000425	1.1625e+09	7.2527e+06
0.00043125	1.1444e+09	7.2496e+06
0.0004375	1.1282e+09	7.2463e+06
0.00044375	1.1103e+09	7.243e+06
0.00045	1.0944e+09	7.2396e+06
0.00045625	1.0767e+09	7.2361e+06
0.0004625	1.061e+09	7.2325e+06
0.00046875	1.0436e+09	7.2289e+06
0.000475	1.0282e+09	7.2252e+06
0.00048125	1.011e+09	7.2214e+06
0.0004875	9.9573e+08	7.2175e+06
0.00049375	9.7883e+08	7.2136e+06
0.0005	9.6378e+08	7.2095e+06
0.00050625	9.4713e+08	7.2053e+06
0.0005125	9.323e+08	7.201e+06
0.00051875	9.1591e+08	7.1967e+06
0.000525	9.0129e+08	7.1922e+06
0.00053125	8.8515e+08	7.1877e+06
0.0005375	8.7076e+08	7.1829e+06
0.00054375	8.5487e+08	7.1782e+06
0.00055	8.407e+08	7.1732e+06
0.00055625	8.2506e+08	7.1682e+06
0.0005625	8.1111e+08	7.163e+06
0.00056875	7.9573e+08	7.1577e+06
0.000575	7.8201e+08	7.1522e+06
0.00058125	7.6688e+08	7.1466e+06
0.0005875	7.5338e+08	7.1408e+06
0.00059375	7.3851e+08	7.135e+06
0.0006	7.2524e+08	7.1289e+06
0.00060625	7.1062e+08	7.1227e+06
0.0006125	6.9758e+08	7.1162e+06
0.00061875	6.8323e+08	7.1097e+06
0.000625	6.7041e+08	7.1029e+06
0.00063125	6.5632e+08	7.0959e+06
0.0006375	6.4373e+08	7.0888e+06
0.00064375	6.299e+08	7.0814e+06
0.00065	6.1755e+08	7.0738e+06
0.00065625	6.0398e+08	7.066e+06
0.0006625	5.9186e+08	7.0579e+06
0.00066875	5.7856e+08	7.0496e+06
0.000675	5.6667e+08	7.041e+06
0.00068125	5.5364e+08	7.0322e+06
0.0006875	5.4199e+08	7.0231e+06
0.00069375	5.2923e+08	7.0137e+06
0.0007	5.1782e+08	7.004e+06
0.00070625	5.0533e+08	6.994e+06
0.0007125	4.9415e+08	6.9836e+06
0.00071875	4.8194e+08	6.9729e+06
0.000725	4.71e+08	6.9618e+06
0.00073125	4.5907e+08	6.9503e+06
0.0007375	4.4837e+08	6.9385e+06
0.00074375	4.3671e+08	6.9262e+06
0.00075	4.2627e+08	6.9135e+06
0.00075625	4.1489e+08	6.9003e+06
0.0007625	4.0469e+08	6.8867e+06
0.00076875	3.9359e+08	6.8725e+06
0.000775	3.8364e+08	6.8578e+06
0.00078125	3.7283e+08	6.8426e+06
0.0007875	3.6313e+08	6.8268e+06
0.00079375	3.5261e+08	6.8103e+06
0.0008	3.4317e+08	6.7932e+06
0.00080625	3.3294e+08	6.7755e+06
0.0008125	3.2375e+08	6.757e+06
0.00081875	3.1381e+08	6.7377e+06
0.000825	3.0488e+08	6.7177e+06
0.00083125	2.9524e+08	6.6968e+06
0.0008375	2.8657e+08	6.675e+06
0.00084375	2.7722e+08	6.6523e+06
0.00085	2.6881e+08	6.6286e+06
0.00085625	2.5977e+08	6.6039e+06
0.0008625	2.5163e+08	6.5781e+06
0.00086875	2.4289e+08	6.5511e+06
0.000875	2.3502e+08	6.5229e+06
0.00088125	2.2659e+08	6.4933e+06
0.0008875	2.1899e+08	6.4624e+06
0.00089375	2.1086e+08	6.43e+06
0.0009	2.0354e+08	6.3961e+06
0.00090625	1.9572e+08	6.3606e+06
0.0009125	1.8867e+08	6.3233e+06
0.00091875	1.8118e+08	6.2841e+06
0.000925	1.7441e+08	6.243e+06
0.00093125	1.6723e+08	6.1999e+06
0.0009375	1.6074e+08	6.1546e+06
0.00094375	1.5388e+08	6.1069e+06
0.00095	1.4768e+08	6.0568e+06
0.00095625	1.4114e+08	6.004e+06
0.0009625	1.3522e+08	5.9485e+06
0.00096875	1.2901e+08	5.8901e+06
0.000975	1.2339e+08	5.8286e+06
0.00098125	1.175e+08	5.7639e+06
0.0009875	1.1217e+08	5.6957e+06
0.00099375	1.0661e+08	5.6239e+06
0.001	1.0157e+08	5.5483e+06
0.0010062	9.6339e+07	5.4687e+06
0.0010125	9.1597e+07	5.3849e+06
0.0010187	8.6698e+07	5.2967e+06
0.001025	8.2252e+07	5.204e+06
0.0010313	7.7685e+07	5.1066e+06
0.0010375	7.3536e+07	5.0042e+06
0.0010437	6.9299e+07	4.8969e+06
0.00105	6.5447e+07	4.7845e+06
0.0010562	6.1538e+07	4.6669e+06
0.0010625	5.7981e+07	4.5441e+06
0.0010688	5.4398e+07	4.4162e+06
0.001075	5.1134e+07	4.2831e+06
0.0010812	4.787e+07	4.1451e+06
0.0010875	4.4894e+07	4.0023e+06
0.0010938	4.1944e+07	3.8553e+06
0.0011	3.925e+07	3.7042e+06
0.0011063	3.6603e+07	3.5498e+06
0.0011125	3.4183e+07	3.3924e+06
0.0011187	3.1827e+07	3.2331e+06
0.001125	2.967e+07	3.0725e+06
0.0011313	2.7588e+07	2.9116e+06
0.0011375	2.568e+07	2.7513e+06
0.0011438	2.3856e+07	2.5929e+06
0.00115	2.218e+07	2.4371e+06
0.0011562	2.0592e+07	2.2852e+06
0.0011625	1.913e+07	2.1377e+06
0.0011688	1.7755e+07	1.9958e+06
0.001175	1.6487e+07	1.8594e+06
0.0011813	1.5301e+07	1.7296e+06
0.0011875	1.4206e+07	1.606e+06
0.0011937	1.3187e+07	1.4892e+06
0.0012	1.2244e+07	1.3786e+06
0.0012063	1.137e+07	1.2746e+06
0.0012125	1.0559e+07	1.1766e+06
0.0012187	9.8103e+06	1.0848e+06
0.001225	9.1145e+06	9.9854e+05
0.0012312	8.4731e+06	9.1798e+05
0.0012375	7.876e+06	8.4249e+05
0.0012438	7.3264e+06	7.7216e+05
0.00125	6.8139e+06	7.0647e+05
0.0012562	6.3424e+06	6.454e+05
0.0012625	5.9022e+06	5.8855e+05
0.0012687	5.4972e+06	5.3586e+05
0.001275	5.1187e+06	4.8698e+05
0.0012813	4.7704e+06	4.4183e+05
0.0012875	4.4445e+06	4.001e+05
0.0012937	4.1444e+06	3.617e+05
0.0013	3.8635e+06	3.2635e+05
0.0013062	3.6047e+06	2.9394e+05
0.0013125	3.3622e+06	2.6423e+05
0.0013188	3.1385e+06	2.371e+05
0.001325	2.9289e+06	2.1233e+05
0.0013312	2.7354e+06	1.8982e+05
0.0013375	2.5539e+06	1.6935e+05
0.0013437	2.3861e+06	1.5083e+05
0.00135	2.2288e+06	1.3406e+05
0.0013563	2.083e+06	1.1895e+05
0.0013625	1.9464e+06	1.0533e+05
0.0013687	1.8197e+06	93111
0.001375	1.701e+06	82149
0.0013813	1.5906e+06	72354
0.0013875	1.4872e+06	63606
0.0013938	1.3911e+06	55821
0.0014	1.3009e+06	48899
0.0014062	1.217e+06	42764
0.0014125	1.1384e+06	37332
0.0014188	1.0651e+06	32538
0.001425	9.9639e+05	28310
0.0014313	9.3229e+05	24594
0.0014375	8.7226e+05	21329
0.0014437	8.1618e+05	18470
0.00145	7.6366e+05	15968
0.0014563	7.1456e+05	13786
0.0014625	6.6859e+05	11883
0.0014688	6.2557e+05	10228
0.001475	5.8532e+05	8791.5
0.0014812	5.4763e+05	7546.2
0.0014875	5.1236e+05	6468.3
0.0014938	4.7933e+05	5537.1
0.0015	4.4842e+05	4733.8
0.0015062	4.1947e+05	4041.9
0.0015125	3.9238e+05	3446.8
0.0015187	3.67e+05	2935.9
0.001525	3.4326e+05	2497.7
0.0015313	3.2101e+05	2122.5
0.0015375	3.0021e+05	1801.5
0.0015437	2.8071e+05	1527.5
0.00155	2.6248e+05	1293.7
0.0015562	2.454e+05	1094.6
0.0015625	2.2943e+05	925.12
0.0015688	2.1446e+05	781.12
0.001575	2.0047e+05	658.86
0.0015812	1.8736e+05	555.2
0.0015875	1.7511e+05	467.39
0.0015937	1.6363e+05	393.08
0.0016	1.5291e+05	330.26
0.0016063	1.4286e+05	277.21
0.0016125	1.3347e+05	232.45
0.0016187	1.2468e+05	194.75
0.001625	1.1647e+05	163
0.0016313	1.0878e+05	136.29
0.0016375	1.0161e+05	113.85
0.0016438	94883	95.012
0.00165	88608	79.209
0.0016562	82733	65.966
0.0016625	77249	54.879
0.0016688	72116	45.605
0.001675	67326	37.856
0.0016813	62844	31.385
0.0016875	58661	25.989
0.0016937	54748	21.492
0.0017	51097	17.748
0.0017063	47682	14.635
0.0017125	44496	12.049
0.0017188	41518	9.9033
0.001725	38739	8.1247
0.0017312	36141	6.6523
0.0017375	33718	5.435
0.0017438	31453	4.4306
0.00175	29341	3.6028
0.0017562	27367	2.9214
0.0017625	25527	2.3614
0.0017687	23807	1.9022
0.001775	22204	1.5269
0.0017813	20706	1.2202
0.0017875	19310	0.97007
0.0017937	18006	0.76691
0.0018	16790	0.60245
0.0018062	15656	0.4698
0.0018125	14598	0.36326
0.0018188	13610	0.27811
0.001825	12689	0.21046
0.0018312	11830	0.15707
0.0018375	11029	0.11527
0.0018437	10282	0.082868
0.00185	9585.3	0.058052
0.0018563	8935.5	0.039337
0.0018625	8329.5	0.025504
0.0018687	7764.5	0.015557
0.001875	7237.7	0.0086776
0.0018812	6746.5	0.0042033
0.0018875	6288.6	0.0015941
0.0018938	5861.6	0.00043539
0.0019	5463.6	0.00030159
0.0019062	5092.6	0.00029462
0.0019125	4746.7	0.00028787
0.0019188	4424.2	0.00028132
0.001925	4123.6	0.00027496
0.0019313	3843.5	0.00026876
0.0019375	3582.3	0.00026271
0.0019437	3338.9	0.00025681
0.00195	3112.1	0.00025104
0.0019563	2900.7	0.00024539
0.0019625	2703.6	0.00023984
0.0019688	2520.1	0.0002344
0.001975	2349	0.00022905
0.0019812	2189.6	0.0002238
0.0019875	2041	0.00021863
0.0019937	1902.7	0.00021353
0.002	1773.8	0.00020852
0.0020062	1653.7	0.00020357
0.0020125	1541.8	0.0001987
0.0020188	1437.7	0.0001939
0.002025	1340.6	0.00018916
0.0020313	1250.3	0.00018449
0.0020375	1166.1	0.00017989
0.0020437	1087.7	0.00017535
0.00205	1014.8	0.00017087
0.0020562	946.84	0.00016646
0.0020625	883.59	0.00016212
0.0020687	824.7	0.00015784
0.002075	769.88	0.00015363
0.0020813	718.83	0.00014949
0.0020875	671.31	0.00014542
0.0020938	627.06	0.00014142
0.0021	585.87	0.00013749
0.0021063	547.51	0.00013363
0.0021125	511.81	0.00012984
0.0021187	478.54	0.00012613
0.002125	447.57	0.0001225
0.0021312	418.72	0.00011894
0.0021375	391.84	0.00011545
0.0021437	366.79	0.00011205
0.00215	343.44	0.00010872
0.0021563	321.67	0.00010547
0.0021625	301.37	0.0001023
0.0021688	282.42	9.9207e-05
0.002175	264.74	9.6196e-05
0.0021813	248.22	9.3265e-05
0.0021875	232.8	9.0415e-05
0.0021937	218.37	8.7644e-05
0.0022	204.88	8.4953e-05
0.0022062	192.24	8.2341e-05
0.0022125	180.41	7.9809e-05
0.0022187	169.31	7.7355e-05
0.002225	158.91	7.4979e-05
0.0022313	149.13	7.2681e-05
0.0022375	139.95	7.0459e-05
0.0022438	131.3	6.8313e-05
0.00225	123.16	6.6241e-05
0.0022563	115.49	6.4243e-05
0.0022625	108.26	6.2318e-05
0.0022687	101.42	6.0465e-05
0.002275	94.96	5.8681e-05
0.0022812	88.845	5.6967e-05
0.0022875	83.059	5.5321e-05
0.0022938	77.57	5.3742e-05
0.0023	72.368	5.2228e-05
0.0023063	67.426	5.0777e-05
0.0023125	62.737	4.939e-05
0.0023188	58.277	4.8064e-05
0.002325	54.04	4.6797e-05
0.0023312	50.009	4.559e-05
0.0023375	46.178	4.4439e-05
0.0023437	42.533	4.3345e-05
0.00235	39.07	4.2305e-05
0.0023562	35.778	4.1318e-05
0.0023625	32.653	4.0384e-05
0.0023688	29.687	3.95e-05
0.002375	26.879	3.8666e-05
0.0023813	24.22	3.7881e-05
0.0023875	21.71	3.7143e-05
0.0023938	19.344	3.6451e-05
0.0024	17.121	3.5804e-05
0.0024062	15.038	3.5202e-05
0.0024125	13.093	3.4643e-05
0.0024187	11.285	3.4127e-05
0.002425	9.6131	3.3652e-05
0.0024312	8.0761	3.3218e-05
0.0024375	6.674	3.2824e-05
0.0024438	5.4055	3.247e-05
0.00245	4.2712	3.2155e-05
0.0024563	3.2701	3.1878e-05
0.0024625	2.4028	3.1639e-05
0.0024688	1.6686	3.1437e-05
0.002475	1.068	3.1273e-05
0.0024812	0.60078	3.1145e-05
0.0024875	0.26703	3.1054e-05
0.0024937	0.066758	3.1e-05
0.0025	0	3.0981e-05
