0	5.188e+09	2.8709e+07
6.25e-06	5.0854e+09	2.8758e+07
1.25e-05	5.0099e+09	2.8728e+07
1.875e-05	4.9209e+09	2.8767e+07
2.5e-05	4.8536e+09	2.8742e+07
3.125e-05	4.7704e+09	2.8763e+07
3.75e-05	4.7071e+09	2.8742e+07
4.375e-05	4.6273e+09	2.8759e+07
5e-05	4.5665e+09	2.874e+07
5.625e-05	4.4892e+09	2.8755e+07
6.25e-05	4.4302e+09	2.8737e+07
6.875e-05	4.3548e+09	2.875e+07
7.5e-05	4.2972e+09	2.8734e+07
8.125e-05	4.2233e+09	2.8745e+07
8.75e-05	4.167e+09	2.873e+07
9.375e-05	4.0944e+09	2.8741e+07
0.0001	4.0391e+09	2.8726e+07
0.00010625	3.9677e+09	2.8735e+07
0.0001125	3.9133e+09	2.8722e+07
0.00011875	3.843e+09	2.873e+07
0.000125	3.7894e+09	2.8717e+07
0.00013125	3.7202e+09	2.8724e+07
0.0001375	3.6674e+09	2.8712e+07
0.00014375	3.5991e+09	2.8718e+07
0.00015	3.5471e+09	2.8706e+07
0.00015625	3.4797e+09	2.8712e+07
0.0001625	3.4284e+09	2.87e+07
0.00016875	3.362e+09	2.8705e+07
0.000175	3.3113e+09	2.8694e+07
0.00018125	3.2458e+09	2.8698e+07
0.0001875	3.1958e+09	2.8687e+07
0.00019375	3.1311e+09	2.8691e+07
0.0002	3.0818e+09	2.868e+07
0.00020625	3.018e+09	2.8683e+07
0.0002125	2.9694e+09	2.8672e+07
0.00021875	2.9065e+09	2.8674e+07
0.000225	2.8584e+09	2.8663e+07
0.00023125	2.7964e+09	2.8665e+07
0.0002375	2.749e+09	2.8654e+07
0.00024375	2.6879e+09	2.8655e+07
0.00025	2.6411e+09	2.8644e+07
0.00025625	2.5809e+09	2.8644e+07
0.0002625	2.5348e+09	2.8633e+07
0.00026875	2.4754e+09	2.8632e+07
0.000275	2.43e+09	2.8622e+07
0.00028125	2.3716e+09	2.862e+07
0.0002875	2.3268e+09	2.8609e+07
0.00029375	2.2692e+09	2.8606e+07
0.0003	2.2251e+09	2.8595e+07
0.00030625	2.1685e+09	2.8592e+07
0.0003125	2.125e+09	2.858e+07
0.00031875	2.0694e+09	2.8576e+07
0.000325	2.0266e+09	2.8564e+07
0.00033125	1.972e+09	2.8558e+07
0.0003375	1.9298e+09	2.8546e+07
0.00034375	1.8762e+09	2.8539e+07
0.00035	1.8348e+09	2.8526e+07
0.00035625	1.7821e+09	2.8518e+07
0.0003625	1.7414e+09	2.8504e+07
0.00036875	1.6897e+09	2.8495e+07
0.000375	1.6497e+09	2.848e+07
0.00038125	1.5991e+09	2.8469e+07
0.0003875	1.5599e+09	2.8453e+07
0.00039375	1.5103e+09	2.844e+07
0.0004	1.4718e+09	2.8423e+07
0.00040625	1.4233e+09	2.8408e+07
0.0004125	1.3856e+09	2.8389e+07
0.00041875	1.3382e+09	2.8372e+07
0.000425	1.3013e+09	2.8351e+07
0.00043125	1.255e+09	2.8332e+07
0.0004375	1.2189e+09	2.8308e+07
0.00044375	1.1738e+09	2.8285e+07
0.00045	1.1384e+09	2.8259e+07
0.00045625	1.0945e+09	2.8233e+07
0.0004625	1.06e+09	2.8203e+07
0.00046875	1.0173e+09	2.8172e+07
0.000475	9.837e+08	2.8138e+07
0.00048125	9.4224e+08	2.8102e+07
0.0004875	9.0948e+08	2.8063e+07
0.00049375	8.6929e+08	2.8021e+07
0.0005	8.3744e+08	2.7975e+07
0.00050625	7.9855e+08	2.7926e+07
0.0005125	7.6764e+08	2.7872e+07
0.00051875	7.3009e+08	2.7814e+07
0.000525	7.0015e+08	2.7749e+07
0.00053125	6.6398e+08	2.768e+07
0.0005375	6.3503e+08	2.7603e+07
0.00054375	6.0028e+08	2.7519e+07
0.00055	5.7237e+08	2.7426e+07
0.00055625	5.391e+08	2.7324e+07
0.0005625	5.1227e+08	2.721e+07
0.00056875	4.8052e+08	2.7084e+07
0.000575	4.5482e+08	2.6944e+07
0.00058125	4.2465e+08	2.6788e+07
0.0005875	4.0013e+08	2.6613e+07
0.00059375	3.7162e+08	2.6417e+07
0.0006	3.4834e+08	2.6196e+07
0.00060625	3.2156e+08	2.5947e+07
0.0006125	2.996e+08	2.5665e+07
0.00061875	2.7466e+08	2.5345e+07
0.000625	2.5409e+08	2.4982e+07
0.00063125	2.3109e+08	2.4569e+07
0.0006375	2.1203e+08	2.4097e+07
0.00064375	1.9109e+08	2.3559e+07
0.00065	1.7365e+08	2.2946e+07
0.00065625	1.5492e+08	2.2247e+07
0.0006625	1.3924e+08	2.1453e+07
0.00066875	1.2286e+08	2.0555e+07
0.000675	1.0908e+08	1.9544e+07
0.00068125	9.5191e+07	1.842e+07
0.0006875	8.3457e+07	1.7179e+07
0.00069375	7.2128e+07	1.5837e+07
0.0007	6.2528e+07	1.4404e+07
0.00070625	5.3711e+07	1.2917e+07
0.0007125	4.6212e+07	1.1401e+07
0.00071875	3.9677e+07	9.9137e+06
0.000725	3.4085e+07	8.4804e+06
0.00073125	2.9431e+07	7.1635e+06
0.0007375	2.5404e+07	5.9695e+06
0.00074375	2.2147e+07	4.9434e+06
0.00075	1.9288e+07	4.0644e+06
0.00075625	1.6984e+07	3.3486e+06
0.0007625	1.4933e+07	2.7555e+06
0.00076875	1.326e+07	2.2812e+06
0.000775	1.1757e+07	1.8891e+06
0.00078125	1.0514e+07	1.5716e+06
0.0007875	9.3885e+06	1.3064e+06
0.00079375	8.4435e+06	1.088e+06
0.0008	7.5838e+06	9.0425e+05
0.00080625	6.8506e+06	7.5154e+05
0.0008125	6.1816e+06	6.2287e+05
0.00081875	5.6029e+06	5.1566e+05
0.000825	5.0735e+06	4.2556e+05
0.00083125	4.6103e+06	3.5059e+05
0.0008375	4.1863e+06	2.8788e+05
0.00084375	3.8115e+06	2.3589e+05
0.00085	3.4684e+06	1.9265e+05
0.00085625	3.1626e+06	1.5698e+05
0.0008625	2.8826e+06	1.275e+05
0.00086875	2.6316e+06	1.0331e+05
0.000875	2.4018e+06	83448
0.00088125	2.1945e+06	67239
0.0008875	2.0047e+06	54024
0.00089375	1.8327e+06	43300
0.0009	1.6753e+06	34612
0.00090625	1.5322e+06	27602
0.0009125	1.4011e+06	21956
0.00091875	1.2817e+06	17426
0.000925	1.1725e+06	13798
0.00093125	1.0727e+06	10903
0.0009375	9.8141e+05	8596
0.00094375	8.9795e+05	6764.1
0.00095	8.2158e+05	5311.9
0.00095625	7.517e+05	4163.9
0.0009625	6.8777e+05	3258
0.00096875	6.2924e+05	2544.9
0.000975	5.757e+05	1984.5
0.00098125	5.2666e+05	1545.1
0.0009875	4.8181e+05	1201.2
0.00099375	4.4072e+05	932.49
0.001	4.0315e+05	722.88
0.0010062	3.6873e+05	559.66
0.0010125	3.3727e+05	432.73
0.0010187	3.0844e+05	334.19
0.001025	2.8209e+05	257.78
0.0010313	2.5795e+05	198.62
0.0010375	2.3589e+05	152.87
0.0010437	2.1569e+05	117.54
0.00105	1.9722e+05	90.288
0.0010562	1.8031e+05	69.288
0.0010625	1.6486e+05	53.125
0.0010688	1.5071e+05	40.697
0.001075	1.3779e+05	31.151
0.0010812	1.2595e+05	23.827
0.0010875	1.1514e+05	18.213
0.0010938	1.0525e+05	13.915
0.0011	96212	10.627
0.0011063	87941	8.112
0.0011125	80385	6.1899
0.0011187	73471	4.7218
0.001125	67156	3.601
0.0011313	61379	2.7462
0.0011375	56101	2.0942
0.0011438	51274	1.5971
0.00115	46864	1.2183
0.0011562	42831	0.92952
0.0011625	39147	0.70949
0.0011688	35778	0.54181
0.001175	32700	0.414
0.0011813	29886	0.31656
0.0011875	27315	0.24225
0.0011937	24964	0.18555
0.0012	22817	0.14226
0.0012063	20853	0.10918
0.0012125	19059	0.083893
0.0012187	17419	0.064535
0.001225	15921	0.049703
0.0012312	14551	0.038327
0.0012375	13300	0.029589
0.0012438	12155	0.022871
0.00125	11110	0.0177
0.0012562	10154	0.013728
0.0012625	9281.3	0.010654
0.0012687	8483	0.0082761
0.001275	7753.8	0.0064348
0.0012813	7087	0.0050076
0.0012875	6477.9	0.0039003
0.0012937	5921	0.0030406
0.0013	5412.2	0.0023726
0.0013062	4946.9	0.0018533
0.0013125	4521.9	0.0014497
0.0013188	4133.3	0.0011361
0.001325	3778.3	0.00089266
0.0013312	3453.7	0.00070389
0.0013375	3157.2	0.00055783
0.0013437	2886	0.00044513
0.00135	2638.3	0.00035851
0.0013563	2411.8	0.00029224
0.0013625	2204.9	0.00024187
0.0013687	2015.7	0.00020388
0.001375	1842.9	0.00017552
0.0013813	1684.9	0.00015482
0.0013875	1540.5	0.0001399
0.0013938	1408.6	0.00012923
0.0014	1288	0.00012184
0.0014062	1177.7	0.00011695
0.0014125	1077	0.00011402
0.0014188	984.98	0.00011268
0.001425	900.86	0.00011239
0.0014313	823.98	0.00011264
0.0014375	753.74	0.00011302
0.0014437	689.53	0.00011322
0.00145	630.87	0.00011322
0.0014563	577.25	0.00011302
0.0014625	528.26	0.00011263
0.0014688	483.48	0.00011206
0.001475	442.56	0.00011133
0.0014812	405.16	0.00011044
0.0014875	370.99	0.0001094
0.0014938	339.76	0.00010822
0.0015	311.21	0.00010692
0.0015062	285.12	0.00010551
0.0015125	261.28	0.00010399
0.0015187	239.48	0.00010237
0.001525	219.56	0.00010068
0.0015313	201.34	9.8901e-05
0.0015375	184.69	9.7062e-05
0.0015437	169.46	9.5165e-05
0.00155	155.54	9.322e-05
0.0015562	142.8	9.1235e-05
0.0015625	131.16	8.9216e-05
0.0015688	120.5	8.7172e-05
0.001575	110.75	8.5108e-05
0.0015812	101.83	8.3031e-05
0.0015875	93.664	8.0946e-05
0.0015937	86.184	7.8859e-05
0.0016	79.343	7.6775e-05
0.0016063	73.069	7.4697e-05
0.0016125	67.328	7.2631e-05
0.0016187	62.059	7.0578e-05
0.001625	57.236	6.8544e-05
0.0016313	52.807	6.6529e-05
0.0016375	48.75	6.4538e-05
0.0016438	45.02	6.2572e-05
0.00165	41.602	6.0634e-05
0.0016562	38.457	5.8724e-05
0.0016625	35.572	5.6845e-05
0.0016688	32.915	5.4997e-05
0.001675	30.476	5.3183e-05
0.0016813	28.227	5.1402e-05
0.0016875	26.16	4.9655e-05
0.0016937	24.253	4.7944e-05
0.0017	22.498	4.6269e-05
0.0017063	20.877	4.4629e-05
0.0017125	19.384	4.3025e-05
0.0017188	18.003	4.1458e-05
0.001725	16.729	3.9928e-05
0.0017312	15.549	3.8434e-05
0.0017375	14.46	3.6976e-05
0.0017438	13.45	3.5555e-05
0.00175	12.516	3.4171e-05
0.0017562	11.65	3.2822e-05
0.0017625	10.847	3.151e-05
0.0017687	10.102	3.0233e-05
0.001775	9.4104	2.8992e-05
0.0017813	8.7682	2.7786e-05
0.0017875	8.1707	2.6615e-05
0.0017937	7.6158	2.5478e-05
0.0018	7.0986	2.4376e-05
0.0018062	6.6182	2.3307e-05
0.0018125	6.1696	2.2272e-05
0.0018188	5.7529	2.1269e-05
0.001825	5.363	2.0299e-05
0.0018312	5.0009	1.9362e-05
0.0018375	4.6616	1.8455e-05
0.0018437	4.3464	1.758e-05
0.00185	4.0506	1.6735e-05
0.0018563	3.7761	1.5921e-05
0.0018625	3.5179	1.5136e-05
0.0018687	3.2784	1.4379e-05
0.001875	3.0529	1.3651e-05
0.0018812	2.844	1.2951e-05
0.0018875	2.6469	1.2278e-05
0.0018938	2.4644	1.1632e-05
0.0019	2.2921	1.1012e-05
0.0019062	2.1328	1.0417e-05
0.0019125	1.9822	9.8473e-06
0.0019188	1.8431	9.3015e-06
0.001925	1.7114	8.7792e-06
0.0019313	1.59	8.2798e-06
0.0019375	1.475	7.8027e-06
0.0019437	1.3692	7.3472e-06
0.00195	1.2688	6.9128e-06
0.0019563	1.1766	6.4987e-06
0.0019625	1.0891	6.1044e-06
0.0019688	1.0089	5.7291e-06
0.001975	0.93272	5.3723e-06
0.0019812	0.86304	5.0334e-06
0.0019875	0.79683	4.7117e-06
0.0019937	0.73641	4.4066e-06
0.002	0.67898	4.1175e-06
0.0020062	0.62668	3.8438e-06
0.0020125	0.57698	3.585e-06
0.0020188	0.53182	3.3404e-06
0.002025	0.4889	3.1094e-06
0.0020313	0.45001	2.8916e-06
0.0020375	0.41305	2.6863e-06
0.0020437	0.37964	2.493e-06
0.00205	0.3479	2.3113e-06
0.0020562	0.31929	2.1405e-06
0.0020625	0.29212	1.9801e-06
0.0020687	0.26769	1.8298e-06
0.002075	0.2445	1.689e-06
0.0020813	0.22372	1.5572e-06
0.0020875	0.20401	1.434e-06
0.0020938	0.18639	1.319e-06
0.0021	0.16969	1.2117e-06
0.0021063	0.15481	1.1118e-06
0.0021125	0.14072	1.0188e-06
0.0021187	0.1282	9.3235e-07
0.002125	0.11636	8.5211e-07
0.0021312	0.10587	7.7772e-07
0.0021375	0.09596	7.0883e-07
0.0021437	0.087216	6.4513e-07
0.00215	0.078957	5.8629e-07
0.0021563	0.071695	5.3202e-07
0.0021625	0.064845	4.8204e-07
0.0021688	0.05884	4.3607e-07
0.002175	0.053184	3.9385e-07
0.0021813	0.048241	3.5514e-07
0.0021875	0.043591	3.1969e-07
0.0021937	0.039538	2.8728e-07
0.0022	0.035732	2.5771e-07
0.0022062	0.032422	2.3076e-07
0.0022125	0.029318	2.0624e-07
0.0022187	0.026624	1.8398e-07
0.002225	0.024102	1.638e-07
0.0022313	0.021915	1.4555e-07
0.0022375	0.01987	1.2906e-07
0.0022438	0.018097	1.1421e-07
0.00225	0.016441	1.0084e-07
0.0022563	0.015004	8.8849e-08
0.0022625	0.013663	7.8108e-08
0.0022687	0.012496	6.8508e-08
0.002275	0.011408	5.9949e-08
0.0022812	0.010456	5.2336e-08
0.0022875	0.0095686	4.5579e-08
0.0022938	0.0087874	3.9598e-08
0.0023	0.008058	3.4318e-08
0.0023063	0.0074107	2.9667e-08
0.0023125	0.0068055	2.5583e-08
0.0023188	0.0062626	2.2005e-08
0.002325	0.0057542	1.8882e-08
0.0023312	0.0052929	1.6164e-08
0.0023375	0.00486	1.3806e-08
0.0023437	0.0044624	1.1766e-08
0.00235	0.0040885	1.0007e-08
0.0023562	0.0037413	8.4959e-09
0.0023625	0.0034144	7.2012e-09
0.0023688	0.0031079	6.0959e-09
0.002375	0.0028193	5.1554e-09
0.0023813	0.0025469	4.358e-09
0.0023875	0.0022906	3.6842e-09
0.0023938	0.002048	3.1168e-09
0.0024	0.0018203	2.6407e-09
0.0024062	0.001605	2.2426e-09
0.0024125	0.0014041	1.9109e-09
0.0024187	0.001215	1.6356e-09
0.002425	0.0010401	1.4078e-09
0.0024312	0.00087707	1.2202e-09
0.0024375	0.00072818	1.0662e-09
0.0024438	0.00059173	9.4049e-10
0.00245	0.00046953	8.3843e-10
0.0024563	0.00036043	7.5619e-10
0.0024625	0.00026578	6.906e-10
0.0024688	0.00018491	6.3908e-10
0.002475	0.00011869	5.9954e-10
0.0024812	6.6826e-05	5.7037e-10
0.0024875	2.9759e-05	5.5036e-10
0.0024937	7.4398e-06	5.3869e-10
0.0025	0	5.3485e-10
