0	4.7209e+09	2.4723e+07
6.25e-06	4.6323e+09	2.4767e+07
1.25e-05	4.5671e+09	2.4742e+07
1.875e-05	4.49e+09	2.4775e+07
2.5e-05	4.4317e+09	2.4753e+07
3.125e-05	4.3593e+09	2.477e+07
3.75e-05	4.3043e+09	2.4752e+07
4.375e-05	4.2348e+09	2.4765e+07
5e-05	4.182e+09	2.4748e+07
5.625e-05	4.1145e+09	2.4759e+07
6.25e-05	4.0632e+09	2.4744e+07
6.875e-05	3.9973e+09	2.4754e+07
7.5e-05	3.9472e+09	2.474e+07
8.125e-05	3.8826e+09	2.4748e+07
8.75e-05	3.8335e+09	2.4734e+07
9.375e-05	3.7701e+09	2.4742e+07
0.0001	3.7218e+09	2.4729e+07
0.00010625	3.6594e+09	2.4736e+07
0.0001125	3.6119e+09	2.4723e+07
0.00011875	3.5505e+09	2.4729e+07
0.000125	3.5037e+09	2.4717e+07
0.00013125	3.4431e+09	2.4722e+07
0.0001375	3.397e+09	2.471e+07
0.00014375	3.3372e+09	2.4715e+07
0.00015	3.2917e+09	2.4703e+07
0.00015625	3.2327e+09	2.4707e+07
0.0001625	3.1878e+09	2.4695e+07
0.00016875	3.1296e+09	2.4699e+07
0.000175	3.0852e+09	2.4687e+07
0.00018125	3.0278e+09	2.469e+07
0.0001875	2.984e+09	2.4679e+07
0.00019375	2.9273e+09	2.4681e+07
0.0002	2.8841e+09	2.467e+07
0.00020625	2.8281e+09	2.4671e+07
0.0002125	2.7854e+09	2.466e+07
0.00021875	2.7301e+09	2.4661e+07
0.000225	2.688e+09	2.465e+07
0.00023125	2.6334e+09	2.465e+07
0.0002375	2.5918e+09	2.4639e+07
0.00024375	2.538e+09	2.4638e+07
0.00025	2.4969e+09	2.4627e+07
0.00025625	2.4439e+09	2.4626e+07
0.0002625	2.4033e+09	2.4614e+07
0.00026875	2.351e+09	2.4612e+07
0.000275	2.311e+09	2.4601e+07
0.00028125	2.2594e+09	2.4598e+07
0.0002875	2.2199e+09	2.4587e+07
0.00029375	2.169e+09	2.4583e+07
0.0003	2.1301e+09	2.4571e+07
0.00030625	2.08e+09	2.4566e+07
0.0003125	2.0416e+09	2.4554e+07
0.00031875	1.9923e+09	2.4549e+07
0.000325	1.9545e+09	2.4536e+07
0.00033125	1.9059e+09	2.453e+07
0.0003375	1.8687e+09	2.4517e+07
0.00034375	1.8209e+09	2.4509e+07
0.00035	1.7842e+09	2.4496e+07
0.00035625	1.7373e+09	2.4487e+07
0.0003625	1.7012e+09	2.4473e+07
0.00036875	1.6551e+09	2.4462e+07
0.000375	1.6195e+09	2.4448e+07
0.00038125	1.5743e+09	2.4436e+07
0.0003875	1.5393e+09	2.442e+07
0.00039375	1.4949e+09	2.4407e+07
0.0004	1.4605e+09	2.439e+07
0.00040625	1.417e+09	2.4375e+07
0.0004125	1.3832e+09	2.4357e+07
0.00041875	1.3406e+09	2.4341e+07
0.000425	1.3075e+09	2.4321e+07
0.00043125	1.2657e+09	2.4302e+07
0.0004375	1.2333e+09	2.428e+07
0.00044375	1.1924e+09	2.4259e+07
0.00045	1.1606e+09	2.4235e+07
0.00045625	1.1207e+09	2.4212e+07
0.0004625	1.0896e+09	2.4185e+07
0.00046875	1.0507e+09	2.4158e+07
0.000475	1.0202e+09	2.4129e+07
0.00048125	9.8226e+08	2.4099e+07
0.0004875	9.5247e+08	2.4065e+07
0.00049375	9.1556e+08	2.4031e+07
0.0005	8.8649e+08	2.3993e+07
0.00050625	8.506e+08	2.3954e+07
0.0005125	8.2227e+08	2.3912e+07
0.00051875	7.8744e+08	2.3867e+07
0.000525	7.5986e+08	2.3818e+07
0.00053125	7.2612e+08	2.3766e+07
0.0005375	6.9932e+08	2.371e+07
0.00054375	6.6668e+08	2.365e+07
0.00055	6.4068e+08	2.3585e+07
0.00055625	6.0919e+08	2.3515e+07
0.0005625	5.8402e+08	2.3439e+07
0.00056875	5.5371e+08	2.3356e+07
0.000575	5.2939e+08	2.3267e+07
0.00058125	5.003e+08	2.3169e+07
0.0005875	4.7687e+08	2.3062e+07
0.00059375	4.4903e+08	2.2946e+07
0.0006	4.2653e+08	2.2818e+07
0.00060625	3.9999e+08	2.2677e+07
0.0006125	3.7847e+08	2.2523e+07
0.00061875	3.5328e+08	2.2352e+07
0.000625	3.3277e+08	2.2163e+07
0.00063125	3.0899e+08	2.1954e+07
0.0006375	2.8955e+08	2.1721e+07
0.00064375	2.6726e+08	2.1461e+07
0.00065	2.4894e+08	2.1172e+07
0.00065625	2.2821e+08	2.0849e+07
0.0006625	2.1109e+08	2.0486e+07
0.00066875	1.9201e+08	2.008e+07
0.000675	1.7618e+08	1.9624e+07
0.00068125	1.5885e+08	1.9112e+07
0.0006875	1.444e+08	1.8538e+07
0.00069375	1.2893e+08	1.7897e+07
0.0007	1.1596e+08	1.718e+07
0.00070625	1.0246e+08	1.6384e+07
0.0007125	9.1096e+07	1.5505e+07
0.00071875	7.9652e+07	1.4545e+07
0.000725	6.9981e+07	1.3505e+07
0.00073125	6.0634e+07	1.2398e+07
0.0007375	5.2709e+07	1.1235e+07
0.00074375	4.5399e+07	1.0045e+07
0.00075	3.918e+07	8.8448e+06
0.00075625	3.3716e+07	7.6785e+06
0.0007625	2.9042e+07	6.5617e+06
0.00076875	2.5107e+07	5.5386e+06
0.000775	2.171e+07	4.6131e+06
0.00078125	1.8927e+07	3.8163e+06
0.0007875	1.6494e+07	3.1339e+06
0.00079375	1.451e+07	2.5762e+06
0.0008	1.2755e+07	2.1153e+06
0.00080625	1.1306e+07	1.7464e+06
0.0008125	1.0014e+07	1.4435e+06
0.00081875	8.9335e+06	1.1984e+06
0.000825	7.964e+06	9.9537e+05
0.00083125	7.1422e+06	8.2821e+05
0.0008375	6.3997e+06	6.879e+05
0.00084375	5.7621e+06	5.7163e+05
0.00085	5.1841e+06	4.7355e+05
0.00085625	4.6815e+06	3.9208e+05
0.0008625	4.2248e+06	3.2349e+05
0.00086875	3.8241e+06	2.6656e+05
0.000875	3.4595e+06	2.1887e+05
0.00088125	3.1372e+06	1.7938e+05
0.0008875	2.8438e+06	1.465e+05
0.00089375	2.5823e+06	1.1938e+05
0.0009	2.3442e+06	96938
0.00090625	2.1305e+06	78524
0.0009125	1.936e+06	63396
0.00091875	1.7605e+06	51051
0.000925	1.6009e+06	40981
0.00093125	1.4564e+06	32811
0.0009375	1.3249e+06	26192
0.00094375	1.2055e+06	20854
0.00095	1.0969e+06	16558
0.00095625	9.982e+05	13115
0.0009625	9.0836e+05	10360
0.00096875	8.2655e+05	8164.8
0.000975	7.5214e+05	6419.1
0.00098125	6.8431e+05	5035.4
0.0009875	6.2264e+05	3941.1
0.00099375	5.6638e+05	3078.2
0.001	5.1525e+05	2399.3
0.0010062	4.686e+05	1866.5
0.0010125	4.262e+05	1449.2
0.0010187	3.8752e+05	1123.3
0.001025	3.5237e+05	869.12
0.0010313	3.2031e+05	671.39
0.0010375	2.9119e+05	517.8
0.0010437	2.6463e+05	398.77
0.00105	2.4051e+05	306.65
0.0010562	2.1852e+05	235.5
0.0010625	1.9855e+05	180.62
0.0010688	1.8036e+05	138.36
0.001075	1.6384e+05	105.87
0.0010812	1.4879e+05	80.918
0.0010875	1.3514e+05	61.78
0.0010938	1.227e+05	47.119
0.0011	1.1142e+05	35.901
0.0011063	1.0115e+05	27.335
0.0011125	91833	20.803
0.0011187	83355	15.822
0.001125	75664	12.029
0.0011313	68669	9.1419
0.0011375	62325	6.9464
0.0011438	56556	5.2779
0.00115	51325	4.0112
0.0011562	46570	3.0496
0.0011625	42258	2.3198
0.0011688	38340	1.7661
0.001175	34787	1.346
0.0011813	31560	1.0271
0.0011875	28634	0.78506
0.0011937	25976	0.60116
0.0012	23567	0.46134
0.0012063	21379	0.35493
0.0012125	19396	0.27382
0.0012187	17595	0.2119
0.001225	15963	0.16454
0.0012312	14482	0.12824
0.0012375	13139	0.10034
0.0012438	11920	0.07883
0.00125	10816	0.062199
0.0012562	9813.4	0.049294
0.0012625	8904.9	0.039241
0.0012687	8080.5	0.03138
0.001275	7333.3	0.025207
0.0012813	6655.5	0.020339
0.0012875	6041	0.016486
0.0012937	5483.7	0.013427
0.0013	4978.5	0.011
0.0013062	4520.2	0.0092392
0.0013125	4104.8	0.0078475
0.0013188	3728	0.0065785
0.001325	3386.5	0.005532
0.0013312	3076.7	0.0046706
0.0013375	2795.9	0.0039601
0.0013437	2541.1	0.0033722
0.00135	2310.2	0.0028842
0.0013563	2100.8	0.0024782
0.0013625	1910.9	0.0021393
0.0013687	1738.6	0.0018557
0.001375	1582.4	0.0016249
0.0013813	1440.7	0.0014317
0.0013875	1312.2	0.001268
0.0013938	1195.7	0.001129
0.0014	1089.9	0.0010106
0.0014062	994	0.0009097
0.0014125	906.99	0.0008234
0.0014188	828.02	0.00074945
0.001425	756.38	0.00068595
0.0014313	691.34	0.00063129
0.0014375	632.33	0.00058412
0.0014437	578.74	0.0005433
0.00145	530.1	0.00050787
0.0014563	485.92	0.00047702
0.0014625	445.8	0.00045005
0.0014688	409.35	0.00042639
0.001475	376.24	0.00040555
0.0014812	346.13	0.00038723
0.0014875	318.78	0.00037102
0.0014938	293.89	0.00035647
0.0015	271.26	0.00034335
0.0015062	250.66	0.00033146
0.0015125	231.91	0.00032063
0.0015187	214.83	0.00031071
0.001525	199.27	0.0003016
0.0015313	185.09	0.00029318
0.0015375	172.16	0.00028538
0.0015437	160.35	0.00027812
0.00155	149.57	0.00027134
0.0015562	139.72	0.000265
0.0015625	130.72	0.00025905
0.0015688	122.48	0.00025349
0.001575	114.94	0.00024827
0.0015812	108.02	0.00024335
0.0015875	101.68	0.00023869
0.0015937	95.853	0.00023427
0.0016	90.501	0.00023006
0.0016063	85.574	0.00022604
0.0016125	81.037	0.00022217
0.0016187	76.851	0.00021846
0.001625	72.988	0.00021489
0.0016313	69.415	0.00021147
0.0016375	66.107	0.00020818
0.0016438	63.041	0.00020502
0.00165	60.194	0.00020198
0.0016562	57.547	0.00019905
0.0016625	55.082	0.00019623
0.0016688	52.784	0.00019351
0.001675	50.636	0.00019087
0.0016813	48.628	0.00018833
0.0016875	46.744	0.00018585
0.0016937	44.978	0.00018344
0.0017	43.315	0.0001811
0.0017063	41.752	0.00017881
0.0017125	40.275	0.00017658
0.0017188	38.881	0.00017438
0.001725	37.56	0.00017223
0.0017312	36.31	0.00017011
0.0017375	35.121	0.00016803
0.0017438	33.992	0.00016597
0.00175	32.915	0.00016395
0.0017562	31.89	0.00016194
0.0017625	30.909	0.00015995
0.0017687	29.973	0.00015799
0.001775	29.073	0.00015604
0.0017813	28.213	0.00015411
0.0017875	27.385	0.00015219
0.0017937	26.591	0.00015028
0.0018	25.824	0.00014839
0.0018062	25.089	0.00014652
0.0018125	24.376	0.00014465
0.0018188	23.69	0.0001428
0.001825	23.025	0.00014096
0.0018312	22.384	0.00013913
0.0018375	21.761	0.00013732
0.0018437	21.16	0.00013551
0.00185	20.575	0.00013372
0.0018563	20.01	0.00013195
0.0018625	19.458	0.00013018
0.0018687	18.925	0.00012843
0.001875	18.404	0.0001267
0.0018812	17.9	0.00012498
0.0018875	17.407	0.00012327
0.0018938	16.93	0.00012158
0.0019	16.462	0.00011991
0.0019062	16.01	0.00011825
0.0019125	15.565	0.00011661
0.0019188	15.135	0.00011499
0.001925	14.713	0.00011338
0.0019313	14.303	0.00011179
0.0019375	13.901	0.00011022
0.0019437	13.511	0.00010867
0.00195	13.128	0.00010714
0.0019563	12.757	0.00010562
0.0019625	12.391	0.00010413
0.0019688	12.037	0.00010265
0.001975	11.688	0.0001012
0.0019812	11.349	9.9762e-05
0.0019875	11.016	9.8348e-05
0.0019937	10.693	9.6954e-05
0.002	10.375	9.558e-05
0.0020062	10.066	9.4227e-05
0.0020125	9.7625	9.2895e-05
0.0020188	9.4674	9.1584e-05
0.002025	9.1771	9.0295e-05
0.0020313	8.8951	8.9026e-05
0.0020375	8.6177	8.7778e-05
0.0020437	8.3481	8.6552e-05
0.00205	8.0831	8.5346e-05
0.0020562	7.8254	8.4162e-05
0.0020625	7.5722	8.2999e-05
0.0020687	7.326	8.1857e-05
0.002075	7.0841	8.0737e-05
0.0020813	6.8489	7.9637e-05
0.0020875	6.6179	7.8558e-05
0.0020938	6.3932	7.75e-05
0.0021	6.1726	7.6463e-05
0.0021063	5.9582	7.5446e-05
0.0021125	5.7477	7.445e-05
0.0021187	5.543	7.3475e-05
0.002125	5.3422	7.252e-05
0.0021312	5.1471	7.1585e-05
0.0021375	4.9556	7.067e-05
0.0021437	4.7696	6.9775e-05
0.00215	4.5872	6.89e-05
0.0021563	4.4101	6.8044e-05
0.0021625	4.2365	6.7208e-05
0.0021688	4.0679	6.6391e-05
0.002175	3.9028	6.5593e-05
0.0021813	3.7425	6.4814e-05
0.0021875	3.5856	6.4054e-05
0.0021937	3.4334	6.3313e-05
0.0022	3.2845	6.259e-05
0.0022062	3.1401	6.1885e-05
0.0022125	2.9989	6.1198e-05
0.0022187	2.8621	6.053e-05
0.002225	2.7285	5.9879e-05
0.0022313	2.5991	5.9245e-05
0.0022375	2.4729	5.8629e-05
0.0022438	2.3506	5.803e-05
0.00225	2.2315	5.7448e-05
0.0022563	2.1163	5.6883e-05
0.0022625	2.0042	5.6335e-05
0.0022687	1.8958	5.5803e-05
0.002275	1.7905	5.5288e-05
0.0022812	1.6888	5.4789e-05
0.0022875	1.5901	5.4305e-05
0.0022938	1.4949	5.3838e-05
0.0023	1.4027	5.3387e-05
0.0023063	1.3139	5.2951e-05
0.0023125	1.2281	5.253e-05
0.0023188	1.1455	5.2125e-05
0.002325	1.0659	5.1734e-05
0.0023312	0.98948	5.1359e-05
0.0023375	0.91593	5.0999e-05
0.0023437	0.84554	5.0653e-05
0.00235	0.77798	5.0322e-05
0.0023562	0.7135	5.0006e-05
0.0023625	0.65182	4.9703e-05
0.0023688	0.59316	4.9415e-05
0.002375	0.53726	4.9142e-05
0.0023813	0.48433	4.8882e-05
0.0023875	0.43414	4.8636e-05
0.0023938	0.38685	4.8404e-05
0.0024	0.34228	4.8186e-05
0.0024062	0.30057	4.7981e-05
0.0024125	0.26156	4.779e-05
0.0024187	0.22536	4.7613e-05
0.002425	0.19185	4.7448e-05
0.0024312	0.16111	4.7298e-05
0.0024375	0.13304	4.716e-05
0.0024438	0.10771	4.7036e-05
0.00245	0.08505	4.6925e-05
0.0024563	0.065092	4.6827e-05
0.0024625	0.047798	4.6743e-05
0.0024688	0.033185	4.6671e-05
0.002475	0.02123	4.6613e-05
0.0024812	0.01194	4.6567e-05
0.0024875	0.0053055	4.6535e-05
0.0024937	0.0013264	4.6515e-05
0.0025	0	4.6509e-05
