0	9.0302e+09	1.0599e+08
6.25e-06	8.8219e+09	1.0601e+08
1.25e-05	8.6499e+09	1.0601e+08
1.875e-05	8.4614e+09	1.0602e+08
2.5e-05	8.3042e+09	1.0602e+08
3.125e-05	8.1271e+09	1.0602e+08
3.75e-05	7.979e+09	1.0602e+08
4.375e-05	7.8098e+09	1.0602e+08
5e-05	7.6681e+09	1.0602e+08
5.625e-05	7.5049e+09	1.0602e+08
6.25e-05	7.3682e+09	1.0601e+08
6.875e-05	7.2099e+09	1.0601e+08
7.5e-05	7.0773e+09	1.0601e+08
8.125e-05	6.9232e+09	1.0601e+08
8.75e-05	6.7941e+09	1.06e+08
9.375e-05	6.6437e+09	1.06e+08
0.0001	6.5177e+09	1.06e+08
0.00010625	6.3706e+09	1.06e+08
0.0001125	6.2475e+09	1.0599e+08
0.00011875	6.1035e+09	1.0599e+08
0.000125	5.983e+09	1.0599e+08
0.00013125	5.842e+09	1.0598e+08
0.0001375	5.724e+09	1.0598e+08
0.00014375	5.5857e+09	1.0597e+08
0.00015	5.4701e+09	1.0597e+08
0.00015625	5.3346e+09	1.0596e+08
0.0001625	5.2212e+09	1.0596e+08
0.00016875	5.0884e+09	1.0595e+08
0.000175	4.9773e+09	1.0595e+08
0.00018125	4.8471e+09	1.0594e+08
0.0001875	4.7382e+09	1.0593e+08
0.00019375	4.6106e+09	1.0592e+08
0.0002	4.5038e+09	1.0592e+08
0.00020625	4.3789e+09	1.0591e+08
0.0002125	4.2743e+09	1.059e+08
0.00021875	4.152e+09	1.0589e+08
0.000225	4.0495e+09	1.0588e+08
0.00023125	3.9299e+09	1.0587e+08
0.0002375	3.8295e+09	1.0585e+08
0.00024375	3.7125e+09	1.0584e+08
0.00025	3.6144e+09	1.0583e+08
0.00025625	3.5e+09	1.0581e+08
0.0002625	3.404e+09	1.0579e+08
0.00026875	3.2925e+09	1.0578e+08
0.000275	3.1987e+09	1.0575e+08
0.00028125	3.0898e+09	1.0573e+08
0.0002875	2.9983e+09	1.0571e+08
0.00029375	2.8922e+09	1.0568e+08
0.0003	2.8029e+09	1.0565e+08
0.00030625	2.6997e+09	1.0562e+08
0.0003125	2.6127e+09	1.0559e+08
0.00031875	2.5124e+09	1.0555e+08
0.000325	2.4277e+09	1.0551e+08
0.00033125	2.3304e+09	1.0546e+08
0.0003375	2.2481e+09	1.0541e+08
0.00034375	2.1538e+09	1.0536e+08
0.00035	2.0739e+09	1.0529e+08
0.00035625	1.9827e+09	1.0522e+08
0.0003625	1.9053e+09	1.0515e+08
0.00036875	1.8172e+09	1.0506e+08
0.000375	1.7424e+09	1.0496e+08
0.00038125	1.6576e+09	1.0485e+08
0.0003875	1.5853e+09	1.0472e+08
0.00039375	1.5039e+09	1.0458e+08
0.0004	1.4344e+09	1.0442e+08
0.00040625	1.3564e+09	1.0424e+08
0.0004125	1.2897e+09	1.0403e+08
0.00041875	1.2152e+09	1.0379e+08
0.000425	1.1514e+09	1.0352e+08
0.00043125	1.0807e+09	1.0321e+08
0.0004375	1.0199e+09	1.0284e+08
0.00044375	9.5307e+08	1.0243e+08
0.00045	8.9548e+08	1.0194e+08
0.00045625	8.3266e+08	1.0138e+08
0.0004625	7.7841e+08	1.0073e+08
0.00046875	7.1984e+08	9.997e+07
0.000475	6.6911e+08	9.9086e+07
0.00048125	6.1499e+08	9.8054e+07
0.0004875	5.6798e+08	9.6851e+07
0.00049375	5.1856e+08	9.5449e+07
0.0005	4.7551e+08	9.3817e+07
0.00050625	4.3103e+08	9.1925e+07
0.0005125	3.9216e+08	8.9737e+07
0.00051875	3.5287e+08	8.7225e+07
0.000525	3.1842e+08	8.4356e+07
0.00053125	2.8449e+08	8.1117e+07
0.0005375	2.5465e+08	7.7491e+07
0.00054375	2.2616e+08	7.3499e+07
0.00055	2.0101e+08	6.9152e+07
0.00055625	1.778e+08	6.4528e+07
0.0005625	1.5725e+08	5.9669e+07
0.00056875	1.3893e+08	5.4707e+07
0.000575	1.2263e+08	4.9701e+07
0.00058125	1.0855e+08	4.4813e+07
0.0005875	9.5926e+07	4.0079e+07
0.00059375	8.5304e+07	3.5644e+07
0.0006	7.5676e+07	3.1495e+07
0.00060625	6.7715e+07	2.7729e+07
0.0006125	6.0433e+07	2.4285e+07
0.00061875	5.4461e+07	2.1222e+07
0.000625	4.8953e+07	1.8459e+07
0.00063125	4.4427e+07	1.603e+07
0.0006375	4.0218e+07	1.3864e+07
0.00064375	3.6742e+07	1.1973e+07
0.00065	3.3492e+07	1.0301e+07
0.00065625	3.078e+07	8.8487e+06
0.0006625	2.8235e+07	7.5744e+06
0.00066875	2.6087e+07	6.4722e+06
0.000675	2.4063e+07	5.5128e+06
0.00068125	2.2336e+07	4.6861e+06
0.0006875	2.0704e+07	3.9715e+06
0.00069375	1.9292e+07	3.3588e+06
0.0007	1.7956e+07	2.8329e+06
0.00070625	1.6782e+07	2.3844e+06
0.0007125	1.5672e+07	2.0019e+06
0.00071875	1.4684e+07	1.6774e+06
0.000725	1.375e+07	1.4023e+06
0.00073125	1.291e+07	1.1701e+06
0.0007375	1.2115e+07	9.7422e+05
0.00074375	1.1393e+07	8.0971e+05
0.00075	1.071e+07	6.7163e+05
0.00075625	1.0085e+07	5.5619e+05
0.0007625	9.4936e+06	4.5974e+05
0.00076875	8.9483e+06	3.7945e+05
0.000775	8.4323e+06	3.1265e+05
0.00078125	7.954e+06	2.5726e+05
0.0007875	7.5015e+06	2.1136e+05
0.00079375	7.0802e+06	1.7343e+05
0.0008	6.6816e+06	1.4211e+05
0.00080625	6.3091e+06	1.1631e+05
0.0008125	5.9567e+06	95082
0.00081875	5.6265e+06	77644
0.000825	5.3142e+06	63334
0.00083125	5.0208e+06	51612
0.0008375	4.7434e+06	42017
0.00084375	4.4824e+06	34177
0.00085	4.2356e+06	27774
0.00085625	4.0031e+06	22554
0.0008625	3.7832e+06	18299
0.00086875	3.5759e+06	14837
0.000875	3.3799e+06	12021
0.00088125	3.1949e+06	9732.8
0.0008875	3.02e+06	7875.1
0.00089375	2.8549e+06	6368.2
0.0009	2.6988e+06	5146.6
0.00090625	2.5513e+06	4157
0.0009125	2.4119e+06	3355.9
0.00091875	2.2802e+06	2707.8
0.000925	2.1557e+06	2183.8
0.00093125	2.038e+06	1760.4
0.0009375	1.9267e+06	1418.4
0.00094375	1.8216e+06	1142.4
0.00095	1.7221e+06	919.74
0.00095625	1.6282e+06	740.17
0.0009625	1.5393e+06	595.44
0.00096875	1.4553e+06	478.83
0.000975	1.3759e+06	384.93
0.00098125	1.3009e+06	309.34
0.0009875	1.2299e+06	248.51
0.00099375	1.1628e+06	199.58
0.001	1.0994e+06	160.24
0.0010062	1.0394e+06	128.61
0.0010125	9.827e+05	103.2
0.0010187	9.291e+05	82.789
0.001025	8.7842e+05	66.397
0.0010313	8.305e+05	53.236
0.0010375	7.852e+05	42.674
0.0010437	7.4237e+05	34.199
0.00105	7.0188e+05	27.401
0.0010562	6.6359e+05	21.95
0.0010625	6.274e+05	17.579
0.0010688	5.9318e+05	14.075
0.001075	5.6082e+05	11.268
0.0010812	5.3023e+05	9.018
0.0010875	5.0131e+05	7.2162
0.0010938	4.7396e+05	5.7732
0.0011	4.4811e+05	4.6179
0.0011063	4.2367e+05	3.693
0.0011125	4.0056e+05	2.9528
0.0011187	3.7871e+05	2.3605
0.001125	3.5805e+05	1.8867
0.0011313	3.3852e+05	1.5076
0.0011375	3.2005e+05	1.2045
0.0011438	3.026e+05	0.96218
0.00115	2.8609e+05	0.76844
0.0011562	2.7048e+05	0.61359
0.0011625	2.5573e+05	0.48985
0.0011688	2.4178e+05	0.39099
0.001175	2.2859e+05	0.31201
0.0011813	2.1612e+05	0.24893
0.0011875	2.0433e+05	0.19855
0.0011937	1.9318e+05	0.15832
0.0012	1.8264e+05	0.12621
0.0012063	1.7268e+05	0.10058
0.0012125	1.6325e+05	0.080127
0.0012187	1.5435e+05	0.06382
0.001225	1.4592e+05	0.05082
0.0012312	1.3796e+05	0.040458
0.0012375	1.3043e+05	0.032199
0.0012438	1.2332e+05	0.025617
0.00125	1.1659e+05	0.020374
0.0012562	1.1023e+05	0.016199
0.0012625	1.0421e+05	0.012875
0.0012687	98523	0.010229
0.001275	93146	0.0081233
0.0012813	88062	0.0064486
0.0012875	83256	0.0051171
0.0012937	78711	0.0040586
0.0013	74415	0.0032175
0.0013062	70352	0.0025494
0.0013125	66512	0.002019
0.0013188	62881	0.001598
0.001325	59447	0.001264
0.0013312	56202	0.00099916
0.0013375	53133	0.00078927
0.0013437	50231	0.000623
0.00135	47488	0.00049136
0.0013563	44895	0.0003872
0.0013625	42443	0.00030484
0.0013687	40124	0.00023976
0.001375	37932	0.00018837
0.0013813	35860	0.00014783
0.0013875	33901	0.00011586
0.0013938	32049	9.069e-05
0.0014	30297	7.0883e-05
0.0014062	28642	5.5316e-05
0.0014125	27076	4.3095e-05
0.0014188	25597	3.3512e-05
0.001425	24197	2.6006e-05
0.0014313	22874	2.0131e-05
0.0014375	21624	1.5547e-05
0.0014437	20441	1.1986e-05
0.00145	19324	9.2256e-06
0.0014563	18267	7.0917e-06
0.0014625	17268	5.4473e-06
0.0014688	16323	4.1848e-06
0.001475	15430	3.2193e-06
0.0014812	14586	2.4847e-06
0.0014875	13788	1.9286e-06
0.0014938	13033	1.5105e-06
0.0015	12320	1.1984e-06
0.0015062	11645	9.6751e-07
0.0015125	11008	7.9844e-07
0.0015187	10405	6.762e-07
0.001525	9835.1	5.8916e-07
0.0015313	9296.4	5.2837e-07
0.0015375	8787.2	4.8695e-07
0.0015437	8305.8	4.5975e-07
0.00155	7850.6	4.4262e-07
0.0015562	7420.4	4.3244e-07
0.0015625	7013.7	4.2698e-07
0.0015688	6629.2	4.2457e-07
0.001575	6265.8	4.2397e-07
0.0015812	5922.2	4.243e-07
0.0015875	5597.4	4.2491e-07
0.0015937	5290.4	4.2538e-07
0.0016	5000.2	4.2539e-07
0.0016063	4725.9	4.2477e-07
0.0016125	4466.6	4.2341e-07
0.0016187	4221.5	4.2124e-07
0.001625	3989.7	4.1829e-07
0.0016313	3770.7	4.1459e-07
0.0016375	3563.7	4.102e-07
0.0016438	3368.1	4.0517e-07
0.00165	3183.1	3.9955e-07
0.0016562	3008.3	3.9342e-07
0.0016625	2843	3.8681e-07
0.0016688	2686.9	3.7978e-07
0.001675	2539.3	3.7237e-07
0.0016813	2399.8	3.6464e-07
0.0016875	2267.9	3.5662e-07
0.0016937	2143.3	3.4836e-07
0.0017	2025.5	3.399e-07
0.0017063	1914.2	3.3128e-07
0.0017125	1809	3.2252e-07
0.0017188	1709.6	3.1368e-07
0.001725	1615.6	3.0477e-07
0.0017312	1526.8	2.9582e-07
0.0017375	1442.9	2.8688e-07
0.0017438	1363.6	2.7795e-07
0.00175	1288.7	2.6906e-07
0.0017562	1217.9	2.6023e-07
0.0017625	1151	2.5148e-07
0.0017687	1087.8	2.4283e-07
0.001775	1028.1	2.3429e-07
0.0017813	971.64	2.2589e-07
0.0017875	918.33	2.1763e-07
0.0017937	867.94	2.0953e-07
0.0018	820.34	2.0158e-07
0.0018062	775.37	1.938e-07
0.0018125	732.89	1.8621e-07
0.0018188	692.74	1.788e-07
0.001825	654.83	1.7158e-07
0.0018312	619	1.6455e-07
0.0018375	585.17	1.5771e-07
0.0018437	553.2	1.5108e-07
0.00185	523.01	1.4465e-07
0.0018563	494.49	1.3841e-07
0.0018625	467.56	1.3238e-07
0.0018687	442.1	1.2655e-07
0.001875	418.08	1.2091e-07
0.0018812	395.37	1.1547e-07
0.0018875	373.94	1.1023e-07
0.0018938	353.69	1.0517e-07
0.0019	334.57	1.0031e-07
0.0019062	316.51	9.5628e-08
0.0019125	299.46	9.1126e-08
0.0019188	283.35	8.6805e-08
0.001925	268.14	8.2656e-08
0.0019313	253.77	7.8679e-08
0.0019375	240.21	7.4863e-08
0.0019437	227.39	7.1205e-08
0.00195	215.3	6.7707e-08
0.0019563	203.87	6.4359e-08
0.0019625	193.08	6.1154e-08
0.0019688	182.88	5.8092e-08
0.001975	173.26	5.5168e-08
0.0019812	164.17	5.2375e-08
0.0019875	155.58	4.9709e-08
0.0019937	147.46	4.7165e-08
0.002	139.81	4.4742e-08
0.0020062	132.56	4.243e-08
0.0020125	125.72	4.0228e-08
0.0020188	119.25	3.8132e-08
0.002025	113.15	3.6137e-08
0.0020313	107.37	3.4239e-08
0.0020375	101.91	3.2433e-08
0.0020437	96.742	3.0717e-08
0.00205	91.863	2.9084e-08
0.0020562	87.24	2.7535e-08
0.0020625	82.874	2.6062e-08
0.0020687	78.734	2.4664e-08
0.002075	74.822	2.3339e-08
0.0020813	71.112	2.208e-08
0.0020875	67.603	2.0886e-08
0.0020938	64.273	1.9756e-08
0.0021	61.122	1.8683e-08
0.0021063	58.128	1.7666e-08
0.0021125	55.294	1.6704e-08
0.0021187	52.599	1.5793e-08
0.002125	50.044	1.493e-08
0.0021312	47.614	1.4119e-08
0.0021375	45.307	1.3354e-08
0.0021437	43.111	1.2629e-08
0.00215	41.024	1.1944e-08
0.0021563	39.035	1.1297e-08
0.0021625	37.143	1.0685e-08
0.0021688	35.337	1.0107e-08
0.002175	33.617	9.5608e-09
0.0021813	31.974	9.0449e-09
0.0021875	30.407	8.5579e-09
0.0021937	28.908	8.0984e-09
0.0022	27.477	7.6648e-09
0.0022062	26.107	7.2559e-09
0.0022125	24.797	6.8703e-09
0.0022187	23.54	6.5066e-09
0.002225	22.338	6.1638e-09
0.0022313	21.184	5.8408e-09
0.0022375	20.079	5.5367e-09
0.0022438	19.017	5.2505e-09
0.00225	17.998	4.9805e-09
0.0022563	17.019	4.7271e-09
0.0022625	16.079	4.4883e-09
0.0022687	15.175	4.2638e-09
0.002275	14.306	4.0528e-09
0.0022812	13.471	3.8542e-09
0.0022875	12.668	3.6678e-09
0.0022938	11.896	3.493e-09
0.0023	11.154	3.3284e-09
0.0023063	10.44	3.1743e-09
0.0023125	9.7544	3.0297e-09
0.0023188	9.0955	2.8942e-09
0.002325	8.4633	2.7677e-09
0.0023312	7.8562	2.6488e-09
0.0023375	7.2744	2.5376e-09
0.0023437	6.7167	2.434e-09
0.00235	6.1833	2.3367e-09
0.0023562	5.6731	2.2465e-09
0.0023625	5.1863	2.1623e-09
0.0023688	4.7221	2.0839e-09
0.002375	4.2806	2.0111e-09
0.0023813	3.8613	1.943e-09
0.0023875	3.4642	1.8805e-09
0.0023938	3.089	1.8223e-09
0.0024	2.7356	1.7689e-09
0.0024062	2.4039	1.7197e-09
0.0024125	2.0938	1.6742e-09
0.0024187	1.8052	1.6333e-09
0.002425	1.5381	1.5955e-09
0.0024312	1.2924	1.5616e-09
0.0024375	1.0681	1.5309e-09
0.0024438	0.86519	1.5038e-09
0.00245	0.68365	1.4796e-09
0.0024563	0.52343	1.4585e-09
0.0024625	0.38459	1.4403e-09
0.0024688	0.26708	1.4252e-09
0.002475	0.17094	1.4128e-09
0.0024812	0.096157	1.4035e-09
0.0024875	0.042738	1.3967e-09
0.0024937	0.010685	1.3925e-09
0.0025	0	1.3911e-09
