0	8.5992e+09	5.2139e+07
6.25e-06	8.4111e+09	5.2244e+07
1.25e-05	8.2736e+09	5.2156e+07
1.875e-05	8.1135e+09	5.2257e+07
2.5e-05	7.9924e+09	5.2193e+07
3.125e-05	7.8435e+09	5.2249e+07
3.75e-05	7.7307e+09	5.22e+07
4.375e-05	7.5888e+09	5.2244e+07
5e-05	7.4811e+09	5.2202e+07
5.625e-05	7.3441e+09	5.224e+07
6.25e-05	7.2401e+09	5.2203e+07
6.875e-05	7.1068e+09	5.2236e+07
7.5e-05	7.0057e+09	5.2203e+07
8.125e-05	6.8755e+09	5.2233e+07
8.75e-05	6.7767e+09	5.2202e+07
9.375e-05	6.6491e+09	5.223e+07
0.0001	6.5523e+09	5.2201e+07
0.00010625	6.4271e+09	5.2227e+07
0.0001125	6.3321e+09	5.22e+07
0.00011875	6.209e+09	5.2224e+07
0.000125	6.1157e+09	5.2199e+07
0.00013125	5.9946e+09	5.2221e+07
0.0001375	5.9028e+09	5.2197e+07
0.00014375	5.7836e+09	5.2218e+07
0.00015	5.6932e+09	5.2195e+07
0.00015625	5.5758e+09	5.2215e+07
0.0001625	5.4868e+09	5.2193e+07
0.00016875	5.3712e+09	5.2211e+07
0.000175	5.2835e+09	5.2191e+07
0.00018125	5.1697e+09	5.2208e+07
0.0001875	5.0833e+09	5.2189e+07
0.00019375	4.9711e+09	5.2204e+07
0.0002	4.886e+09	5.2186e+07
0.00020625	4.7756e+09	5.2201e+07
0.0002125	4.6917e+09	5.2184e+07
0.00021875	4.5831e+09	5.2197e+07
0.000225	4.5004e+09	5.2181e+07
0.00023125	4.3935e+09	5.2193e+07
0.0002375	4.3121e+09	5.2178e+07
0.00024375	4.2069e+09	5.2188e+07
0.00025	4.1268e+09	5.2174e+07
0.00025625	4.0233e+09	5.2184e+07
0.0002625	3.9444e+09	5.217e+07
0.00026875	3.8427e+09	5.2179e+07
0.000275	3.7651e+09	5.2166e+07
0.00028125	3.6652e+09	5.2174e+07
0.0002875	3.5889e+09	5.2162e+07
0.00029375	3.4907e+09	5.2168e+07
0.0003	3.4157e+09	5.2157e+07
0.00030625	3.3195e+09	5.2163e+07
0.0003125	3.2458e+09	5.2152e+07
0.00031875	3.1513e+09	5.2156e+07
0.000325	3.079e+09	5.2146e+07
0.00033125	2.9865e+09	5.2149e+07
0.0003375	2.9154e+09	5.2139e+07
0.00034375	2.8249e+09	5.2142e+07
0.00035	2.7552e+09	5.2132e+07
0.00035625	2.6666e+09	5.2133e+07
0.0003625	2.5983e+09	5.2123e+07
0.00036875	2.5117e+09	5.2123e+07
0.000375	2.4449e+09	5.2114e+07
0.00038125	2.3603e+09	5.2113e+07
0.0003875	2.2949e+09	5.2103e+07
0.00039375	2.2124e+09	5.21e+07
0.0004	2.1485e+09	5.209e+07
0.00040625	2.0681e+09	5.2086e+07
0.0004125	2.0057e+09	5.2075e+07
0.00041875	1.9275e+09	5.2069e+07
0.000425	1.8666e+09	5.2057e+07
0.00043125	1.7906e+09	5.2048e+07
0.0004375	1.7313e+09	5.2035e+07
0.00044375	1.6576e+09	5.2024e+07
0.00045	1.5999e+09	5.2008e+07
0.00045625	1.5284e+09	5.1995e+07
0.0004625	1.4724e+09	5.1976e+07
0.00046875	1.4033e+09	5.1958e+07
0.000475	1.3489e+09	5.1935e+07
0.00048125	1.2822e+09	5.1912e+07
0.0004875	1.2296e+09	5.1884e+07
0.00049375	1.1654e+09	5.1854e+07
0.0005	1.1145e+09	5.1818e+07
0.00050625	1.0528e+09	5.1779e+07
0.0005125	1.0038e+09	5.1732e+07
0.00051875	9.4479e+08	5.168e+07
0.000525	8.9766e+08	5.1619e+07
0.00053125	8.4134e+08	5.1548e+07
0.0005375	7.9618e+08	5.1466e+07
0.00054375	7.4267e+08	5.137e+07
0.00055	6.9958e+08	5.1256e+07
0.00055625	6.4899e+08	5.1122e+07
0.0005625	6.0806e+08	5.0963e+07
0.00056875	5.6054e+08	5.0773e+07
0.000575	5.2189e+08	5.0546e+07
0.00058125	4.776e+08	5.0273e+07
0.0005875	4.4138e+08	4.9942e+07
0.00059375	4.0052e+08	4.9541e+07
0.0006	3.6692e+08	4.9053e+07
0.00060625	3.2972e+08	4.8458e+07
0.0006125	2.9895e+08	4.7731e+07
0.00061875	2.657e+08	4.6843e+07
0.000625	2.3801e+08	4.576e+07
0.00063125	2.0902e+08	4.4446e+07
0.0006375	1.8474e+08	4.2863e+07
0.00064375	1.6031e+08	4.0981e+07
0.00065	1.3976e+08	3.8771e+07
0.00065625	1.201e+08	3.6241e+07
0.0006625	1.0351e+08	3.3403e+07
0.00066875	8.855e+07	3.0341e+07
0.000675	7.5878e+07	2.7123e+07
0.00068125	6.5118e+07	2.3918e+07
0.0006875	5.5907e+07	2.0803e+07
0.00069375	4.8439e+07	1.7967e+07
0.0007	4.1911e+07	1.5413e+07
0.00070625	3.6718e+07	1.3244e+07
0.0007125	3.2082e+07	1.1364e+07
0.00071875	2.841e+07	9.7833e+06
0.000725	2.5085e+07	8.4069e+06
0.00073125	2.2439e+07	7.2329e+06
0.0007375	2.0019e+07	6.1951e+06
0.00074375	1.8063e+07	5.3039e+06
0.00075	1.6249e+07	4.5204e+06
0.00075625	1.4763e+07	3.847e+06
0.0007625	1.338e+07	3.2594e+06
0.00076875	1.223e+07	2.755e+06
0.000775	1.1155e+07	2.319e+06
0.00078125	1.0248e+07	1.9461e+06
0.0007875	9.3983e+06	1.6268e+06
0.00079375	8.6684e+06	1.3556e+06
0.0008	7.9846e+06	1.1256e+06
0.00080625	7.3884e+06	9.3179e+05
0.0008125	6.8297e+06	7.6874e+05
0.00081875	6.3364e+06	6.3241e+05
0.000825	5.8741e+06	5.1861e+05
0.00083125	5.4613e+06	4.2412e+05
0.0008375	5.0745e+06	3.4583e+05
0.00084375	4.7256e+06	2.8126e+05
0.00085	4.3987e+06	2.2812e+05
0.00085625	4.1015e+06	1.8458e+05
0.0008625	3.8232e+06	1.4896e+05
0.00086875	3.5683e+06	1.1996e+05
0.000875	3.3296e+06	96370
0.00088125	3.11e+06	77266
0.0008875	2.9043e+06	61815
0.00089375	2.7142e+06	49363
0.0009	2.5363e+06	39341
0.00090625	2.3712e+06	31301
0.0009125	2.2168e+06	24860
0.00091875	2.0732e+06	19713
0.000925	1.9388e+06	15607
0.00093125	1.8136e+06	12339
0.0009375	1.6965e+06	9740.8
0.00094375	1.5872e+06	7679.9
0.00095	1.485e+06	6047
0.00095625	1.3895e+06	4755.7
0.0009625	1.3002e+06	3735.7
0.00096875	1.2167e+06	2931.3
0.000975	1.1386e+06	2297.6
0.00098125	1.0656e+06	1799.2
0.0009875	9.9723e+05	1407.5
0.00099375	9.3332e+05	1100.1
0.001	8.7351e+05	859.09
0.0010062	8.1756e+05	670.33
0.0010125	7.652e+05	522.63
0.0010187	7.1621e+05	407.17
0.001025	6.7036e+05	316.98
0.0010313	6.2746e+05	246.61
0.0010375	5.873e+05	191.73
0.0010437	5.4973e+05	148.97
0.00105	5.1456e+05	115.68
0.0010562	4.8164e+05	89.781
0.0010625	4.5083e+05	69.641
0.0010688	4.22e+05	53.991
0.001075	3.9501e+05	41.838
0.0010812	3.6975e+05	32.405
0.0010875	3.4611e+05	25.088
0.0010938	3.2398e+05	19.415
0.0011	3.0327e+05	15.019
0.0011063	2.8388e+05	11.614
0.0011125	2.6574e+05	8.9776
0.0011187	2.4875e+05	6.9375
0.001125	2.3285e+05	5.3593
0.0011313	2.1797e+05	4.139
0.0011375	2.0404e+05	3.1956
0.0011438	1.91e+05	2.4666
0.00115	1.788e+05	1.9034
0.0011562	1.6737e+05	1.4683
0.0011625	1.5668e+05	1.1323
0.0011688	1.4667e+05	0.87294
0.001175	1.373e+05	0.67282
0.0011813	1.2853e+05	0.51859
0.0011875	1.2032e+05	0.3997
0.0011937	1.1263e+05	0.30803
0.0012	1.0544e+05	0.23737
0.0012063	98702	0.18291
0.0012125	92398	0.14094
0.0012187	86497	0.1086
0.001225	80974	0.08368
0.0012312	75803	0.064485
0.0012375	70963	0.049697
0.0012438	66432	0.038306
0.00125	62191	0.02953
0.0012562	58220	0.02277
0.0012625	54504	0.017561
0.0012687	51025	0.013547
0.001275	47768	0.010454
0.0012813	44719	0.0080691
0.0012875	41865	0.0062306
0.0012937	39194	0.0048127
0.0013	36693	0.003719
0.0013062	34351	0.0028749
0.0013125	32160	0.0022234
0.0013188	30108	0.0017202
0.001325	28187	0.0013314
0.0013312	26389	0.0010309
0.0013375	24706	0.00079861
0.0013437	23131	0.00061887
0.00135	21656	0.00047977
0.0013563	20275	0.00037206
0.0013625	18982	0.00028861
0.0013687	17772	0.00022395
0.001375	16639	0.00017381
0.0013813	15579	0.00013491
0.0013875	14586	0.00010471
0.0013938	13657	8.1242e-05
0.0014	12787	6.3053e-05
0.0014062	11972	4.8969e-05
0.0014125	11210	3.8066e-05
0.0014188	10496	2.9631e-05
0.001425	9827.7	2.3112e-05
0.0014313	9202.1	1.8081e-05
0.0014375	8616.5	1.4204e-05
0.0014437	8068.2	1.1224e-05
0.00145	7554.9	8.9408e-06
0.0014563	7074.4	7.1965e-06
0.0014625	6624.6	5.87e-06
0.0014688	6203.5	4.8666e-06
0.001475	5809.2	4.1125e-06
0.0014812	5440.2	3.5503e-06
0.0014875	5094.6	3.1354e-06
0.0014938	4771.2	2.8329e-06
0.0015	4468.3	2.6158e-06
0.0015062	4184.8	2.4657e-06
0.0015125	3919.4	2.3628e-06
0.0015187	3670.9	2.2944e-06
0.001525	3438.3	2.2511e-06
0.0015313	3220.5	2.2258e-06
0.0015375	3016.6	2.2128e-06
0.0015437	2825.7	2.208e-06
0.00155	2647	2.2083e-06
0.0015562	2479.7	2.2111e-06
0.0015625	2323.1	2.2148e-06
0.0015688	2176.4	2.218e-06
0.001575	2039.1	2.2198e-06
0.0015812	1910.6	2.2196e-06
0.0015875	1790.2	2.2168e-06
0.0015937	1677.6	2.2114e-06
0.0016	1572.1	2.203e-06
0.0016063	1473.3	2.1918e-06
0.0016125	1380.8	2.1777e-06
0.0016187	1294.2	2.1612e-06
0.001625	1213.1	2.1422e-06
0.0016313	1137.2	2.1212e-06
0.0016375	1066.1	2.0982e-06
0.0016438	999.51	2.0735e-06
0.00165	937.18	2.0473e-06
0.0016562	878.8	2.0196e-06
0.0016625	824.14	1.9908e-06
0.0016688	772.95	1.961e-06
0.001675	725.01	1.9303e-06
0.0016813	680.11	1.8988e-06
0.0016875	638.06	1.8668e-06
0.0016937	598.67	1.8343e-06
0.0017	561.79	1.8014e-06
0.0017063	527.23	1.7683e-06
0.0017125	494.87	1.735e-06
0.0017188	464.54	1.7017e-06
0.001725	436.14	1.6685e-06
0.0017312	409.53	1.6354e-06
0.0017375	384.6	1.6025e-06
0.0017438	361.23	1.5698e-06
0.00175	339.34	1.5375e-06
0.0017562	318.83	1.5056e-06
0.0017625	299.6	1.4741e-06
0.0017687	281.58	1.443e-06
0.001775	264.69	1.4125e-06
0.0017813	248.86	1.3825e-06
0.0017875	234.02	1.353e-06
0.0017937	220.1	1.3242e-06
0.0018	207.06	1.296e-06
0.0018062	194.82	1.2684e-06
0.0018125	183.34	1.2414e-06
0.0018188	172.57	1.2151e-06
0.001825	162.48	1.1895e-06
0.0018312	153	1.1645e-06
0.0018375	144.12	1.1401e-06
0.0018437	135.77	1.1165e-06
0.00185	127.94	1.0934e-06
0.0018563	120.59	1.0711e-06
0.0018625	113.69	1.0494e-06
0.0018687	107.21	1.0283e-06
0.001875	101.13	1.0078e-06
0.0018812	95.409	9.8802e-07
0.0018875	90.041	9.688e-07
0.0018938	84.993	9.5019e-07
0.0019	80.252	9.3216e-07
0.0019062	75.793	9.147e-07
0.0019125	71.603	8.9779e-07
0.0019188	67.66	8.8144e-07
0.001925	63.954	8.6561e-07
0.0019313	60.466	8.5031e-07
0.0019375	57.185	8.355e-07
0.0019437	54.095	8.2118e-07
0.00195	51.187	8.0734e-07
0.0019563	48.448	7.9395e-07
0.0019625	45.869	7.81e-07
0.0019688	43.438	7.6849e-07
0.001975	41.149	7.5639e-07
0.0019812	38.989	7.447e-07
0.0019875	36.954	7.3339e-07
0.0019937	35.033	7.2245e-07
0.002	33.222	7.1188e-07
0.0020062	31.511	7.0166e-07
0.0020125	29.897	6.9177e-07
0.0020188	28.372	6.8221e-07
0.002025	26.932	6.7295e-07
0.0020313	25.571	6.64e-07
0.0020375	24.284	6.5534e-07
0.0020437	23.067	6.4696e-07
0.00205	21.916	6.3885e-07
0.0020562	20.826	6.31e-07
0.0020625	19.795	6.2339e-07
0.0020687	18.818	6.1603e-07
0.002075	17.892	6.089e-07
0.0020813	17.014	6.0199e-07
0.0020875	16.182	5.9529e-07
0.0020938	15.392	5.8881e-07
0.0021	14.642	5.8252e-07
0.0021063	13.931	5.7642e-07
0.0021125	13.254	5.705e-07
0.0021187	12.612	5.6477e-07
0.002125	12	5.5921e-07
0.0021312	11.419	5.5381e-07
0.0021375	10.865	5.4858e-07
0.0021437	10.338	5.435e-07
0.00215	9.8354	5.3857e-07
0.0021563	9.3567	5.3378e-07
0.0021625	8.8997	5.2913e-07
0.0021688	8.4641	5.2462e-07
0.002175	8.0478	5.2025e-07
0.0021813	7.6506	5.16e-07
0.0021875	7.2705	5.1187e-07
0.0021937	6.9076	5.0787e-07
0.0022	6.56	5.0398e-07
0.0022062	6.2278	5.002e-07
0.0022125	5.9093	4.9654e-07
0.0022187	5.6048	4.9298e-07
0.002225	5.3125	4.8953e-07
0.0022313	5.0329	4.8618e-07
0.0022375	4.7643	4.8294e-07
0.0022438	4.5072	4.7979e-07
0.00225	4.26	4.7673e-07
0.0022563	4.0233	4.7377e-07
0.0022625	3.7958	4.7091e-07
0.0022687	3.5777	4.6813e-07
0.002275	3.3681	4.6544e-07
0.0022812	3.1672	4.6284e-07
0.0022875	2.974	4.6033e-07
0.0022938	2.7889	4.579e-07
0.0023	2.611	4.5555e-07
0.0023063	2.4406	4.5328e-07
0.0023125	2.2769	4.511e-07
0.0023188	2.1203	4.4899e-07
0.002325	1.97	4.4696e-07
0.0023312	1.8263	4.4502e-07
0.0023375	1.6886	4.4314e-07
0.0023437	1.5572	4.4135e-07
0.00235	1.4315	4.3963e-07
0.0023562	1.3118	4.3798e-07
0.0023625	1.1976	4.3641e-07
0.0023688	1.0892	4.3491e-07
0.002375	0.9861	4.3349e-07
0.0023813	0.88858	4.3214e-07
0.0023875	0.79626	4.3085e-07
0.0023938	0.70933	4.2965e-07
0.0024	0.62751	4.2851e-07
0.0024062	0.55094	4.2744e-07
0.0024125	0.47941	4.2644e-07
0.0024187	0.41302	4.2552e-07
0.002425	0.3516	4.2466e-07
0.0024312	0.29525	4.2387e-07
0.0024375	0.24383	4.2315e-07
0.0024438	0.1974	4.225e-07
0.00245	0.15588	4.2192e-07
0.0024563	0.1193	4.2141e-07
0.0024625	0.087613	4.2097e-07
0.0024688	0.060828	4.2059e-07
0.002475	0.038917	4.2028e-07
0.0024812	0.021889	4.2005e-07
0.0024875	0.0097262	4.1988e-07
0.0024937	0.0024315	4.1977e-07
0.0025	0	4.1974e-07
