0	2.8691e+09	7.3671e+06
6.25e-06	2.8338e+09	7.3731e+06
1.25e-05	2.8029e+09	7.373e+06
1.875e-05	2.7699e+09	7.3774e+06
2.5e-05	2.7409e+09	7.3761e+06
3.125e-05	2.7095e+09	7.3775e+06
3.75e-05	2.6817e+09	7.376e+06
4.375e-05	2.6514e+09	7.3766e+06
5e-05	2.6245e+09	7.3749e+06
5.625e-05	2.5951e+09	7.3751e+06
6.25e-05	2.5689e+09	7.3733e+06
6.875e-05	2.5402e+09	7.3734e+06
7.5e-05	2.5147e+09	7.3716e+06
8.125e-05	2.4867e+09	7.3714e+06
8.75e-05	2.4617e+09	7.3697e+06
9.375e-05	2.4342e+09	7.3693e+06
0.0001	2.4097e+09	7.3676e+06
0.00010625	2.3827e+09	7.3671e+06
0.0001125	2.3587e+09	7.3654e+06
0.00011875	2.3321e+09	7.3648e+06
0.000125	2.3085e+09	7.363e+06
0.00013125	2.2824e+09	7.3624e+06
0.0001375	2.2591e+09	7.3606e+06
0.00014375	2.2334e+09	7.3599e+06
0.00015	2.2105e+09	7.3582e+06
0.00015625	2.1851e+09	7.3573e+06
0.0001625	2.1626e+09	7.3556e+06
0.00016875	2.1376e+09	7.3546e+06
0.000175	2.1153e+09	7.3529e+06
0.00018125	2.0907e+09	7.3519e+06
0.0001875	2.0687e+09	7.3501e+06
0.00019375	2.0444e+09	7.349e+06
0.0002	2.0228e+09	7.3472e+06
0.00020625	1.9987e+09	7.3461e+06
0.0002125	1.9774e+09	7.3443e+06
0.00021875	1.9536e+09	7.343e+06
0.000225	1.9326e+09	7.3411e+06
0.00023125	1.9091e+09	7.3399e+06
0.0002375	1.8883e+09	7.338e+06
0.00024375	1.8652e+09	7.3366e+06
0.00025	1.8446e+09	7.3347e+06
0.00025625	1.8218e+09	7.3333e+06
0.0002625	1.8015e+09	7.3313e+06
0.00026875	1.7789e+09	7.3298e+06
0.000275	1.7589e+09	7.3278e+06
0.00028125	1.7366e+09	7.3262e+06
0.0002875	1.7168e+09	7.3241e+06
0.00029375	1.6947e+09	7.3225e+06
0.0003	1.6752e+09	7.3203e+06
0.00030625	1.6534e+09	7.3186e+06
0.0003125	1.6341e+09	7.3164e+06
0.00031875	1.6126e+09	7.3146e+06
0.000325	1.5935e+09	7.3124e+06
0.00033125	1.5722e+09	7.3105e+06
0.0003375	1.5534e+09	7.3082e+06
0.00034375	1.5324e+09	7.3062e+06
0.00035	1.5138e+09	7.3039e+06
0.00035625	1.4931e+09	7.3018e+06
0.0003625	1.4747e+09	7.2993e+06
0.00036875	1.4542e+09	7.2972e+06
0.000375	1.436e+09	7.2947e+06
0.00038125	1.4158e+09	7.2924e+06
0.0003875	1.3979e+09	7.2898e+06
0.00039375	1.3779e+09	7.2874e+06
0.0004	1.3602e+09	7.2848e+06
0.00040625	1.3405e+09	7.2823e+06
0.0004125	1.323e+09	7.2795e+06
0.00041875	1.3035e+09	7.2769e+06
0.000425	1.2863e+09	7.2741e+06
0.00043125	1.2671e+09	7.2713e+06
0.0004375	1.25e+09	7.2684e+06
0.00044375	1.2311e+09	7.2655e+06
0.00045	1.2142e+09	7.2624e+06
0.00045625	1.1955e+09	7.2595e+06
0.0004625	1.1789e+09	7.2563e+06
0.00046875	1.1605e+09	7.2532e+06
0.000475	1.1441e+09	7.2499e+06
0.00048125	1.1259e+09	7.2466e+06
0.0004875	1.1097e+09	7.2432e+06
0.00049375	1.0918e+09	7.2398e+06
0.0005	1.0758e+09	7.2362e+06
0.00050625	1.0581e+09	7.2326e+06
0.0005125	1.0424e+09	7.2289e+06
0.00051875	1.025e+09	7.2251e+06
0.000525	1.0095e+09	7.2212e+06
0.00053125	9.9229e+08	7.2173e+06
0.0005375	9.7701e+08	7.2132e+06
0.00054375	9.6008e+08	7.2091e+06
0.00055	9.4503e+08	7.2048e+06
0.00055625	9.2835e+08	7.2005e+06
0.0005625	9.1352e+08	7.196e+06
0.00056875	8.971e+08	7.1915e+06
0.000575	8.8249e+08	7.1868e+06
0.00058125	8.6633e+08	7.182e+06
0.0005875	8.5194e+08	7.1771e+06
0.00059375	8.3604e+08	7.1721e+06
0.0006	8.2188e+08	7.1669e+06
0.00060625	8.0624e+08	7.1616e+06
0.0006125	7.9231e+08	7.1562e+06
0.00061875	7.7692e+08	7.1506e+06
0.000625	7.6322e+08	7.1449e+06
0.00063125	7.481e+08	7.139e+06
0.0006375	7.3463e+08	7.1329e+06
0.00064375	7.1977e+08	7.1268e+06
0.00065	7.0653e+08	7.1204e+06
0.00065625	6.9193e+08	7.1138e+06
0.0006625	6.7892e+08	7.1071e+06
0.00066875	6.6459e+08	7.1001e+06
0.000675	6.5182e+08	7.093e+06
0.00068125	6.3776e+08	7.0856e+06
0.0006875	6.2522e+08	7.0781e+06
0.00069375	6.1143e+08	7.0703e+06
0.0007	5.9913e+08	7.0622e+06
0.00070625	5.8561e+08	7.0539e+06
0.0007125	5.7354e+08	7.0454e+06
0.00071875	5.603e+08	7.0366e+06
0.000725	5.4847e+08	7.0275e+06
0.00073125	5.355e+08	7.0181e+06
0.0007375	5.2392e+08	7.0084e+06
0.00074375	5.1123e+08	6.9984e+06
0.00075	4.9989e+08	6.9881e+06
0.00075625	4.8748e+08	6.9774e+06
0.0007625	4.7638e+08	6.9663e+06
0.00076875	4.6425e+08	6.9549e+06
0.000775	4.5341e+08	6.9431e+06
0.00078125	4.4156e+08	6.9308e+06
0.0007875	4.3096e+08	6.9181e+06
0.00079375	4.1941e+08	6.905e+06
0.0008	4.0906e+08	6.8913e+06
0.00080625	3.9779e+08	6.8772e+06
0.0008125	3.877e+08	6.8625e+06
0.00081875	3.7672e+08	6.8472e+06
0.000825	3.6688e+08	6.8314e+06
0.00083125	3.562e+08	6.815e+06
0.0008375	3.4662e+08	6.7979e+06
0.00084375	3.3623e+08	6.7801e+06
0.00085	3.2692e+08	6.7616e+06
0.00085625	3.1683e+08	6.7423e+06
0.0008625	3.0777e+08	6.7222e+06
0.00086875	2.9799e+08	6.7013e+06
0.000875	2.892e+08	6.6795e+06
0.00088125	2.7972e+08	6.6567e+06
0.0008875	2.712e+08	6.633e+06
0.00089375	2.6202e+08	6.6082e+06
0.0009	2.5377e+08	6.5823e+06
0.00090625	2.4491e+08	6.5552e+06
0.0009125	2.3694e+08	6.5268e+06
0.00091875	2.2838e+08	6.4972e+06
0.000925	2.2069e+08	6.4661e+06
0.00093125	2.1245e+08	6.4336e+06
0.0009375	2.0503e+08	6.3995e+06
0.00094375	1.9711e+08	6.3637e+06
0.00095	1.8998e+08	6.3262e+06
0.00095625	1.8238e+08	6.2868e+06
0.0009625	1.7553e+08	6.2454e+06
0.00096875	1.6825e+08	6.202e+06
0.000975	1.6169e+08	6.1563e+06
0.00098125	1.5474e+08	6.1082e+06
0.0009875	1.4847e+08	6.0577e+06
0.00099375	1.4185e+08	6.0045e+06
0.001	1.3588e+08	5.9484e+06
0.0010062	1.2959e+08	5.8895e+06
0.0010125	1.2391e+08	5.8273e+06
0.0010187	1.1795e+08	5.7619e+06
0.001025	1.1257e+08	5.6929e+06
0.0010313	1.0695e+08	5.6203e+06
0.0010375	1.0186e+08	5.5438e+06
0.0010437	9.6584e+07	5.4632e+06
0.00105	9.1799e+07	5.3784e+06
0.0010562	8.6856e+07	5.2891e+06
0.0010625	8.2374e+07	5.1951e+06
0.0010688	7.7769e+07	5.0964e+06
0.001075	7.3589e+07	4.9927e+06
0.0010812	6.9321e+07	4.8839e+06
0.0010875	6.5443e+07	4.77e+06
0.0010938	6.1511e+07	4.6508e+06
0.0011	5.7934e+07	4.5263e+06
0.0011063	5.4332e+07	4.3967e+06
0.0011125	5.1053e+07	4.2619e+06
0.0011187	4.7778e+07	4.1222e+06
0.001125	4.4792e+07	3.9778e+06
0.0011313	4.1834e+07	3.8291e+06
0.0011375	3.9135e+07	3.6765e+06
0.0011438	3.6485e+07	3.5208e+06
0.00115	3.4064e+07	3.3623e+06
0.0011562	3.1709e+07	3.2022e+06
0.0011625	2.9553e+07	3.041e+06
0.0011688	2.7476e+07	2.8801e+06
0.001175	2.5572e+07	2.72e+06
0.0011813	2.3753e+07	2.5624e+06
0.0011875	2.2083e+07	2.4077e+06
0.0011937	2.0502e+07	2.2575e+06
0.0012	1.9046e+07	2.1118e+06
0.0012063	1.7678e+07	1.972e+06
0.0012125	1.6416e+07	1.8379e+06
0.0012187	1.5237e+07	1.7105e+06
0.001225	1.4148e+07	1.5892e+06
0.0012312	1.3135e+07	1.4746e+06
0.0012375	1.2197e+07	1.3661e+06
0.0012438	1.1328e+07	1.2641e+06
0.00125	1.0522e+07	1.1678e+06
0.0012562	9.7771e+06	1.0776e+06
0.0012625	9.0849e+06	9.927e+05
0.0012687	8.4469e+06	9.1334e+05
0.001275	7.8528e+06	8.389e+05
0.0012813	7.3058e+06	7.6944e+05
0.0012875	6.7957e+06	7.045e+05
0.0012937	6.3263e+06	6.4405e+05
0.0013	5.8879e+06	5.8772e+05
0.0013062	5.4845e+06	5.3544e+05
0.0013125	5.1074e+06	4.869e+05
0.0013188	4.7603e+06	4.4201e+05
0.001325	4.4355e+06	4.0049e+05
0.0013312	4.1364e+06	3.6223e+05
0.0013375	3.8563e+06	3.2699e+05
0.0013437	3.5982e+06	2.9465e+05
0.00135	3.3564e+06	2.6498e+05
0.0013563	3.1333e+06	2.3787e+05
0.0013625	2.9242e+06	2.131e+05
0.0013687	2.7311e+06	1.9057e+05
0.001375	2.55e+06	1.7007e+05
0.0013813	2.3825e+06	1.5151e+05
0.0013875	2.2255e+06	1.347e+05
0.0013938	2.0801e+06	1.1954e+05
0.0014	1.9437e+06	1.0588e+05
0.0014062	1.8173e+06	93609
0.0014125	1.6987e+06	82599
0.0014188	1.5886e+06	72758
0.001425	1.4853e+06	63965
0.0014313	1.3893e+06	56139
0.0014375	1.2993e+06	49178
0.0014437	1.2155e+06	43008
0.00145	1.137e+06	37544
0.0014563	1.0638e+06	32720
0.0014625	9.9522e+05	28466
0.0014688	9.3122e+05	24726
0.001475	8.7126e+05	21441
0.0014812	8.1526e+05	18564
0.0014875	7.6281e+05	16046
0.0014938	7.1377e+05	13850
0.0015	6.6786e+05	11935
0.0015062	6.249e+05	10271
0.0015125	5.847e+05	8825
0.0015187	5.4705e+05	7572.4
0.001525	5.1183e+05	6488.5
0.0015313	4.7884e+05	5552.3
0.0015375	4.4797e+05	4744.8
0.0015437	4.1905e+05	4049.5
0.00155	3.92e+05	3451.7
0.0015562	3.6664e+05	2938.6
0.0015625	3.4293e+05	2498.7
0.0015688	3.2071e+05	2122.1
0.001575	2.9993e+05	1800.2
0.0015812	2.8045e+05	1525.4
0.0015875	2.6224e+05	1291.1
0.0015937	2.4517e+05	1091.6
0.0016	2.2922e+05	921.97
0.0016063	2.1426e+05	777.86
0.0016125	2.0029e+05	655.59
0.0016187	1.8719e+05	551.98
0.001625	1.7495e+05	464.25
0.0016313	1.6348e+05	390.06
0.0016375	1.5277e+05	327.38
0.0016438	1.4273e+05	274.5
0.00165	1.3336e+05	229.93
0.0016562	1.2458e+05	192.4
0.0016625	1.1637e+05	160.83
0.0016688	1.0869e+05	134.3
0.001675	1.0152e+05	112.03
0.0016813	94802	93.349
0.0016875	88532	77.696
0.0016937	82662	64.594
0.0017	77182	53.638
0.0017063	72054	44.485
0.0017125	67268	36.846
0.0017188	62789	30.478
0.001725	58610	25.174
0.0017312	54700	20.762
0.0017375	51051	17.096
0.0017438	47640	14.052
0.00175	44456	11.529
0.0017562	41480	9.4398
0.0017625	38703	7.7123
0.0017687	36107	6.2858
0.001775	33686	5.1103
0.0017813	31423	4.1431
0.0017875	29312	3.3483
0.0017937	27340	2.6964
0.0018	25501	2.1629
0.0018062	23783	1.7284
0.0018125	22181	1.3736
0.0018188	20685	1.0854
0.001825	19290	0.85217
0.0018312	17987	0.66411
0.0018375	16773	0.51311
0.0018437	15639	0.39249
0.00185	14582	0.2967
0.0018563	13596	0.22114
0.0018625	12676	0.16203
0.0018687	11818	0.11624
0.001875	11018	0.081214
0.0018812	10271	0.054836
0.0018875	9575.4	0.035377
0.0018938	8926.5	0.021421
0.0019	8321.4	0.011811
0.0019062	7757.2	0.0056022
0.0019125	7231.2	0.002036
0.0019188	6740.7	0.00051154
0.001925	6283.6	0.00037306
0.0019313	5857.4	0.00036586
0.0019375	5460.1	0.00035893
0.0019437	5089.7	0.00035222
0.00195	4744.5	0.00034572
0.0019563	4422.7	0.0003394
0.0019625	4122.8	0.00033326
0.0019688	3843.3	0.00032727
0.001975	3582.8	0.00032142
0.0019812	3340.1	0.00031569
0.0019875	3113.9	0.00031007
0.0019937	2903.1	0.00030456
0.002	2706.7	0.00029913
0.0020062	2523.8	0.00029379
0.0020125	2353.3	0.00028853
0.0020188	2194.5	0.00028333
0.002025	2046.6	0.0002782
0.0020313	1908.8	0.00027313
0.0020375	1780.5	0.00026812
0.0020437	1661	0.00026316
0.00205	1549.7	0.00025825
0.0020562	1446.1	0.00025339
0.0020625	1349.5	0.00024857
0.0020687	1259.7	0.00024381
0.002075	1176	0.00023908
0.0020813	1098.1	0.00023441
0.0020875	1025.5	0.00022978
0.0020938	957.95	0.0002252
0.0021	895.04	0.00022067
0.0021063	836.46	0.00021619
0.0021125	781.91	0.00021176
0.0021187	731.09	0.00020738
0.002125	683.77	0.00020305
0.0021312	639.67	0.00019878
0.0021375	598.59	0.00019457
0.0021437	560.3	0.00019041
0.00215	524.61	0.00018632
0.0021563	491.33	0.00018229
0.0021625	460.29	0.00017832
0.0021688	431.32	0.00017442
0.002175	404.29	0.00017059
0.0021813	379.03	0.00016683
0.0021875	355.44	0.00016313
0.0021937	333.38	0.00015951
0.0022	312.75	0.00015597
0.0022062	293.43	0.00015249
0.0022125	275.34	0.0001491
0.0022187	258.37	0.00014578
0.002225	242.46	0.00014254
0.0022313	227.51	0.00013938
0.0022375	213.47	0.00013629
0.0022438	200.26	0.00013329
0.00225	187.82	0.00013037
0.0022563	176.1	0.00012753
0.0022625	165.04	0.00012476
0.0022687	154.6	0.00012209
0.002275	144.73	0.00011949
0.0022812	135.4	0.00011697
0.0022875	126.56	0.00011453
0.0022938	118.18	0.00011218
0.0023	110.24	0.0001099
0.0023063	102.7	0.00010771
0.0023125	95.545	0.00010559
0.0023188	88.743	0.00010356
0.002325	82.281	0.0001016
0.0023312	76.135	9.9722e-05
0.0023375	70.295	9.792e-05
0.0023437	64.74	9.6195e-05
0.00235	59.463	9.4545e-05
0.0023562	54.447	9.297e-05
0.0023625	49.687	9.147e-05
0.0023688	45.17	9.0043e-05
0.002375	40.893	8.8689e-05
0.0023813	36.846	8.7407e-05
0.0023875	33.025	8.6196e-05
0.0023938	29.424	8.5056e-05
0.0024	26.041	8.3985e-05
0.0024062	22.87	8.2984e-05
0.0024125	19.912	8.205e-05
0.0024187	17.161	8.1184e-05
0.002425	14.618	8.0386e-05
0.0024312	12.28	7.9653e-05
0.0024375	10.148	7.8986e-05
0.0024438	8.2189	7.8384e-05
0.00245	6.4939	7.7847e-05
0.0024563	4.9718	7.7375e-05
0.0024625	3.6529	7.6966e-05
0.0024688	2.5368	7.6621e-05
0.002475	1.6237	7.6338e-05
0.0024812	0.91333	7.6119e-05
0.0024875	0.40595	7.5963e-05
0.0024937	0.10149	7.5869e-05
0.0025	0	7.5838e-05
