0	9.2463e+09	1.041e+08
6.25e-06	9.0417e+09	1.0413e+08
1.25e-05	8.8759e+09	1.0412e+08
1.875e-05	8.692e+09	1.0415e+08
2.5e-05	8.5411e+09	1.0414e+08
3.125e-05	8.3682e+09	1.0415e+08
3.75e-05	8.226e+09	1.0414e+08
4.375e-05	8.0606e+09	1.0415e+08
5e-05	7.9245e+09	1.0414e+08
5.625e-05	7.7649e+09	1.0415e+08
6.25e-05	7.6334e+09	1.0414e+08
6.875e-05	7.4783e+09	1.0414e+08
7.5e-05	7.3507e+09	1.0414e+08
8.125e-05	7.1996e+09	1.0414e+08
8.75e-05	7.0752e+09	1.0414e+08
9.375e-05	6.9274e+09	1.0414e+08
0.0001	6.8059e+09	1.0413e+08
0.00010625	6.6613e+09	1.0413e+08
0.0001125	6.5424e+09	1.0413e+08
0.00011875	6.4006e+09	1.0413e+08
0.000125	6.2841e+09	1.0413e+08
0.00013125	6.145e+09	1.0413e+08
0.0001375	6.0307e+09	1.0412e+08
0.00014375	5.8943e+09	1.0412e+08
0.00015	5.7821e+09	1.0412e+08
0.00015625	5.6481e+09	1.0412e+08
0.0001625	5.538e+09	1.0411e+08
0.00016875	5.4065e+09	1.0411e+08
0.000175	5.2984e+09	1.0411e+08
0.00018125	5.1693e+09	1.041e+08
0.0001875	5.0632e+09	1.041e+08
0.00019375	4.9365e+09	1.041e+08
0.0002	4.8323e+09	1.0409e+08
0.00020625	4.708e+09	1.0409e+08
0.0002125	4.6057e+09	1.0408e+08
0.00021875	4.4837e+09	1.0408e+08
0.000225	4.3834e+09	1.0407e+08
0.00023125	4.2638e+09	1.0407e+08
0.0002375	4.1653e+09	1.0406e+08
0.00024375	4.0482e+09	1.0405e+08
0.00025	3.9516e+09	1.0405e+08
0.00025625	3.8369e+09	1.0404e+08
0.0002625	3.7422e+09	1.0403e+08
0.00026875	3.63e+09	1.0402e+08
0.000275	3.5373e+09	1.0401e+08
0.00028125	3.4274e+09	1.04e+08
0.0002875	3.3367e+09	1.0399e+08
0.00029375	3.2294e+09	1.0398e+08
0.0003	3.1406e+09	1.0397e+08
0.00030625	3.0359e+09	1.0395e+08
0.0003125	2.9491e+09	1.0394e+08
0.00031875	2.8469e+09	1.0392e+08
0.000325	2.7622e+09	1.039e+08
0.00033125	2.6626e+09	1.0388e+08
0.0003375	2.5799e+09	1.0386e+08
0.00034375	2.4831e+09	1.0383e+08
0.00035	2.4025e+09	1.0381e+08
0.00035625	2.3083e+09	1.0378e+08
0.0003625	2.2299e+09	1.0374e+08
0.00036875	2.1385e+09	1.037e+08
0.000375	2.0623e+09	1.0366e+08
0.00038125	1.9737e+09	1.0362e+08
0.0003875	1.8997e+09	1.0356e+08
0.00039375	1.8141e+09	1.0351e+08
0.0004	1.7423e+09	1.0344e+08
0.00040625	1.6597e+09	1.0337e+08
0.0004125	1.5903e+09	1.0328e+08
0.00041875	1.5107e+09	1.0319e+08
0.000425	1.4438e+09	1.0308e+08
0.00043125	1.3674e+09	1.0296e+08
0.0004375	1.3029e+09	1.0281e+08
0.00044375	1.2298e+09	1.0265e+08
0.00045	1.1679e+09	1.0246e+08
0.00045625	1.0982e+09	1.0225e+08
0.0004625	1.039e+09	1.02e+08
0.00046875	9.7283e+08	1.0171e+08
0.000475	9.1651e+08	1.0137e+08
0.00048125	8.5402e+08	1.0097e+08
0.0004875	8.0068e+08	1.0051e+08
0.00049375	7.4207e+08	9.9963e+07
0.0005	6.9189e+08	9.9323e+07
0.00050625	6.3737e+08	9.8568e+07
0.0005125	5.9053e+08	9.7679e+07
0.00051875	5.4034e+08	9.663e+07
0.000525	4.9707e+08	9.5391e+07
0.00053125	4.5147e+08	9.3933e+07
0.0005375	4.12e+08	9.2219e+07
0.00054375	3.7125e+08	9.0213e+07
0.00055	3.3586e+08	8.7874e+07
0.00055625	3.0021e+08	8.5173e+07
0.0005625	2.6914e+08	8.2075e+07
0.00056875	2.3878e+08	7.8572e+07
0.000575	2.1223e+08	7.4654e+07
0.00058125	1.8719e+08	7.0361e+07
0.0005875	1.6522e+08	6.5719e+07
0.00059375	1.4528e+08	6.084e+07
0.0006	1.277e+08	5.5783e+07
0.00060625	1.1234e+08	5.0717e+07
0.0006125	9.8695e+07	4.57e+07
0.00061875	8.7156e+07	4.0914e+07
0.000625	7.6799e+07	3.637e+07
0.00063125	6.8237e+07	3.2203e+07
0.0006375	6.0464e+07	2.8364e+07
0.00064375	5.4129e+07	2.4929e+07
0.00065	4.8322e+07	2.1812e+07
0.00065625	4.3605e+07	1.9061e+07
0.0006625	3.9241e+07	1.6589e+07
0.00066875	3.5681e+07	1.4422e+07
0.000675	3.2359e+07	1.2491e+07
0.00068125	2.9626e+07	1.0806e+07
0.0006875	2.7064e+07	9.3155e+06
0.00069375	2.4934e+07	8.0193e+06
0.0007	2.2926e+07	6.8816e+06
0.00070625	2.124e+07	5.8947e+06
0.0007125	1.9645e+07	5.0345e+06
0.00071875	1.8285e+07	4.2914e+06
0.000725	1.6997e+07	3.6481e+06
0.00073125	1.5881e+07	3.0952e+06
0.0007375	1.4823e+07	2.6195e+06
0.00074375	1.3895e+07	2.2127e+06
0.00075	1.3013e+07	1.8648e+06
0.00075625	1.223e+07	1.5687e+06
0.0007625	1.1486e+07	1.3167e+06
0.00076875	1.0817e+07	1.1033e+06
0.000775	1.0182e+07	9.2254e+05
0.00078125	9.605e+06	7.7015e+05
0.0007875	9.0572e+06	6.4172e+05
0.00079375	8.5555e+06	5.3389e+05
0.0008	8.079e+06	4.434e+05
0.00080625	7.6393e+06	3.6773e+05
0.0008125	7.2218e+06	3.0448e+05
0.00081875	6.8342e+06	2.5179e+05
0.000825	6.4662e+06	2.0791e+05
0.00083125	6.123e+06	1.7147e+05
0.0008375	5.7971e+06	1.4123e+05
0.00084375	5.492e+06	1.162e+05
0.00085	5.2024e+06	95492
0.00085625	4.9303e+06	78395
0.0008625	4.6721e+06	64291
0.00086875	4.4289e+06	52676
0.000875	4.1982e+06	43118
0.00088125	3.9805e+06	35264
0.0008875	3.774e+06	28817
0.00089375	3.5788e+06	23530
0.0009	3.3937e+06	19199
0.00090625	3.2186e+06	15654
0.0009125	3.0525e+06	12754
0.00091875	2.8952e+06	10386
0.000925	2.746e+06	8451.3
0.00093125	2.6047e+06	6873.4
0.0009375	2.4707e+06	5586.9
0.00094375	2.3436e+06	4538.7
0.00095	2.2231e+06	3685.3
0.00095625	2.1089e+06	2991
0.0009625	2.0005e+06	2426.3
0.00096875	1.8978e+06	1967.3
0.000975	1.8003e+06	1594.5
0.00098125	1.7079e+06	1291.8
0.0009875	1.6202e+06	1046.2
0.00099375	1.5371e+06	846.92
0.001	1.4582e+06	685.37
0.0010062	1.3833e+06	554.44
0.0010125	1.3124e+06	448.37
0.0010187	1.245e+06	362.48
0.001025	1.1811e+06	292.95
0.0010313	1.1205e+06	236.69
0.0010375	1.0631e+06	191.18
0.0010437	1.0085e+06	154.38
0.00105	9.5678e+05	124.62
0.0010562	9.077e+05	100.58
0.0010625	8.6114e+05	81.156
0.0010688	8.1696e+05	65.466
0.001075	7.7506e+05	52.798
0.0010812	7.353e+05	42.571
0.0010875	6.9759e+05	34.317
0.0010938	6.618e+05	27.658
0.0011	6.2786e+05	22.286
0.0011063	5.9565e+05	17.954
0.0011125	5.651e+05	14.461
0.0011187	5.3612e+05	11.646
0.001125	5.0862e+05	9.3766
0.0011313	4.8253e+05	7.548
0.0011375	4.5778e+05	6.075
0.0011438	4.343e+05	4.8885
0.00115	4.1203e+05	3.933
0.0011562	3.9089e+05	3.1637
0.0011625	3.7084e+05	2.5444
0.0011688	3.5182e+05	2.046
0.001175	3.3378e+05	1.6449
0.0011813	3.1666e+05	1.3222
0.0011875	3.0042e+05	1.0626
0.0011937	2.8501e+05	0.85386
0.0012	2.7039e+05	0.68597
0.0012063	2.5652e+05	0.55099
0.0012125	2.4336e+05	0.44249
0.0012187	2.3088e+05	0.35528
0.001225	2.1904e+05	0.28521
0.0012312	2.0781e+05	0.22891
0.0012375	1.9715e+05	0.18368
0.0012438	1.8703e+05	0.14736
0.00125	1.7744e+05	0.11819
0.0012562	1.6834e+05	0.094769
0.0012625	1.5971e+05	0.075966
0.0012687	1.5151e+05	0.060875
0.001275	1.4374e+05	0.048767
0.0012813	1.3637e+05	0.039054
0.0012875	1.2937e+05	0.031267
0.0012937	1.2274e+05	0.025026
0.0013	1.1644e+05	0.020025
0.0013062	1.1047e+05	0.016018
0.0013125	1.048e+05	0.012809
0.0013188	99428	0.010238
0.001325	94327	0.0081804
0.0013312	89489	0.0065336
0.0013375	84898	0.0052161
0.0013437	80543	0.0041623
0.00135	76411	0.0033198
0.0013563	72491	0.0026466
0.0013625	68772	0.0021087
0.0013687	65244	0.0016792
0.001375	61897	0.0013364
0.0013813	58721	0.0010629
0.0013875	55708	0.00084484
0.0013938	52850	0.00067102
0.0014	50139	0.00053255
0.0014062	47566	0.00042231
0.0014125	45125	0.0003346
0.0014188	42810	0.00026486
0.001425	40613	0.00020944
0.0014313	38528	0.00016544
0.0014375	36551	0.00013054
0.0014437	34675	0.00010287
0.00145	32895	8.0957e-05
0.0014563	31207	6.3622e-05
0.0014625	29605	4.9921e-05
0.0014688	28085	3.9107e-05
0.001475	26643	3.058e-05
0.0014812	25275	2.3866e-05
0.0014875	23977	1.8587e-05
0.0014938	22746	1.4442e-05
0.0015	21578	1.1193e-05
0.0015062	20470	8.6481e-06
0.0015125	19418	6.6628e-06
0.0015187	18421	5.1214e-06
0.001525	17474	3.9281e-06
0.0015313	16577	3.0076e-06
0.0015375	15725	2.3003e-06
0.0015437	14917	1.7596e-06
0.00155	14150	1.3484e-06
0.0015562	13423	1.0379e-06
0.0015625	12733	8.0513e-07
0.0015688	12078	6.3239e-07
0.001575	11457	5.0568e-07
0.0015812	10868	4.1426e-07
0.0015875	10309	3.4968e-07
0.0015937	9778.2	3.0502e-07
0.0016	9275.1	2.7521e-07
0.0016063	8797.8	2.5641e-07
0.0016125	8345	2.4564e-07
0.0016187	7915.4	2.4063e-07
0.001625	7507.9	2.3964e-07
0.0016313	7121.3	2.4139e-07
0.0016375	6754.5	2.4489e-07
0.0016438	6406.6	2.4945e-07
0.00165	6076.5	2.5453e-07
0.0016562	5763.4	2.5975e-07
0.0016625	5466.4	2.6484e-07
0.0016688	5184.7	2.6962e-07
0.001675	4917.4	2.7398e-07
0.0016813	4663.9	2.7784e-07
0.0016875	4423.4	2.8116e-07
0.0016937	4195.3	2.8394e-07
0.0017	3978.9	2.8618e-07
0.0017063	3773.7	2.8791e-07
0.0017125	3579	2.8916e-07
0.0017188	3394.4	2.8994e-07
0.001725	3219.3	2.9026e-07
0.0017312	3053.2	2.9016e-07
0.0017375	2895.6	2.8965e-07
0.0017438	2746.2	2.8877e-07
0.00175	2604.5	2.8752e-07
0.0017562	2470.2	2.8593e-07
0.0017625	2342.7	2.8402e-07
0.0017687	2221.9	2.8182e-07
0.001775	2107.3	2.7934e-07
0.0017813	1998.6	2.7661e-07
0.0017875	1895.6	2.7364e-07
0.0017937	1797.9	2.7046e-07
0.0018	1705.3	2.6708e-07
0.0018062	1617.4	2.6352e-07
0.0018125	1534.2	2.5981e-07
0.0018188	1455.2	2.5595e-07
0.001825	1380.4	2.5196e-07
0.0018312	1309.4	2.4786e-07
0.0018375	1242.1	2.4367e-07
0.0018437	1178.4	2.3939e-07
0.00185	1117.9	2.3504e-07
0.0018563	1060.6	2.3064e-07
0.0018625	1006.3	2.262e-07
0.0018687	954.86	2.2172e-07
0.001875	906.08	2.1722e-07
0.0018812	859.85	2.1272e-07
0.0018875	816.03	2.082e-07
0.0018938	774.51	2.037e-07
0.0019	735.16	1.9922e-07
0.0019062	697.86	1.9475e-07
0.0019125	662.52	1.9031e-07
0.0019188	629.03	1.8592e-07
0.001925	597.3	1.8156e-07
0.0019313	567.23	1.7725e-07
0.0019375	538.73	1.73e-07
0.0019437	511.73	1.688e-07
0.00195	486.14	1.6467e-07
0.0019563	461.89	1.606e-07
0.0019625	438.91	1.5659e-07
0.0019688	417.13	1.5266e-07
0.001975	396.5	1.488e-07
0.0019812	376.93	1.4502e-07
0.0019875	358.4	1.4131e-07
0.0019937	340.82	1.3768e-07
0.002	324.16	1.3413e-07
0.0020062	308.37	1.3066e-07
0.0020125	293.39	1.2726e-07
0.0020188	279.19	1.2396e-07
0.002025	265.72	1.2072e-07
0.0020313	252.94	1.1758e-07
0.0020375	240.83	1.1451e-07
0.0020437	229.32	1.1152e-07
0.00205	218.41	1.0862e-07
0.0020562	208.04	1.0579e-07
0.0020625	198.2	1.0304e-07
0.0020687	188.85	1.0037e-07
0.002075	179.98	9.7773e-08
0.0020813	171.53	9.5252e-08
0.0020875	163.51	9.2807e-08
0.0020938	155.88	9.0433e-08
0.0021	148.62	8.8133e-08
0.0021063	141.71	8.5902e-08
0.0021125	135.14	8.374e-08
0.0021187	128.87	8.1647e-08
0.002125	122.9	7.9619e-08
0.0021312	117.2	7.7655e-08
0.0021375	111.77	7.5757e-08
0.0021437	106.59	7.3919e-08
0.00215	101.64	7.2142e-08
0.0021563	96.91	7.0423e-08
0.0021625	92.392	6.8762e-08
0.0021688	88.067	6.7156e-08
0.002175	83.931	6.5607e-08
0.0021813	79.968	6.411e-08
0.0021875	76.175	6.2664e-08
0.0021937	72.536	6.1269e-08
0.0022	69.049	5.9923e-08
0.0022062	65.7	5.8624e-08
0.0022125	62.488	5.7373e-08
0.0022187	59.4	5.6165e-08
0.002225	56.435	5.5003e-08
0.0022313	53.583	5.3882e-08
0.0022375	50.842	5.2803e-08
0.0022438	48.202	5.1765e-08
0.00225	45.664	5.0765e-08
0.0022563	43.219	4.9803e-08
0.0022625	40.866	4.8879e-08
0.0022687	38.598	4.799e-08
0.002275	36.416	4.7137e-08
0.0022812	34.313	4.6317e-08
0.0022875	32.288	4.553e-08
0.0022938	30.337	4.4776e-08
0.0023	28.46	4.4052e-08
0.0023063	26.652	4.336e-08
0.0023125	24.913	4.2696e-08
0.0023188	23.24	4.2061e-08
0.002325	21.632	4.1456e-08
0.0023312	20.088	4.0876e-08
0.0023375	18.606	4.0324e-08
0.0023437	17.184	3.9798e-08
0.00235	15.823	3.9297e-08
0.0023562	14.521	3.8822e-08
0.0023625	13.277	3.8369e-08
0.0023688	12.091	3.7941e-08
0.002375	10.962	3.7537e-08
0.0023813	9.8896	3.7155e-08
0.0023875	8.8737	3.6795e-08
0.0023938	7.9133	3.6457e-08
0.0024	7.0087	3.614e-08
0.0024062	6.1592	3.5845e-08
0.0024125	5.3651	3.557e-08
0.0024187	4.6258	3.5316e-08
0.002425	3.9416	3.5081e-08
0.0024312	3.312	3.4866e-08
0.0024375	2.7374	3.4671e-08
0.0024438	2.2173	3.4495e-08
0.00245	1.7521	3.4339e-08
0.0024563	1.3415	3.4201e-08
0.0024625	0.98568	3.4082e-08
0.0024688	0.68452	3.3981e-08
0.002475	0.43813	3.3899e-08
0.0024812	0.24645	3.3835e-08
0.0024875	0.10954	3.379e-08
0.0024937	0.027385	3.3762e-08
0.0025	0	3.3754e-08
