0	8.8339e+09	5.5746e+07
6.25e-06	8.6382e+09	5.5851e+07
1.25e-05	8.4941e+09	5.5762e+07
1.875e-05	8.3271e+09	5.5863e+07
2.5e-05	8.2002e+09	5.58e+07
3.125e-05	8.0449e+09	5.5854e+07
3.75e-05	7.9267e+09	5.5806e+07
4.375e-05	7.7788e+09	5.5849e+07
5e-05	7.666e+09	5.5809e+07
5.625e-05	7.5233e+09	5.5846e+07
6.25e-05	7.4144e+09	5.5809e+07
6.875e-05	7.2757e+09	5.5842e+07
7.5e-05	7.1699e+09	5.5809e+07
8.125e-05	7.0344e+09	5.5839e+07
8.75e-05	6.9311e+09	5.5809e+07
9.375e-05	6.7985e+09	5.5836e+07
0.0001	6.6973e+09	5.5808e+07
0.00010625	6.5672e+09	5.5833e+07
0.0001125	6.468e+09	5.5807e+07
0.00011875	6.3401e+09	5.583e+07
0.000125	6.2426e+09	5.5806e+07
0.00013125	6.1169e+09	5.5827e+07
0.0001375	6.0211e+09	5.5804e+07
0.00014375	5.8974e+09	5.5824e+07
0.00015	5.8031e+09	5.5803e+07
0.00015625	5.6813e+09	5.5821e+07
0.0001625	5.5885e+09	5.5801e+07
0.00016875	5.4686e+09	5.5818e+07
0.000175	5.3772e+09	5.5799e+07
0.00018125	5.2592e+09	5.5815e+07
0.0001875	5.1692e+09	5.5797e+07
0.00019375	5.0531e+09	5.5811e+07
0.0002	4.9644e+09	5.5794e+07
0.00020625	4.8501e+09	5.5808e+07
0.0002125	4.7628e+09	5.5792e+07
0.00021875	4.6504e+09	5.5804e+07
0.000225	4.5644e+09	5.5789e+07
0.00023125	4.4538e+09	5.58e+07
0.0002375	4.3692e+09	5.5786e+07
0.00024375	4.2604e+09	5.5796e+07
0.00025	4.1771e+09	5.5783e+07
0.00025625	4.0702e+09	5.5792e+07
0.0002625	3.9883e+09	5.5779e+07
0.00026875	3.8833e+09	5.5788e+07
0.000275	3.8027e+09	5.5776e+07
0.00028125	3.6996e+09	5.5783e+07
0.0002875	3.6205e+09	5.5771e+07
0.00029375	3.5193e+09	5.5778e+07
0.0003	3.4415e+09	5.5767e+07
0.00030625	3.3423e+09	5.5772e+07
0.0003125	3.2659e+09	5.5762e+07
0.00031875	3.1687e+09	5.5766e+07
0.000325	3.0938e+09	5.5756e+07
0.00033125	2.9986e+09	5.5759e+07
0.0003375	2.9251e+09	5.575e+07
0.00034375	2.832e+09	5.5752e+07
0.00035	2.76e+09	5.5743e+07
0.00035625	2.6689e+09	5.5744e+07
0.0003625	2.5985e+09	5.5735e+07
0.00036875	2.5095e+09	5.5735e+07
0.000375	2.4406e+09	5.5726e+07
0.00038125	2.3539e+09	5.5724e+07
0.0003875	2.2865e+09	5.5715e+07
0.00039375	2.2019e+09	5.5712e+07
0.0004	2.1361e+09	5.5702e+07
0.00040625	2.0539e+09	5.5698e+07
0.0004125	1.9897e+09	5.5687e+07
0.00041875	1.9097e+09	5.5681e+07
0.000425	1.8472e+09	5.5669e+07
0.00043125	1.7696e+09	5.5661e+07
0.0004375	1.7087e+09	5.5647e+07
0.00044375	1.6335e+09	5.5636e+07
0.00045	1.5744e+09	5.562e+07
0.00045625	1.5017e+09	5.5605e+07
0.0004625	1.4443e+09	5.5586e+07
0.00046875	1.3741e+09	5.5567e+07
0.000475	1.3185e+09	5.5543e+07
0.00048125	1.2509e+09	5.5518e+07
0.0004875	1.1972e+09	5.5488e+07
0.00049375	1.1322e+09	5.5455e+07
0.0005	1.0804e+09	5.5415e+07
0.00050625	1.0181e+09	5.5371e+07
0.0005125	9.6834e+08	5.5319e+07
0.00051875	9.0887e+08	5.5259e+07
0.000525	8.6113e+08	5.5189e+07
0.00053125	8.0457e+08	5.5106e+07
0.0005375	7.5897e+08	5.5009e+07
0.00054375	7.0543e+08	5.4894e+07
0.00055	6.6207e+08	5.4757e+07
0.00055625	6.1169e+08	5.4593e+07
0.0005625	5.7069e+08	5.4396e+07
0.00056875	5.2363e+08	5.4159e+07
0.000575	4.8514e+08	5.3871e+07
0.00058125	4.416e+08	5.352e+07
0.0005875	4.0578e+08	5.3092e+07
0.00059375	3.6599e+08	5.2567e+07
0.0006	3.3306e+08	5.1923e+07
0.00060625	2.9728e+08	5.1131e+07
0.0006125	2.675e+08	5.0159e+07
0.00061875	2.3604e+08	4.897e+07
0.000625	2.097e+08	4.7522e+07
0.00063125	1.8287e+08	4.5778e+07
0.0006375	1.6029e+08	4.3701e+07
0.00064375	1.3833e+08	4.1277e+07
0.00065	1.1979e+08	3.8502e+07
0.00065625	1.0273e+08	3.5431e+07
0.0006625	8.8281e+07	3.2117e+07
0.00066875	7.5756e+07	2.8714e+07
0.000675	6.5064e+07	2.531e+07
0.00068125	5.6254e+07	2.211e+07
0.0006875	4.8591e+07	1.9151e+07
0.00069375	4.2458e+07	1.6579e+07
0.0007	3.7004e+07	1.4309e+07
0.00070625	3.2677e+07	1.2382e+07
0.0007125	2.8764e+07	1.0693e+07
0.00071875	2.5657e+07	9.2392e+06
0.000725	2.2816e+07	7.9545e+06
0.00073125	2.0541e+07	6.8409e+06
0.0007375	1.8437e+07	5.8564e+06
0.00074375	1.6728e+07	5.0041e+06
0.00075	1.5135e+07	4.2554e+06
0.00075625	1.3822e+07	3.611e+06
0.0007625	1.2593e+07	3.05e+06
0.00076875	1.1563e+07	2.57e+06
0.000775	1.0598e+07	2.1559e+06
0.00078125	9.775e+06	1.8039e+06
0.0007875	9.0029e+06	1.5033e+06
0.00079375	8.3355e+06	1.2493e+06
0.0008	7.7086e+06	1.0344e+06
0.00080625	7.1591e+06	8.5405e+05
0.0008125	6.6429e+06	7.0276e+05
0.00081875	6.1845e+06	5.7672e+05
0.000825	5.7538e+06	4.718e+05
0.00083125	5.367e+06	3.8497e+05
0.0008375	5.0036e+06	3.1323e+05
0.00084375	4.6741e+06	2.5424e+05
0.00085	4.3646e+06	2.0582e+05
0.00085625	4.0818e+06	1.6624e+05
0.0008625	3.8163e+06	1.3396e+05
0.00086875	3.5721e+06	1.0772e+05
0.000875	3.3429e+06	86433
0.00088125	3.131e+06	69219
0.0008875	2.9322e+06	55325
0.00089375	2.7477e+06	44142
0.0009	2.5746e+06	35157
0.00090625	2.4135e+06	27956
0.0009125	2.2623e+06	22195
0.00091875	2.1213e+06	17595
0.000925	1.989e+06	13928
0.00093125	1.8654e+06	11011
0.0009375	1.7495e+06	8692.9
0.00094375	1.641e+06	6854.9
0.00095	1.5393e+06	5399.1
0.00095625	1.444e+06	4247.7
0.0009625	1.3546e+06	3338.3
0.00096875	1.2708e+06	2621
0.000975	1.1923e+06	2055.8
0.00098125	1.1186e+06	1611
0.0009875	1.0495e+06	1261.3
0.00099375	9.8475e+05	986.73
0.001	9.2397e+05	771.29
0.0010062	8.6696e+05	602.43
0.0010125	8.1348e+05	470.19
0.0010187	7.6331e+05	366.72
0.001025	7.1624e+05	285.82
0.0010313	6.7208e+05	222.63
0.0010375	6.3065e+05	173.3
0.0010437	5.9177e+05	134.82
0.00105	5.553e+05	104.83
0.0010562	5.2108e+05	81.461
0.0010625	4.8897e+05	63.269
0.0010688	4.5884e+05	49.115
0.001075	4.3057e+05	38.109
0.0010812	4.0404e+05	29.555
0.0010875	3.7915e+05	22.91
0.0010938	3.558e+05	17.752
0.0011	3.3388e+05	13.749
0.0011063	3.1332e+05	10.644
0.0011125	2.9402e+05	8.2371
0.0011187	2.7591e+05	6.372
0.001125	2.5892e+05	4.9273
0.0011313	2.4298e+05	3.8087
0.0011375	2.2802e+05	2.943
0.0011438	2.1398e+05	2.2733
0.00115	2.008e+05	1.7554
0.0011562	1.8844e+05	1.3549
0.0011625	1.7684e+05	1.0455
0.0011688	1.6595e+05	0.80638
0.001175	1.5574e+05	0.62172
0.0011813	1.4615e+05	0.47916
0.0011875	1.3716e+05	0.36918
0.0011937	1.2872e+05	0.28436
0.0012	1.2079e+05	0.21897
0.0012063	1.1336e+05	0.16858
0.0012125	1.0638e+05	0.12975
0.0012187	99837	0.09983
0.001225	93694	0.076787
0.0012312	87929	0.059045
0.0012375	82519	0.04539
0.0012438	77442	0.034882
0.00125	72678	0.026798
0.0012562	68207	0.020581
0.0012625	64011	0.015802
0.0012687	60073	0.012128
0.001275	56378	0.0093053
0.0012813	52910	0.0071369
0.0012875	49656	0.0054717
0.0012937	46602	0.0041933
0.0013	43735	0.0032122
0.0013062	41046	0.0024594
0.0013125	38521	0.001882
0.0013188	36152	0.0014394
0.001325	33929	0.0011001
0.0013312	31842	0.00084017
0.0013375	29884	0.00064116
0.0013437	28046	0.00048884
0.00135	26322	0.00037234
0.0013563	24703	0.00028328
0.0013625	23184	0.00021526
0.0013687	21758	0.00016334
0.001375	20420	0.00012374
0.0013813	19164	9.3582e-05
0.0013875	17986	7.0629e-05
0.0013938	16879	5.3186e-05
0.0014	15841	3.9961e-05
0.0014062	14867	2.9951e-05
0.0014125	13953	2.2391e-05
0.0014188	13094	1.6694e-05
0.001425	12289	1.2415e-05
0.0014313	11533	9.2098e-06
0.0014375	10824	6.819e-06
0.0014437	10158	5.0435e-06
0.00145	9532.8	3.7318e-06
0.0014563	8946.2	2.7688e-06
0.0014625	8395.8	2.0672e-06
0.0014688	7879.2	1.5604e-06
0.001475	7394.3	1.1986e-06
0.0014812	6939.3	9.4382e-07
0.0014875	6512.2	7.6757e-07
0.0014938	6111.4	6.4853e-07
0.0015	5735.2	5.7071e-07
0.0015062	5382.2	5.2223e-07
0.0015125	5050.8	4.943e-07
0.0015187	4739.9	4.8056e-07
0.001525	4448	4.7613e-07
0.0015313	4174.1	4.7751e-07
0.0015375	3917.1	4.8233e-07
0.0015437	3675.9	4.889e-07
0.00155	3449.5	4.9604e-07
0.0015562	3237.1	5.0293e-07
0.0015625	3037.7	5.0904e-07
0.0015688	2850.6	5.1408e-07
0.001575	2675	5.1794e-07
0.0015812	2510.2	5.2065e-07
0.0015875	2355.6	5.2224e-07
0.0015937	2210.5	5.2277e-07
0.0016	2074.3	5.2227e-07
0.0016063	1946.5	5.208e-07
0.0016125	1826.6	5.1841e-07
0.0016187	1714.1	5.1514e-07
0.001625	1608.5	5.1107e-07
0.0016313	1509.4	5.0623e-07
0.0016375	1416.5	5.0068e-07
0.0016438	1329.2	4.9448e-07
0.00165	1247.4	4.8767e-07
0.0016562	1170.6	4.8033e-07
0.0016625	1098.5	4.7249e-07
0.0016688	1030.9	4.642e-07
0.001675	967.44	4.5553e-07
0.0016813	907.91	4.465e-07
0.0016875	852.05	4.3718e-07
0.0016937	799.64	4.276e-07
0.0017	750.47	4.1781e-07
0.0017063	704.33	4.0785e-07
0.0017125	661.05	3.9775e-07
0.0017188	620.43	3.8755e-07
0.001725	582.33	3.7729e-07
0.0017312	546.57	3.6699e-07
0.0017375	513.04	3.5669e-07
0.0017438	481.56	3.4641e-07
0.00175	452.04	3.3618e-07
0.0017562	424.33	3.2602e-07
0.0017625	398.35	3.1596e-07
0.0017687	373.96	3.0601e-07
0.001775	351.08	2.9618e-07
0.0017813	329.62	2.865e-07
0.0017875	309.48	2.7697e-07
0.0017937	290.58	2.6762e-07
0.0018	272.86	2.5844e-07
0.0018062	256.22	2.4946e-07
0.0018125	240.62	2.4067e-07
0.0018188	225.97	2.3208e-07
0.001825	212.24	2.2371e-07
0.0018312	199.34	2.1554e-07
0.0018375	187.25	2.0759e-07
0.0018437	175.9	1.9985e-07
0.00185	165.25	1.9234e-07
0.0018563	155.25	1.8504e-07
0.0018625	145.88	1.7796e-07
0.0018687	137.08	1.711e-07
0.001875	128.82	1.6445e-07
0.0018812	121.07	1.5801e-07
0.0018875	113.8	1.5179e-07
0.0018938	106.97	1.4577e-07
0.0019	100.57	1.3996e-07
0.0019062	94.549	1.3434e-07
0.0019125	88.909	1.2893e-07
0.0019188	83.607	1.237e-07
0.001925	78.637	1.1866e-07
0.0019313	73.965	1.1381e-07
0.0019375	69.586	1.0913e-07
0.0019437	65.468	1.0463e-07
0.00195	61.607	1.0029e-07
0.0019563	57.977	9.6119e-08
0.0019625	54.573	9.2107e-08
0.0019688	51.372	8.8249e-08
0.001975	48.37	8.454e-08
0.0019812	45.546	8.0976e-08
0.0019875	42.899	7.7552e-08
0.0019937	40.407	7.4263e-08
0.002	38.07	7.1105e-08
0.0020062	35.871	6.8073e-08
0.0020125	33.808	6.5163e-08
0.0020188	31.866	6.2371e-08
0.002025	30.044	5.9692e-08
0.0020313	28.329	5.7122e-08
0.0020375	26.719	5.4658e-08
0.0020437	25.202	5.2296e-08
0.00205	23.779	5.0031e-08
0.0020562	22.437	4.786e-08
0.0020625	21.178	4.5781e-08
0.0020687	19.991	4.3788e-08
0.002075	18.876	4.188e-08
0.0020813	17.824	4.0051e-08
0.0020875	16.836	3.8302e-08
0.0020938	15.903	3.6626e-08
0.0021	15.027	3.5023e-08
0.0021063	14.199	3.3489e-08
0.0021125	13.421	3.2021e-08
0.0021187	12.685	3.0617e-08
0.002125	11.993	2.9274e-08
0.0021312	11.339	2.799e-08
0.0021375	10.722	2.6763e-08
0.0021437	10.139	2.559e-08
0.00215	9.5887	2.4469e-08
0.0021563	9.0683	2.3398e-08
0.0021625	8.5767	2.2376e-08
0.0021688	8.1114	2.14e-08
0.002175	7.6713	2.0468e-08
0.0021813	7.2544	1.9579e-08
0.0021875	6.8596	1.8731e-08
0.0021937	6.4853	1.7922e-08
0.0022	6.1304	1.715e-08
0.0022062	5.7936	1.6415e-08
0.0022125	5.4739	1.5715e-08
0.0022187	5.1702	1.5047e-08
0.002225	4.8815	1.4411e-08
0.0022313	4.607	1.3806e-08
0.0022375	4.3457	1.323e-08
0.0022438	4.0971	1.2682e-08
0.00225	3.8602	1.2161e-08
0.0022563	3.6346	1.1666e-08
0.0022625	3.4193	1.1195e-08
0.0022687	3.2142	1.0748e-08
0.002275	3.0183	1.0324e-08
0.0022812	2.8316	9.9208e-09
0.0022875	2.6531	9.5387e-09
0.0022938	2.4829	9.1764e-09
0.0023	2.3202	8.833e-09
0.0023063	2.1649	8.5078e-09
0.0023125	2.0165	8.2001e-09
0.0023188	1.875	7.909e-09
0.002325	1.7397	7.6338e-09
0.0023312	1.6108	7.3741e-09
0.0023375	1.4877	7.1291e-09
0.0023437	1.3705	6.8978e-09
0.00235	1.2587	6.6802e-09
0.0023562	1.1525	6.4754e-09
0.0023625	1.0514	6.2831e-09
0.0023688	0.95558	6.1025e-09
0.002375	0.86463	5.9334e-09
0.0023813	0.77871	5.7752e-09
0.0023875	0.69748	5.6275e-09
0.0023938	0.62109	5.49e-09
0.0024	0.54925	5.3623e-09
0.0024062	0.48209	5.2439e-09
0.0024125	0.41938	5.1347e-09
0.0024187	0.36122	5.0343e-09
0.002425	0.30745	4.9424e-09
0.0024312	0.25813	4.8587e-09
0.0024375	0.21314	4.7831e-09
0.0024438	0.17254	4.7154e-09
0.00245	0.13624	4.6553e-09
0.0024563	0.10426	4.6025e-09
0.0024625	0.07656	4.5573e-09
0.0024688	0.053153	4.5192e-09
0.002475	0.034005	4.488e-09
0.0024812	0.019125	4.464e-09
0.0024875	0.0084981	4.4468e-09
0.0024937	0.0021245	4.4365e-09
0.0025	0	4.4332e-09
