0	1.1302e+10	1.0623e+08
6.25e-06	1.1058e+10	1.0626e+08
1.25e-05	1.0858e+10	1.0625e+08
1.875e-05	1.0638e+10	1.0628e+08
2.5e-05	1.0456e+10	1.0626e+08
3.125e-05	1.0249e+10	1.0628e+08
3.75e-05	1.0078e+10	1.0627e+08
4.375e-05	9.8803e+09	1.0627e+08
5e-05	9.7161e+09	1.0627e+08
5.625e-05	9.5255e+09	1.0627e+08
6.25e-05	9.367e+09	1.0626e+08
6.875e-05	9.1819e+09	1.0627e+08
7.5e-05	9.0279e+09	1.0626e+08
8.125e-05	8.8474e+09	1.0626e+08
8.75e-05	8.6973e+09	1.0626e+08
9.375e-05	8.5209e+09	1.0626e+08
0.0001	8.3742e+09	1.0625e+08
0.00010625	8.2014e+09	1.0625e+08
0.0001125	8.0577e+09	1.0625e+08
0.00011875	7.8883e+09	1.0625e+08
0.000125	7.7475e+09	1.0624e+08
0.00013125	7.5813e+09	1.0624e+08
0.0001375	7.4431e+09	1.0624e+08
0.00014375	7.2799e+09	1.0623e+08
0.00015	7.1442e+09	1.0623e+08
0.00015625	6.9839e+09	1.0623e+08
0.0001625	6.8506e+09	1.0622e+08
0.00016875	6.6931e+09	1.0622e+08
0.000175	6.5622e+09	1.0621e+08
0.00018125	6.4075e+09	1.0621e+08
0.0001875	6.2789e+09	1.062e+08
0.00019375	6.127e+09	1.062e+08
0.0002	6.0007e+09	1.0619e+08
0.00020625	5.8515e+09	1.0618e+08
0.0002125	5.7274e+09	1.0618e+08
0.00021875	5.581e+09	1.0617e+08
0.000225	5.4591e+09	1.0616e+08
0.00023125	5.3155e+09	1.0615e+08
0.0002375	5.1958e+09	1.0614e+08
0.00024375	5.0549e+09	1.0614e+08
0.00025	4.9376e+09	1.0612e+08
0.00025625	4.7995e+09	1.0612e+08
0.0002625	4.6844e+09	1.061e+08
0.00026875	4.5491e+09	1.0609e+08
0.000275	4.4363e+09	1.0608e+08
0.00028125	4.3039e+09	1.0606e+08
0.0002875	4.1934e+09	1.0605e+08
0.00029375	4.0639e+09	1.0603e+08
0.0003	3.9557e+09	1.0602e+08
0.00030625	3.8292e+09	1.06e+08
0.0003125	3.7234e+09	1.0598e+08
0.00031875	3.5999e+09	1.0596e+08
0.000325	3.4965e+09	1.0593e+08
0.00033125	3.376e+09	1.0591e+08
0.0003375	3.2751e+09	1.0588e+08
0.00034375	3.1577e+09	1.0585e+08
0.00035	3.0592e+09	1.0581e+08
0.00035625	2.9451e+09	1.0578e+08
0.0003625	2.8492e+09	1.0574e+08
0.00036875	2.7383e+09	1.0569e+08
0.000375	2.6449e+09	1.0565e+08
0.00038125	2.5373e+09	1.0559e+08
0.0003875	2.4466e+09	1.0553e+08
0.00039375	2.3424e+09	1.0547e+08
0.0004	2.2544e+09	1.054e+08
0.00040625	2.1537e+09	1.0531e+08
0.0004125	2.0685e+09	1.0522e+08
0.00041875	1.9714e+09	1.0512e+08
0.000425	1.889e+09	1.0501e+08
0.00043125	1.7955e+09	1.0488e+08
0.0004375	1.7161e+09	1.0474e+08
0.00044375	1.6264e+09	1.0458e+08
0.00045	1.5501e+09	1.044e+08
0.00045625	1.4643e+09	1.0419e+08
0.0004625	1.3911e+09	1.0396e+08
0.00046875	1.3094e+09	1.0369e+08
0.000475	1.2394e+09	1.0338e+08
0.00048125	1.1619e+09	1.0303e+08
0.0004875	1.0954e+09	1.0262e+08
0.00049375	1.0222e+09	1.0215e+08
0.0005	9.5932e+08	1.0161e+08
0.00050625	8.9073e+08	1.0099e+08
0.0005125	8.3157e+08	1.0026e+08
0.00051875	7.6778e+08	9.9417e+07
0.000525	7.126e+08	9.8435e+07
0.00053125	6.5385e+08	9.7292e+07
0.0005375	6.0287e+08	9.5961e+07
0.00054375	5.4942e+08	9.4414e+07
0.00055	5.029e+08	9.2618e+07
0.00055625	4.5503e+08	9.0541e+07
0.0005625	4.1323e+08	8.8148e+07
0.00056875	3.7118e+08	8.541e+07
0.000575	3.3434e+08	8.2299e+07
0.00058125	2.9829e+08	7.8805e+07
0.0005875	2.6661e+08	7.4919e+07
0.00059375	2.3658e+08	7.0673e+07
0.0006	2.101e+08	6.6091e+07
0.00060625	1.8586e+08	6.1265e+07
0.0006125	1.644e+08	5.625e+07
0.00061875	1.4544e+08	5.1195e+07
0.000625	1.2855e+08	4.6163e+07
0.00063125	1.1407e+08	4.1325e+07
0.0006375	1.0106e+08	3.6708e+07
0.00064375	9.0151e+07	3.2453e+07
0.00065	8.0248e+07	2.8526e+07
0.00065625	7.2052e+07	2.5013e+07
0.0006625	6.4544e+07	2.1833e+07
0.00066875	5.8347e+07	1.9033e+07
0.000675	5.2622e+07	1.6526e+07
0.00068125	4.7879e+07	1.4336e+07
0.0006875	4.3467e+07	1.239e+07
0.00069375	3.9782e+07	1.0694e+07
0.0007	3.6339e+07	9.1985e+06
0.00070625	3.3433e+07	7.8993e+06
0.0007125	3.0706e+07	6.7614e+06
0.00071875	2.8383e+07	5.7755e+06
0.000725	2.6197e+07	4.9179e+06
0.00073125	2.4309e+07	4.1782e+06
0.0007375	2.2529e+07	3.5393e+06
0.00074375	2.0971e+07	2.9914e+06
0.00075	1.9501e+07	2.5214e+06
0.00075625	1.82e+07	2.1205e+06
0.0007625	1.6972e+07	1.7788e+06
0.00076875	1.5874e+07	1.489e+06
0.000775	1.4837e+07	1.2433e+06
0.00078125	1.39e+07	1.0361e+06
0.0007875	1.3017e+07	8.6143e+05
0.00079375	1.2212e+07	7.1487e+05
0.0008	1.1452e+07	5.9196e+05
0.00080625	1.0756e+07	4.8933e+05
0.0008125	1.0099e+07	4.0369e+05
0.00081875	9.4922e+06	3.325e+05
0.000825	8.9204e+06	2.7336e+05
0.00083125	8.3901e+06	2.2441e+05
0.0008375	7.8902e+06	1.8391e+05
0.00084375	7.4248e+06	1.5051e+05
0.00085	6.9862e+06	1.23e+05
0.00085625	6.5766e+06	1.0038e+05
0.0008625	6.1906e+06	81811
0.00086875	5.8294e+06	66598
0.000875	5.4889e+06	54147
0.00088125	5.1697e+06	43976
0.0008875	4.8689e+06	35675
0.00089375	4.5865e+06	28913
0.0009	4.3204e+06	23408
0.00090625	4.0703e+06	18934
0.0009125	3.8346e+06	15301
0.00091875	3.613e+06	12355
0.000925	3.4041e+06	9967.6
0.00093125	3.2075e+06	8035.3
0.0009375	3.0223e+06	6472.6
0.00094375	2.8479e+06	5210.2
0.00095	2.6836e+06	4191
0.00095625	2.5288e+06	3369
0.0009625	2.383e+06	2706.5
0.00096875	2.2456e+06	2172.9
0.000975	2.1162e+06	1743.5
0.00098125	1.9942e+06	1398.2
0.0009875	1.8793e+06	1120.7
0.00099375	1.7711e+06	897.77
0.001	1.669e+06	718.84
0.0010062	1.5729e+06	575.29
0.0010125	1.4823e+06	460.2
0.0010187	1.3969e+06	367.97
0.001025	1.3164e+06	294.1
0.0010313	1.2406e+06	234.96
0.0010375	1.1692e+06	187.63
0.0010437	1.1018e+06	149.78
0.00105	1.0384e+06	119.52
0.0010562	9.7859e+05	95.344
0.0010625	9.2223e+05	76.028
0.0010688	8.6912e+05	60.604
0.001075	8.1908e+05	48.293
0.0010812	7.7191e+05	38.47
0.0010875	7.2746e+05	30.636
0.0010938	6.8557e+05	24.389
0.0011	6.4609e+05	19.41
0.0011063	6.0888e+05	15.443
0.0011125	5.7382e+05	12.283
0.0011187	5.4077e+05	9.7672
0.001125	5.0963e+05	7.7642
0.0011313	4.8028e+05	6.1702
0.0011375	4.5263e+05	4.9021
0.0011438	4.2656e+05	3.8935
0.00115	4.0199e+05	3.0916
0.0011562	3.7884e+05	2.4542
0.0011625	3.5703e+05	1.9476
0.0011688	3.3646e+05	1.5452
0.001175	3.1709e+05	1.2256
0.0011813	2.9882e+05	0.97172
0.0011875	2.8161e+05	0.77018
0.0011937	2.6539e+05	0.61023
0.0012	2.5011e+05	0.48332
0.0012063	2.357e+05	0.38266
0.0012125	2.2213e+05	0.30287
0.0012187	2.0933e+05	0.23965
0.001225	1.9727e+05	0.18957
0.0012312	1.8591e+05	0.14989
0.0012375	1.752e+05	0.11848
0.0012438	1.6511e+05	0.093614
0.00125	1.5559e+05	0.073937
0.0012562	1.4663e+05	0.058371
0.0012625	1.3818e+05	0.046062
0.0012687	1.3022e+05	0.036333
0.001275	1.2272e+05	0.028645
0.0012813	1.1565e+05	0.022573
0.0012875	1.0898e+05	0.017779
0.0012937	1.027e+05	0.013995
0.0013	96782	0.01101
0.0013062	91204	0.0086569
0.0013125	85946	0.006802
0.0013188	80992	0.0053408
0.001325	76323	0.0041904
0.0013312	71923	0.0032851
0.0013375	67776	0.0025731
0.0013437	63868	0.0020136
0.00135	60185	0.0015742
0.0013563	56714	0.0012293
0.0013625	53443	0.0009588
0.0013687	50361	0.0007469
0.001375	47456	0.00058101
0.0013813	44718	0.00045129
0.0013875	42138	0.00034995
0.0013938	39706	0.00027089
0.0014	37415	0.00020928
0.0014062	35255	0.00016134
0.0014125	33220	0.00012408
0.0014188	31303	9.5173e-05
0.001425	29495	7.2837e-05
0.0014313	27792	5.5614e-05
0.0014375	26187	4.2365e-05
0.0014437	24675	3.2205e-05
0.00145	23249	2.4439e-05
0.0014563	21906	1.8525e-05
0.0014625	20640	1.404e-05
0.0014688	19448	1.0656e-05
0.001475	18324	8.1164e-06
0.0014812	17264	6.222e-06
0.0014875	16266	4.8192e-06
0.0014938	15326	3.7889e-06
0.0015	14439	3.0394e-06
0.0015062	13604	2.5001e-06
0.0015125	12817	2.117e-06
0.0015187	12076	1.849e-06
0.001525	11377	1.6646e-06
0.0015313	10719	1.5404e-06
0.0015375	10098	1.4586e-06
0.0015437	9513.5	1.4061e-06
0.00155	8962.6	1.3727e-06
0.0015562	8443.6	1.3514e-06
0.0015625	7954.6	1.3372e-06
0.0015688	7493.8	1.3265e-06
0.001575	7059.6	1.3169e-06
0.0015812	6650.6	1.3066e-06
0.0015875	6265.1	1.2948e-06
0.0015937	5902	1.2807e-06
0.0016	5559.9	1.2641e-06
0.0016063	5237.6	1.2453e-06
0.0016125	4933.9	1.2245e-06
0.0016187	4647.8	1.2017e-06
0.001625	4378.2	1.1774e-06
0.0016313	4124.3	1.1516e-06
0.0016375	3885	1.1245e-06
0.0016438	3659.6	1.0964e-06
0.00165	3447.3	1.0674e-06
0.0016562	3247.3	1.0376e-06
0.0016625	3058.9	1.0072e-06
0.0016688	2881.4	9.7633e-07
0.001675	2714.2	9.4516e-07
0.0016813	2556.7	9.1379e-07
0.0016875	2408.3	8.8234e-07
0.0016937	2268.5	8.5091e-07
0.0017	2136.9	8.196e-07
0.0017063	2012.9	7.8851e-07
0.0017125	1896.1	7.5771e-07
0.0017188	1786.1	7.2729e-07
0.001725	1682.5	6.973e-07
0.0017312	1584.9	6.6781e-07
0.0017375	1493	6.3887e-07
0.0017438	1406.4	6.1055e-07
0.00175	1324.8	5.8285e-07
0.0017562	1248	5.5584e-07
0.0017625	1175.7	5.2954e-07
0.0017687	1107.6	5.0396e-07
0.001775	1043.5	4.7915e-07
0.0017813	983.04	4.551e-07
0.0017875	926.16	4.3183e-07
0.0017937	872.57	4.0935e-07
0.0018	822.14	3.8766e-07
0.0018062	774.61	3.6677e-07
0.0018125	729.89	3.4667e-07
0.0018188	687.74	3.2734e-07
0.001825	648.09	3.088e-07
0.0018312	610.72	2.9104e-07
0.0018375	575.56	2.7402e-07
0.0018437	542.42	2.5776e-07
0.00185	511.25	2.4222e-07
0.0018563	481.87	2.274e-07
0.0018625	454.24	2.1328e-07
0.0018687	428.19	1.9984e-07
0.001875	403.7	1.8706e-07
0.0018812	380.61	1.7492e-07
0.0018875	358.89	1.634e-07
0.0018938	338.42	1.5248e-07
0.0019	319.17	1.4214e-07
0.0019062	301.02	1.3236e-07
0.0019125	283.96	1.2313e-07
0.0019188	267.87	1.1441e-07
0.001925	252.74	1.0619e-07
0.0019313	238.48	9.8446e-08
0.0019375	225.07	9.1159e-08
0.0019437	212.43	8.4313e-08
0.00195	200.54	7.7882e-08
0.0019563	189.33	7.185e-08
0.0019625	178.79	6.62e-08
0.0019688	168.85	6.0911e-08
0.001975	159.5	5.5968e-08
0.0019812	150.68	5.1352e-08
0.0019875	142.39	4.7046e-08
0.0019937	134.57	4.3036e-08
0.002	127.22	3.9304e-08
0.0020062	120.27	3.5862e-08
0.0020125	113.75	3.2712e-08
0.0020188	107.59	2.9794e-08
0.002025	101.79	2.7098e-08
0.0020313	96.317	2.4608e-08
0.0020375	91.17	2.2311e-08
0.0020437	86.305	2.0199e-08
0.00205	81.729	1.8259e-08
0.0020562	77.403	1.6478e-08
0.0020625	73.332	1.4847e-08
0.0020687	69.482	1.3356e-08
0.002075	65.856	1.1996e-08
0.0020813	62.425	1.0758e-08
0.0020875	59.193	9.634e-09
0.0020938	56.133	8.6147e-09
0.0021	53.248	7.6935e-09
0.0021063	50.513	6.8625e-09
0.0021125	47.934	6.1149e-09
0.0021187	45.488	5.4451e-09
0.002125	43.178	4.8462e-09
0.0021312	40.986	4.3121e-09
0.0021375	38.914	3.838e-09
0.0021437	36.945	3.4183e-09
0.00215	35.082	3.0485e-09
0.0021563	33.31	2.7239e-09
0.0021625	31.632	2.4409e-09
0.0021688	30.033	2.1945e-09
0.002175	28.518	1.982e-09
0.0021813	27.072	1.7991e-09
0.0021875	25.7	1.6433e-09
0.0021937	24.39	1.5104e-09
0.0022	23.144	1.3992e-09
0.0022062	21.953	1.3066e-09
0.0022125	20.82	1.23e-09
0.0022187	19.735	1.1666e-09
0.002225	18.7	1.1161e-09
0.0022313	17.71	1.0752e-09
0.0022375	16.764	1.0429e-09
0.0022438	15.857	1.0176e-09
0.00225	14.989	9.9772e-10
0.0022563	14.157	9.8212e-10
0.0022625	13.361	9.702e-10
0.0022687	12.597	9.6043e-10
0.002275	11.865	9.522e-10
0.0022812	11.161	9.4462e-10
0.0022875	10.487	9.3758e-10
0.0022938	9.8395	9.2988e-10
0.0023	9.2187	9.2149e-10
0.0023063	8.6225	9.1217e-10
0.0023125	8.0509	9.012e-10
0.0023188	7.5023	8.8884e-10
0.002325	6.9767	8.7454e-10
0.0023312	6.4727	8.5826e-10
0.0023375	5.9903	8.4087e-10
0.0023437	5.5284	8.2106e-10
0.00235	5.0871	7.9971e-10
0.0023562	4.6654	7.7625e-10
0.0023625	4.2634	7.5179e-10
0.0023688	3.8805	7.26e-10
0.002375	3.5165	6.9887e-10
0.0023813	3.1711	6.7082e-10
0.0023875	2.8442	6.4201e-10
0.0023938	2.5355	6.1307e-10
0.0024	2.245	5.8375e-10
0.0024062	1.9723	5.5458e-10
0.0024125	1.7176	5.2584e-10
0.0024187	1.4806	4.975e-10
0.002425	1.2613	4.7016e-10
0.0024312	1.0597	4.4397e-10
0.0024375	0.8757	4.1915e-10
0.0024438	0.70926	3.9569e-10
0.00245	0.56037	3.7416e-10
0.0024563	0.42902	3.548e-10
0.0024625	0.31519	3.3756e-10
0.0024688	0.21888	3.2277e-10
0.002475	0.14008	3.1026e-10
0.0024812	0.078797	3.0075e-10
0.0024875	0.035021	2.9373e-10
0.0024937	0.0087552	2.8914e-10
0.0025	0	2.8799e-10
