0	6.1682e+09	2.4753e+07
6.25e-06	6.0639e+09	2.4838e+07
1.25e-05	5.989e+09	2.479e+07
1.875e-05	5.8984e+09	2.4853e+07
2.5e-05	5.8314e+09	2.4811e+07
3.125e-05	5.7462e+09	2.4848e+07
3.75e-05	5.6829e+09	2.4813e+07
4.375e-05	5.601e+09	2.4843e+07
5e-05	5.54e+09	2.4812e+07
5.625e-05	5.4604e+09	2.4838e+07
6.25e-05	5.4011e+09	2.4809e+07
6.875e-05	5.3232e+09	2.4833e+07
7.5e-05	5.2652e+09	2.4806e+07
8.125e-05	5.1888e+09	2.4828e+07
8.75e-05	5.1319e+09	2.4802e+07
9.375e-05	5.0567e+09	2.4824e+07
0.0001	5.0008e+09	2.4799e+07
0.00010625	4.9267e+09	2.4819e+07
0.0001125	4.8716e+09	2.4795e+07
0.00011875	4.7986e+09	2.4814e+07
0.000125	4.7442e+09	2.4791e+07
0.00013125	4.6721e+09	2.4808e+07
0.0001375	4.6185e+09	2.4786e+07
0.00014375	4.5473e+09	2.4803e+07
0.00015	4.4943e+09	2.4781e+07
0.00015625	4.4239e+09	2.4797e+07
0.0001625	4.3716e+09	2.4776e+07
0.00016875	4.302e+09	2.4792e+07
0.000175	4.2503e+09	2.4771e+07
0.00018125	4.1815e+09	2.4785e+07
0.0001875	4.1304e+09	2.4766e+07
0.00019375	4.0624e+09	2.4779e+07
0.0002	4.0119e+09	2.476e+07
0.00020625	3.9446e+09	2.4773e+07
0.0002125	3.8946e+09	2.4754e+07
0.00021875	3.8282e+09	2.4766e+07
0.000225	3.7787e+09	2.4747e+07
0.00023125	3.713e+09	2.4758e+07
0.0002375	3.6641e+09	2.4741e+07
0.00024375	3.5991e+09	2.4751e+07
0.00025	3.5508e+09	2.4734e+07
0.00025625	3.4866e+09	2.4743e+07
0.0002625	3.4388e+09	2.4726e+07
0.00026875	3.3753e+09	2.4734e+07
0.000275	3.328e+09	2.4718e+07
0.00028125	3.2653e+09	2.4725e+07
0.0002875	3.2186e+09	2.471e+07
0.00029375	3.1566e+09	2.4716e+07
0.0003	3.1104e+09	2.4701e+07
0.00030625	3.0492e+09	2.4706e+07
0.0003125	3.0036e+09	2.4691e+07
0.00031875	2.9432e+09	2.4696e+07
0.000325	2.8981e+09	2.4681e+07
0.00033125	2.8384e+09	2.4685e+07
0.0003375	2.7939e+09	2.467e+07
0.00034375	2.735e+09	2.4673e+07
0.00035	2.691e+09	2.4659e+07
0.00035625	2.633e+09	2.4661e+07
0.0003625	2.5896e+09	2.4647e+07
0.00036875	2.5324e+09	2.4648e+07
0.000375	2.4895e+09	2.4634e+07
0.00038125	2.4331e+09	2.4634e+07
0.0003875	2.3908e+09	2.462e+07
0.00039375	2.3352e+09	2.4619e+07
0.0004	2.2935e+09	2.4605e+07
0.00040625	2.2388e+09	2.4603e+07
0.0004125	2.1976e+09	2.4589e+07
0.00041875	2.1438e+09	2.4586e+07
0.000425	2.1032e+09	2.4572e+07
0.00043125	2.0503e+09	2.4568e+07
0.0004375	2.0103e+09	2.4553e+07
0.00044375	1.9582e+09	2.4548e+07
0.00045	1.9189e+09	2.4533e+07
0.00045625	1.8677e+09	2.4526e+07
0.0004625	1.829e+09	2.4511e+07
0.00046875	1.7788e+09	2.4503e+07
0.000475	1.7407e+09	2.4487e+07
0.00048125	1.6914e+09	2.4478e+07
0.0004875	1.6539e+09	2.4461e+07
0.00049375	1.6056e+09	2.445e+07
0.0005	1.5688e+09	2.4433e+07
0.00050625	1.5214e+09	2.442e+07
0.0005125	1.4853e+09	2.4401e+07
0.00051875	1.4389e+09	2.4387e+07
0.000525	1.4034e+09	2.4367e+07
0.00053125	1.3581e+09	2.4351e+07
0.0005375	1.3233e+09	2.4329e+07
0.00054375	1.279e+09	2.431e+07
0.00055	1.2449e+09	2.4286e+07
0.00055625	1.2016e+09	2.4265e+07
0.0005625	1.1683e+09	2.4239e+07
0.00056875	1.126e+09	2.4215e+07
0.000575	1.0934e+09	2.4186e+07
0.00058125	1.0523e+09	2.4158e+07
0.0005875	1.0205e+09	2.4127e+07
0.00059375	9.8045e+08	2.4095e+07
0.0006	9.4938e+08	2.4059e+07
0.00060625	9.105e+08	2.4023e+07
0.0006125	8.8022e+08	2.3982e+07
0.00061875	8.4251e+08	2.394e+07
0.000625	8.1305e+08	2.3894e+07
0.00063125	7.7653e+08	2.3845e+07
0.0006375	7.4791e+08	2.3792e+07
0.00064375	7.1261e+08	2.3735e+07
0.00065	6.8485e+08	2.3674e+07
0.00065625	6.508e+08	2.3608e+07
0.0006625	6.2394e+08	2.3535e+07
0.00066875	5.9118e+08	2.3457e+07
0.000675	5.6524e+08	2.3372e+07
0.00068125	5.3382e+08	2.328e+07
0.0006875	5.0882e+08	2.3178e+07
0.00069375	4.7877e+08	2.3067e+07
0.0007	4.5477e+08	2.2945e+07
0.00070625	4.2615e+08	2.2811e+07
0.0007125	4.0318e+08	2.2663e+07
0.00071875	3.7603e+08	2.25e+07
0.000725	3.5415e+08	2.2318e+07
0.00073125	3.2854e+08	2.2117e+07
0.0007375	3.078e+08	2.1892e+07
0.00074375	2.8379e+08	2.1641e+07
0.00075	2.6426e+08	2.136e+07
0.00075625	2.4195e+08	2.1045e+07
0.0007625	2.237e+08	2.069e+07
0.00076875	2.0318e+08	2.0291e+07
0.000775	1.863e+08	1.9841e+07
0.00078125	1.6768e+08	1.9335e+07
0.0007875	1.5228e+08	1.8763e+07
0.00079375	1.3568e+08	1.8121e+07
0.0008	1.2188e+08	1.7399e+07
0.00080625	1.0742e+08	1.6594e+07
0.0008125	9.533e+07	1.57e+07
0.00081875	8.3115e+07	1.4718e+07
0.000825	7.2863e+07	1.3648e+07
0.00083125	6.294e+07	1.2506e+07
0.0008375	5.4582e+07	1.1302e+07
0.00084375	4.6886e+07	1.007e+07
0.00085	4.0379e+07	8.8278e+06
0.00085625	3.4689e+07	7.6253e+06
0.0008625	2.9849e+07	6.4806e+06
0.00086875	2.5798e+07	5.4434e+06
0.000875	2.2317e+07	4.5167e+06
0.00088125	1.9474e+07	3.7337e+06
0.0008875	1.6993e+07	3.0735e+06
0.00089375	1.4964e+07	2.5427e+06
0.0009	1.3168e+07	2.1069e+06
0.00090625	1.1681e+07	1.7589e+06
0.0009125	1.0355e+07	1.471e+06
0.00091875	9.2426e+06	1.2351e+06
0.000925	8.2428e+06	1.0357e+06
0.00093125	7.3932e+06	8.6984e+05
0.0009375	6.6254e+06	7.2834e+05
0.00094375	5.9646e+06	6.0988e+05
0.00095	5.3652e+06	5.0892e+05
0.00095625	4.8452e+06	4.2415e+05
0.0009625	4.3724e+06	3.522e+05
0.00096875	3.9581e+06	2.9183e+05
0.000975	3.5811e+06	2.4092e+05
0.00098125	3.2472e+06	1.9835e+05
0.0009875	2.9432e+06	1.6271e+05
0.00099375	2.6721e+06	1.3308e+05
0.001	2.4252e+06	1.0846e+05
0.0010062	2.2039e+06	88123
0.0010125	2.0024e+06	71356
0.0010187	1.8209e+06	57604
0.001025	1.6555e+06	46348
0.0010313	1.5061e+06	37183
0.0010375	1.3701e+06	29734
0.0010437	1.2467e+06	23711
0.00105	1.1344e+06	18850
0.0010562	1.0323e+06	14946
0.0010625	9.3944e+05	11815
0.0010688	8.5488e+05	9317.5
0.001075	7.7796e+05	7327.6
0.0010812	7.0785e+05	5749.2
0.0010875	6.4409e+05	4499.4
0.0010938	5.8593e+05	3513.5
0.0011	5.3306e+05	2737.2
0.0011063	4.8482e+05	2128.1
0.0011125	4.4097e+05	1651
0.0011187	4.0096e+05	1278.4
0.001125	3.6461e+05	987.94
0.0011313	3.3144e+05	762.13
0.0011375	3.0131e+05	586.88
0.0011438	2.7383e+05	451.18
0.00115	2.4887e+05	346.29
0.0011562	2.2611e+05	265.38
0.0011625	2.0545e+05	203.06
0.0011688	1.8661e+05	155.15
0.001175	1.6951e+05	118.38
0.0011813	1.5394e+05	90.185
0.0011875	1.398e+05	68.611
0.0011937	1.2692e+05	52.137
0.0012	1.1524e+05	39.577
0.0012063	1.0461e+05	30.01
0.0012125	94960	22.731
0.0012187	86181	17.2
0.001225	78218	13.002
0.0012312	70976	9.8189
0.0012375	64407	7.4081
0.0012438	58434	5.5854
0.00125	53018	4.2079
0.0012562	48095	3.1678
0.0012625	43631	2.383
0.0012687	39575	1.7914
0.001275	35897	1.3456
0.0012813	32556	1.0099
0.0012875	29528	0.75739
0.0012937	26777	0.56744
0.0013	24284	0.42467
0.0013062	22020	0.31742
0.0013125	19967	0.2369
0.0013188	18104	0.17652
0.001325	16416	0.13163
0.0013312	14883	0.097753
0.0013375	13494	0.072378
0.0013437	12233	0.053414
0.00135	11090	0.039268
0.0013563	10054	0.028741
0.0013625	9114.1	0.020927
0.0013687	8261.7	0.015149
0.001375	7489.1	0.010893
0.0013813	6788.3	0.0077751
0.0013875	6153	0.0055068
0.0013938	5577	0.0038707
0.0014	5054.8	0.0027039
0.0014062	4581.3	0.001884
0.0014125	4152.1	0.0013198
0.0014188	3762.9	0.00094305
0.001425	3410.2	0.00070433
0.0014313	3090.4	0.00057579
0.0014375	2800.5	0.00052937
0.0014437	2537.8	0.0005245
0.00145	2299.6	0.00052326
0.0014563	2083.8	0.00052112
0.0014625	1888.1	0.00051813
0.0014688	1710.8	0.0005143
0.001475	1550.1	0.00050968
0.0014812	1404.5	0.00050429
0.0014875	1272.5	0.00049818
0.0014938	1152.9	0.00049138
0.0015	1044.5	0.00048393
0.0015062	946.35	0.00047588
0.0015125	857.4	0.00046726
0.0015187	776.79	0.00045813
0.001525	703.79	0.00044852
0.0015313	637.63	0.00043849
0.0015375	577.72	0.00042807
0.0015437	523.44	0.00041732
0.00155	474.29	0.00040627
0.0015562	429.76	0.00039498
0.0015625	389.45	0.00038348
0.0015688	352.92	0.00037182
0.001575	319.86	0.00036004
0.0015812	289.91	0.00034818
0.0015875	262.8	0.00033627
0.0015937	238.24	0.00032435
0.0016	216.02	0.00031246
0.0016063	195.88	0.00030062
0.0016125	177.66	0.00028887
0.0016187	161.15	0.00027723
0.001625	146.22	0.00026573
0.0016313	132.68	0.00025439
0.0016375	120.44	0.00024323
0.0016438	109.34	0.00023228
0.00165	99.309	0.00022154
0.0016562	90.202	0.00021104
0.0016625	81.978	0.00020079
0.0016688	74.508	0.00019079
0.001675	67.763	0.00018107
0.0016813	61.634	0.00017162
0.0016875	56.1	0.00016246
0.0016937	51.068	0.00015358
0.0017	46.527	0.000145
0.0017063	42.394	0.00013671
0.0017125	38.665	0.00012873
0.0017188	35.269	0.00012104
0.001725	32.205	0.00011364
0.0017312	29.413	0.00010655
0.0017375	26.894	9.9748e-05
0.0017438	24.596	9.3238e-05
0.00175	22.524	8.7016e-05
0.0017562	20.632	8.1077e-05
0.0017625	18.925	7.5418e-05
0.0017687	17.367	7.0033e-05
0.001775	15.961	6.4916e-05
0.0017813	14.676	6.0062e-05
0.0017875	13.516	5.5464e-05
0.0017937	12.456	5.1116e-05
0.0018	11.499	4.7011e-05
0.0018062	10.624	4.3141e-05
0.0018125	9.8334	3.95e-05
0.0018188	9.1104	3.6081e-05
0.001825	8.4576	3.2875e-05
0.0018312	7.8602	2.9876e-05
0.0018375	7.3207	2.7076e-05
0.0018437	6.8268	2.4467e-05
0.00185	6.3808	2.2042e-05
0.0018563	5.9724	1.9792e-05
0.0018625	5.6036	1.7711e-05
0.0018687	5.266	1.5791e-05
0.001875	4.9609	1.4024e-05
0.0018812	4.6817	1.2402e-05
0.0018875	4.4295	1.0919e-05
0.0018938	4.1986	9.5668e-06
0.0019	3.9899	8.3384e-06
0.0019062	3.7989	7.2269e-06
0.0019125	3.6263	6.2252e-06
0.0019188	3.4682	5.3265e-06
0.001925	3.3254	4.5241e-06
0.0019313	3.1944	3.8117e-06
0.0019375	3.076	3.1827e-06
0.0019437	2.9672	2.6311e-06
0.00195	2.8689	2.1508e-06
0.0019563	2.7783	1.7361e-06
0.0019625	2.6964	1.3811e-06
0.0019688	2.6206	1.0806e-06
0.001975	2.5519	8.2928e-07
0.0019812	2.488	6.22e-07
0.0019875	2.43	4.5391e-07
0.0019937	2.3757	3.2036e-07
0.002	2.3261	2.1685e-07
0.0020062	2.2792	1.5338e-07
0.0020125	2.2363	1.3009e-07
0.0020188	2.1952	1.1878e-07
0.002025	2.1573	1.1633e-07
0.0020313	2.1205	1.1978e-07
0.0020375	2.0864	1.2636e-07
0.0020437	2.0528	1.3346e-07
0.00205	2.0214	1.3864e-07
0.0020562	1.9899	1.3964e-07
0.0020625	1.9603	1.3434e-07
0.0020687	1.9302	1.208e-07
0.002075	1.9016	9.7237e-08
0.0020813	1.8722	6.202e-08
0.0020875	1.8441	1.3677e-08
0.0020938	1.8148	-4.9113e-08
0.0021	1.7866	-1.2752e-07
0.0021063	1.7571	-2.2258e-07
0.0021125	1.7286	-3.3516e-07
0.0021187	1.6985	-4.6602e-07
0.002125	1.6692	-6.1577e-07
0.0021312	1.6384	-7.8487e-07
0.0021375	1.6083	-9.7368e-07
0.0021437	1.5765	-1.1824e-06
0.00215	1.5454	-1.4111e-06
0.0021563	1.5126	-1.6596e-06
0.0021625	1.4804	-1.9276e-06
0.0021688	1.4466	-2.216e-06
0.002175	1.4134	-2.5245e-06
0.0021813	1.3786	-2.8529e-06
0.0021875	1.3444	-3.2007e-06
0.0021937	1.3087	-3.5674e-06
0.0022	1.2736	-3.9523e-06
0.0022062	1.237	-4.3549e-06
0.0022125	1.2011	-4.7742e-06
0.0022187	1.1639	-5.2094e-06
0.002225	1.1274	-5.6597e-06
0.0022313	1.0897	-6.1245e-06
0.0022375	1.0527	-6.603e-06
0.0022438	1.0146	-7.0939e-06
0.00225	0.97738	-7.5963e-06
0.0022563	0.93925	-8.1088e-06
0.0022625	0.90193	-8.6304e-06
0.0022687	0.86391	-9.1598e-06
0.002275	0.82674	-9.6957e-06
0.0022812	0.78906	-1.0237e-05
0.0022875	0.75228	-1.0782e-05
0.0022938	0.71517	-1.133e-05
0.0023	0.67901	-1.1879e-05
0.0023063	0.64269	-1.2428e-05
0.0023125	0.60738	-1.2976e-05
0.0023188	0.57208	-1.3521e-05
0.002325	0.53786	-1.4063e-05
0.0023312	0.50382	-1.4598e-05
0.0023375	0.4709	-1.5128e-05
0.0023437	0.43833	-1.5649e-05
0.00235	0.40693	-1.6162e-05
0.0023562	0.37605	-1.6664e-05
0.0023625	0.34639	-1.7154e-05
0.0023688	0.31739	-1.7632e-05
0.002375	0.28966	-1.8096e-05
0.0023813	0.26274	-1.8544e-05
0.0023875	0.23714	-1.8977e-05
0.0023938	0.21247	-1.9392e-05
0.0024	0.18915	-1.979e-05
0.0024062	0.1669	-2.0168e-05
0.0024125	0.14604	-2.0526e-05
0.0024187	0.12634	-2.0863e-05
0.002425	0.10807	-2.1179e-05
0.0024312	0.091063	-2.1472e-05
0.0024375	0.07551	-2.1743e-05
0.0024438	0.061299	-2.1989e-05
0.00245	0.048568	-2.2211e-05
0.0024563	0.037247	-2.2408e-05
0.0024625	0.027426	-2.258e-05
0.0024688	0.019067	-2.2726e-05
0.002475	0.012223	-2.2846e-05
0.0024812	0.0068793	-2.294e-05
0.0024875	0.0030608	-2.3007e-05
0.0024937	0.00076521	-2.3047e-05
0.0025	0	-2.3061e-05
