0	9.7712e+09	6.9862e+07
6.25e-06	9.5604e+09	6.9958e+07
1.25e-05	9.402e+09	6.9882e+07
1.875e-05	9.2198e+09	6.9974e+07
2.5e-05	9.0792e+09	6.9919e+07
3.125e-05	8.9091e+09	6.9966e+07
3.75e-05	8.7777e+09	6.9925e+07
4.375e-05	8.6155e+09	6.9962e+07
5e-05	8.49e+09	6.9928e+07
5.625e-05	8.3334e+09	6.9959e+07
6.25e-05	8.2122e+09	6.9929e+07
6.875e-05	8.06e+09	6.9957e+07
7.5e-05	7.9422e+09	6.9929e+07
8.125e-05	7.7935e+09	6.9954e+07
8.75e-05	7.6785e+09	6.9929e+07
9.375e-05	7.5329e+09	6.9951e+07
0.0001	7.4203e+09	6.9928e+07
0.00010625	7.2775e+09	6.9949e+07
0.0001125	7.1671e+09	6.9927e+07
0.00011875	7.0268e+09	6.9946e+07
0.000125	6.9183e+09	6.9926e+07
0.00013125	6.7804e+09	6.9943e+07
0.0001375	6.6737e+09	6.9924e+07
0.00014375	6.538e+09	6.9941e+07
0.00015	6.4331e+09	6.9923e+07
0.00015625	6.2995e+09	6.9938e+07
0.0001625	6.1963e+09	6.9921e+07
0.00016875	6.0648e+09	6.9935e+07
0.000175	5.9631e+09	6.9919e+07
0.00018125	5.8337e+09	6.9932e+07
0.0001875	5.7336e+09	6.9916e+07
0.00019375	5.6061e+09	6.9928e+07
0.0002	5.5076e+09	6.9914e+07
0.00020625	5.3822e+09	6.9925e+07
0.0002125	5.2851e+09	6.9911e+07
0.00021875	5.1617e+09	6.9921e+07
0.000225	5.0662e+09	6.9909e+07
0.00023125	4.9448e+09	6.9917e+07
0.0002375	4.8507e+09	6.9905e+07
0.00024375	4.7313e+09	6.9913e+07
0.00025	4.6388e+09	6.9902e+07
0.00025625	4.5215e+09	6.9909e+07
0.0002625	4.4305e+09	6.9898e+07
0.00026875	4.3152e+09	6.9905e+07
0.000275	4.2257e+09	6.9894e+07
0.00028125	4.1125e+09	6.99e+07
0.0002875	4.0245e+09	6.989e+07
0.00029375	3.9134e+09	6.9894e+07
0.0003	3.827e+09	6.9885e+07
0.00030625	3.7181e+09	6.9889e+07
0.0003125	3.6332e+09	6.988e+07
0.00031875	3.5265e+09	6.9883e+07
0.000325	3.4432e+09	6.9874e+07
0.00033125	3.3386e+09	6.9876e+07
0.0003375	3.257e+09	6.9867e+07
0.00034375	3.1547e+09	6.9868e+07
0.00035	3.0747e+09	6.986e+07
0.00035625	2.9747e+09	6.9859e+07
0.0003625	2.8963e+09	6.9851e+07
0.00036875	2.7986e+09	6.985e+07
0.000375	2.722e+09	6.9841e+07
0.00038125	2.6266e+09	6.9838e+07
0.0003875	2.5517e+09	6.9829e+07
0.00039375	2.4588e+09	6.9825e+07
0.0004	2.3856e+09	6.9815e+07
0.00040625	2.2951e+09	6.981e+07
0.0004125	2.2237e+09	6.9799e+07
0.00041875	2.1357e+09	6.9791e+07
0.000425	2.0662e+09	6.9779e+07
0.00043125	1.9807e+09	6.9769e+07
0.0004375	1.913e+09	6.9754e+07
0.00044375	1.8302e+09	6.9741e+07
0.00045	1.7644e+09	6.9724e+07
0.00045625	1.6842e+09	6.9707e+07
0.0004625	1.6204e+09	6.9686e+07
0.00046875	1.5429e+09	6.9663e+07
0.000475	1.481e+09	6.9637e+07
0.00048125	1.4064e+09	6.9608e+07
0.0004875	1.3466e+09	6.9573e+07
0.00049375	1.2748e+09	6.9535e+07
0.0005	1.217e+09	6.949e+07
0.00050625	1.1482e+09	6.9438e+07
0.0005125	1.0927e+09	6.9378e+07
0.00051875	1.0269e+09	6.9308e+07
0.000525	9.7358e+08	6.9226e+07
0.00053125	9.1097e+08	6.913e+07
0.0005375	8.6002e+08	6.9016e+07
0.00054375	8.007e+08	6.8881e+07
0.00055	7.5222e+08	6.8719e+07
0.00055625	6.9633e+08	6.8526e+07
0.0005625	6.5045e+08	6.8294e+07
0.00056875	5.9819e+08	6.8014e+07
0.000575	5.5507e+08	6.7673e+07
0.00058125	5.0664e+08	6.726e+07
0.0005875	4.6647e+08	6.6754e+07
0.00059375	4.2211e+08	6.6136e+07
0.0006	3.8513e+08	6.5378e+07
0.00060625	3.4514e+08	6.4449e+07
0.0006125	3.1161e+08	6.3311e+07
0.00061875	2.7629e+08	6.1922e+07
0.000625	2.4652e+08	6.0237e+07
0.00063125	2.1621e+08	5.8212e+07
0.0006375	1.9052e+08	5.5803e+07
0.00064375	1.6546e+08	5.2994e+07
0.00065	1.4415e+08	4.9772e+07
0.00065625	1.2439e+08	4.619e+07
0.0006625	1.0753e+08	4.2297e+07
0.00066875	9.2734e+07	3.8251e+07
0.000675	8.0022e+07	3.4145e+07
0.00068125	6.9402e+07	3.0206e+07
0.0006875	6.0132e+07	2.6487e+07
0.00069375	5.2633e+07	2.317e+07
0.0007	4.5953e+07	2.0185e+07
0.00070625	4.062e+07	1.7608e+07
0.0007125	3.5797e+07	1.5318e+07
0.00071875	3.197e+07	1.3329e+07
0.000725	2.8467e+07	1.1553e+07
0.00073125	2.5656e+07	1.0007e+07
0.0007375	2.305e+07	8.6306e+06
0.00074375	2.0939e+07	7.4339e+06
0.00075	1.897e+07	6.3761e+06
0.00075625	1.7354e+07	5.4569e+06
0.0007625	1.5838e+07	4.6517e+06
0.00076875	1.4577e+07	3.9546e+06
0.000775	1.339e+07	3.3494e+06
0.00078125	1.2386e+07	2.829e+06
0.0007875	1.1439e+07	2.3813e+06
0.00079375	1.0625e+07	1.9991e+06
0.0008	9.8563e+06	1.6728e+06
0.00080625	9.1862e+06	1.3961e+06
0.0008125	8.5532e+06	1.1617e+06
0.00081875	7.9937e+06	9.6422e+05
0.000825	7.4651e+06	7.9802e+05
0.00083125	6.9922e+06	6.5893e+05
0.0008375	6.5455e+06	5.4262e+05
0.00084375	6.1417e+06	4.4586e+05
0.00085	5.7602e+06	3.6544e+05
0.00085625	5.4121e+06	2.9891e+05
0.0008625	5.0834e+06	2.4394e+05
0.00086875	4.7811e+06	1.9869e+05
0.000875	4.4959e+06	1.615e+05
0.00088125	4.2319e+06	1.3104e+05
0.0008875	3.9828e+06	1.0612e+05
0.00089375	3.7512e+06	85799
0.0009	3.5327e+06	69250
0.00090625	3.3288e+06	55810
0.0009125	3.1365e+06	44909
0.00091875	2.9565e+06	36087
0.000925	2.7866e+06	28958
0.00093125	2.6274e+06	23208
0.0009375	2.4771e+06	18576
0.00094375	2.336e+06	14852
0.00095	2.2028e+06	11860
0.00095625	2.0776e+06	9461.6
0.0009625	1.9595e+06	7540.2
0.00096875	1.8483e+06	6003.2
0.000975	1.7434e+06	4775.1
0.00098125	1.6446e+06	3794.8
0.0009875	1.5514e+06	3013.2
0.00099375	1.4635e+06	2390.7
0.001	1.3807e+06	1895.3
0.0010062	1.3025e+06	1501.4
0.0010125	1.2288e+06	1188.6
0.0010187	1.1593e+06	940.28
0.001025	1.0938e+06	743.36
0.0010313	1.0319e+06	587.31
0.0010375	9.736e+05	463.73
0.0010437	9.1857e+05	365.94
0.00105	8.6666e+05	288.61
0.0010562	8.1768e+05	227.5
0.0010625	7.7148e+05	179.24
0.0010688	7.2789e+05	141.14
0.001075	6.8677e+05	111.09
0.0010812	6.4797e+05	87.391
0.0010875	6.1136e+05	68.719
0.0010938	5.7683e+05	54.012
0.0011	5.4425e+05	42.434
0.0011063	5.135e+05	33.324
0.0011125	4.845e+05	26.159
0.0011187	4.5713e+05	20.526
0.001125	4.3131e+05	16.1
0.0011313	4.0695e+05	12.623
0.0011375	3.8397e+05	9.8934
0.0011438	3.6228e+05	7.7511
0.00115	3.4182e+05	6.0705
0.0011562	3.2252e+05	4.7524
0.0011625	3.043e+05	3.7193
0.0011688	2.8712e+05	2.9096
0.001175	2.709e+05	2.2754
0.0011813	2.556e+05	1.7788
0.0011875	2.4117e+05	1.3901
0.0011937	2.2755e+05	1.0859
0.0012	2.147e+05	0.84797
0.0012063	2.0258e+05	0.66192
0.0012125	1.9114e+05	0.5165
0.0012187	1.8034e+05	0.40285
0.001225	1.7016e+05	0.31407
0.0012312	1.6055e+05	0.24475
0.0012375	1.5149e+05	0.19063
0.0012438	1.4293e+05	0.14841
0.00125	1.3486e+05	0.11549
0.0012562	1.2725e+05	0.089831
0.0012625	1.2006e+05	0.069841
0.0012687	1.1328e+05	0.054277
0.001275	1.0689e+05	0.042163
0.0012813	1.0085e+05	0.032736
0.0012875	95157	0.025403
0.0012937	89785	0.019701
0.0013	84715	0.01527
0.0013062	79932	0.011828
0.0013125	75419	0.0091558
0.0013188	71161	0.0070825
0.001325	67144	0.0054746
0.0013312	63353	0.0042284
0.0013375	59776	0.0032632
0.0013437	56401	0.0025161
0.00135	53217	0.0019381
0.0013563	50212	0.0014914
0.0013625	47377	0.0011464
0.0013687	44702	0.00088016
0.001375	42178	0.00067487
0.0013813	39796	0.00051674
0.0013875	37549	0.00039506
0.0013938	35429	0.00030153
0.0014	33428	0.00022973
0.0014062	31540	0.00017468
0.0014125	29759	0.00013254
0.0014188	28078	0.00010033
0.001425	26492	7.5749e-05
0.0014313	24995	5.7029e-05
0.0014375	23583	4.2802e-05
0.0014437	22251	3.2014e-05
0.00145	20993	2.3854e-05
0.0014563	19807	1.7702e-05
0.0014625	18688	1.3079e-05
0.0014688	17631	9.6173e-06
0.001475	16635	7.0354e-06
0.0014812	15694	5.1186e-06
0.0014875	14807	3.7025e-06
0.0014938	13969	2.6626e-06
0.0015	13179	1.9038e-06
0.0015062	12434	1.3542e-06
0.0015125	11730	9.5977e-07
0.0015187	11066	6.7945e-07
0.001525	10440	4.8266e-07
0.0015313	9849	3.4647e-07
0.0015375	9291.4	2.5387e-07
0.0015437	8765.2	1.923e-07
0.00155	8268.7	1.5249e-07
0.0015562	7800.2	1.2772e-07
0.0015625	7358.2	1.1312e-07
0.0015688	6941.1	1.0521e-07
0.001575	6547.6	1.0153e-07
0.0015812	6176.3	1.0041e-07
0.0015875	5825.9	1.0065e-07
0.0015937	5495.4	1.0151e-07
0.0016	5183.5	1.025e-07
0.0016063	4889.3	1.0332e-07
0.0016125	4611.7	1.0387e-07
0.0016187	4349.8	1.0409e-07
0.001625	4102.7	1.0399e-07
0.0016313	3869.5	1.0361e-07
0.0016375	3649.6	1.0294e-07
0.0016438	3442.1	1.02e-07
0.00165	3246.4	1.008e-07
0.0016562	3061.7	9.9362e-08
0.0016625	2887.5	9.7709e-08
0.0016688	2723.2	9.5857e-08
0.001675	2568.2	9.3816e-08
0.0016813	2422	9.1605e-08
0.0016875	2284.1	8.925e-08
0.0016937	2154	8.6759e-08
0.0017	2031.3	8.4157e-08
0.0017063	1915.5	8.1454e-08
0.0017125	1806.4	7.8674e-08
0.0017188	1703.4	7.5832e-08
0.001725	1606.3	7.2932e-08
0.0017312	1514.7	7.0002e-08
0.0017375	1428.4	6.7049e-08
0.0017438	1346.9	6.4092e-08
0.00175	1270.1	6.1134e-08
0.0017562	1197.7	5.8197e-08
0.0017625	1129.4	5.5282e-08
0.0017687	1065.1	5.241e-08
0.001775	1004.4	4.9582e-08
0.0017813	947.11	4.6805e-08
0.0017875	893.15	4.4092e-08
0.0017937	842.27	4.1448e-08
0.0018	794.31	3.8879e-08
0.0018062	749.09	3.6386e-08
0.0018125	706.48	3.3979e-08
0.0018188	666.3	3.166e-08
0.001825	628.43	2.9429e-08
0.0018312	592.73	2.7292e-08
0.0018375	559.1	2.5246e-08
0.0018437	527.38	2.3295e-08
0.00185	497.51	2.1439e-08
0.0018563	469.34	1.9679e-08
0.0018625	442.81	1.8013e-08
0.0018687	417.79	1.6444e-08
0.001875	394.23	1.4963e-08
0.0018812	372.02	1.3573e-08
0.0018875	351.1	1.2273e-08
0.0018938	331.38	1.1063e-08
0.0019	312.81	9.9317e-09
0.0019062	295.3	8.8874e-09
0.0019125	278.82	7.9175e-09
0.0019188	263.28	7.0251e-09
0.001925	248.65	6.2052e-09
0.0019313	234.85	5.4578e-09
0.0019375	221.87	4.7906e-09
0.0019437	209.62	4.1834e-09
0.00195	198.1	3.6359e-09
0.0019563	187.23	3.1446e-09
0.0019625	177	2.7073e-09
0.0019688	167.35	2.3176e-09
0.001975	158.27	1.9754e-09
0.0019812	149.7	1.6747e-09
0.0019875	141.64	1.4143e-09
0.0019937	134.03	1.1919e-09
0.002	126.87	1.0024e-09
0.0020062	120.11	8.4159e-10
0.0020125	113.75	7.1167e-10
0.0020188	107.74	6.0423e-10
0.002025	102.08	5.1976e-10
0.0020313	96.737	4.5618e-10
0.0020375	91.707	4.0582e-10
0.0020437	86.95	3.7313e-10
0.00205	82.472	3.5164e-10
0.0020562	78.235	3.4027e-10
0.0020625	74.245	3.3654e-10
0.0020687	70.466	3.3937e-10
0.002075	66.907	3.4574e-10
0.0020813	63.533	3.5504e-10
0.0020875	60.353	3.6541e-10
0.0020938	57.337	3.7448e-10
0.0021	54.492	3.8172e-10
0.0021063	51.79	3.86e-10
0.0021125	49.24	3.8551e-10
0.0021187	46.816	3.792e-10
0.002125	44.526	3.6732e-10
0.0021312	42.346	3.4773e-10
0.0021375	40.284	3.2003e-10
0.0021437	38.32	2.8372e-10
0.00215	36.46	2.3737e-10
0.0021563	34.685	1.8204e-10
0.0021625	33.002	1.1595e-10
0.0021688	31.395	3.9218e-11
0.002175	29.868	-4.803e-11
0.0021813	28.408	-1.4608e-10
0.0021875	27.019	-2.5596e-10
0.0021937	25.689	-3.7642e-10
0.0022	24.422	-5.0839e-10
0.0022062	23.208	-6.5113e-10
0.0022125	22.049	-8.0525e-10
0.0022187	20.936	-9.6977e-10
0.002225	19.873	-1.1446e-09
0.0022313	18.851	-1.3295e-09
0.0022375	17.874	-1.5245e-09
0.0022438	16.933	-1.7283e-09
0.00225	16.033	-1.9412e-09
0.0022563	15.165	-2.1624e-09
0.0022625	14.334	-2.3912e-09
0.0022687	13.532	-2.6271e-09
0.002275	12.763	-2.8696e-09
0.0022812	12.022	-3.1178e-09
0.0022875	11.311	-3.3716e-09
0.0022938	10.625	-3.6297e-09
0.0023	9.967	-3.8912e-09
0.0023063	9.3326	-4.1558e-09
0.0023125	8.7238	-4.4228e-09
0.0023188	8.1375	-4.6913e-09
0.002325	7.5752	-4.9599e-09
0.0023312	7.0343	-5.2288e-09
0.0023375	6.5162	-5.4968e-09
0.0023437	6.0187	-5.7627e-09
0.00235	5.5429	-6.026e-09
0.0023562	5.0872	-6.286e-09
0.0023625	4.6525	-6.5422e-09
0.0023688	4.2373	-6.7931e-09
0.002375	3.8426	-7.0382e-09
0.0023813	3.4671	-7.2771e-09
0.0023875	3.1116	-7.5082e-09
0.0023938	2.7753	-7.7317e-09
0.0024	2.4586	-7.9467e-09
0.0024062	2.1609	-8.1521e-09
0.0024125	1.8827	-8.3477e-09
0.0024187	1.6235	-8.5323e-09
0.002425	1.3836	-8.7059e-09
0.0024312	1.1628	-8.8678e-09
0.0024375	0.96121	-9.0173e-09
0.0024438	0.77869	-9.1542e-09
0.00245	0.6154	-9.278e-09
0.0024563	0.47123	-9.388e-09
0.0024625	0.34628	-9.4842e-09
0.0024688	0.24049	-9.5663e-09
0.002475	0.15394	-9.6334e-09
0.0024812	0.086597	-9.6859e-09
0.0024875	0.038492	-9.7238e-09
0.0024937	0.009623	-9.7462e-09
0.0025	0	-9.7538e-09
