0	1.3689e+09	8.4602e+07
6.25e-06	1.3044e+09	8.4559e+07
1.25e-05	1.2482e+09	8.4511e+07
1.875e-05	1.1894e+09	8.4457e+07
2.5e-05	1.1379e+09	8.4397e+07
3.125e-05	1.0834e+09	8.4329e+07
3.75e-05	1.0355e+09	8.4252e+07
4.375e-05	9.8443e+08	8.4166e+07
5e-05	9.394e+08	8.4069e+07
5.625e-05	8.9128e+08	8.3959e+07
6.25e-05	8.4879e+08	8.3834e+07
6.875e-05	8.0333e+08	8.3691e+07
7.5e-05	7.6315e+08	8.3529e+07
8.125e-05	7.2018e+08	8.3344e+07
8.75e-05	6.8217e+08	8.3133e+07
9.375e-05	6.4159e+08	8.289e+07
0.0001	6.0567e+08	8.2611e+07
0.00010625	5.6745e+08	8.229e+07
0.0001125	5.3358e+08	8.1919e+07
0.00011875	4.9771e+08	8.1492e+07
0.000125	4.6589e+08	8.0997e+07
0.00013125	4.3241e+08	8.0425e+07
0.0001375	4.0268e+08	7.9761e+07
0.00014375	3.7164e+08	7.8993e+07
0.00015	3.4405e+08	7.8102e+07
0.00015625	3.1554e+08	7.7073e+07
0.0001625	2.9017e+08	7.5883e+07
0.00016875	2.6429e+08	7.4512e+07
0.000175	2.4123e+08	7.2938e+07
0.00018125	2.1811e+08	7.1141e+07
0.0001875	1.9747e+08	6.9098e+07
0.00019375	1.7718e+08	6.6797e+07
0.0002	1.5906e+08	6.4222e+07
0.00020625	1.4168e+08	6.138e+07
0.0002125	1.2614e+08	5.8266e+07
0.00021875	1.1165e+08	5.4919e+07
0.000225	9.867e+07	5.1351e+07
0.00023125	8.6945e+07	4.7636e+07
0.0002375	7.641e+07	4.38e+07
0.00024375	6.7196e+07	3.9943e+07
0.00025	5.8879e+07	3.6094e+07
0.00025625	5.1826e+07	3.2359e+07
0.0002625	4.5418e+07	2.8753e+07
0.00026875	4.0127e+07	2.5368e+07
0.000275	3.5288e+07	2.2196e+07
0.00028125	3.137e+07	1.9303e+07
0.0002875	2.7762e+07	1.6662e+07
0.00029375	2.4872e+07	1.4309e+07
0.0003	2.2194e+07	1.2207e+07
0.00030625	2.0055e+07	1.0369e+07
0.0003125	1.8062e+07	8.7563e+06
0.00031875	1.6462e+07	7.3674e+06
0.000325	1.4961e+07	6.1667e+06
0.00033125	1.3742e+07	5.1449e+06
0.0003375	1.2594e+07	4.2726e+06
0.00034375	1.1647e+07	3.5376e+06
0.00035	1.0752e+07	2.9168e+06
0.00035625	9.9994e+06	2.3983e+06
0.0003625	9.2875e+06	1.9645e+06
0.00036875	8.677e+06	1.6049e+06
0.000375	8.0989e+06	1.3066e+06
0.00038125	7.5939e+06	1.0611e+06
0.0003875	7.1154e+06	8.5912e+05
0.00039375	6.6904e+06	6.9395e+05
0.0004	6.2876e+06	5.5901e+05
0.00040625	5.9246e+06	4.4935e+05
0.0004125	5.5805e+06	3.6034e+05
0.00041875	5.2667e+06	2.8841e+05
0.000425	4.9692e+06	2.3036e+05
0.00043125	4.6953e+06	1.837e+05
0.0004375	4.4356e+06	1.4623e+05
0.00044375	4.1947e+06	1.1623e+05
0.00045	3.9663e+06	92260
0.00045625	3.7532e+06	73144
0.0004625	3.5512e+06	57920
0.00046875	3.3618e+06	45820
0.000475	3.1824e+06	36214
0.00048125	3.0137e+06	28600
0.0004875	2.8538e+06	22570
0.00049375	2.7031e+06	17801
0.0005	2.5603e+06	14031
0.00050625	2.4255e+06	11055
0.0005125	2.2978e+06	8707
0.00051875	2.1771e+06	6855.4
0.000525	2.0627e+06	5396
0.00053125	1.9545e+06	4246.5
0.0005375	1.8519e+06	3341.3
0.00054375	1.7549e+06	2628.7
0.00055	1.6629e+06	2068
0.00055625	1.5759e+06	1626.8
0.0005625	1.4934e+06	1279.7
0.00056875	1.4152e+06	1006.7
0.000575	1.3412e+06	791.99
0.00058125	1.271e+06	623.12
0.0005875	1.2046e+06	490.31
0.00059375	1.1416e+06	385.85
0.0006	1.0819e+06	303.68
0.00060625	1.0254e+06	239.05
0.0006125	9.7179e+05	188.2
0.00061875	9.2101e+05	148.2
0.000625	8.7289e+05	116.72
0.00063125	8.2729e+05	91.946
0.0006375	7.8407e+05	72.445
0.00064375	7.4312e+05	57.091
0.00065	7.0431e+05	45.002
0.00065625	6.6752e+05	35.48
0.0006625	6.3267e+05	27.979
0.00066875	5.9963e+05	22.069
0.000675	5.6832e+05	17.412
0.00068125	5.3865e+05	13.74
0.0006875	5.1053e+05	10.845
0.00069375	4.8388e+05	8.5624
0.0007	4.5862e+05	6.7616
0.00070625	4.3468e+05	5.3407
0.0007125	4.1199e+05	4.2194
0.00071875	3.9049e+05	3.3343
0.000725	3.7011e+05	2.6355
0.00073125	3.5079e+05	2.0836
0.0007375	3.3249e+05	1.6476
0.00074375	3.1514e+05	1.3032
0.00075	2.9869e+05	1.031
0.00075625	2.8311e+05	0.81578
0.0007625	2.6834e+05	0.64565
0.00076875	2.5434e+05	0.5111
0.000775	2.4107e+05	0.40468
0.00078125	2.2849e+05	0.32048
0.0007875	2.1657e+05	0.25384
0.00079375	2.0527e+05	0.20111
0.0008	1.9457e+05	0.15935
0.00080625	1.8442e+05	0.12629
0.0008125	1.748e+05	0.10011
0.00081875	1.6568e+05	0.079364
0.000825	1.5704e+05	0.062931
0.00083125	1.4885e+05	0.049908
0.0008375	1.4109e+05	0.039586
0.00084375	1.3373e+05	0.031404
0.00085	1.2676e+05	0.024916
0.00085625	1.2014e+05	0.019771
0.0008625	1.1388e+05	0.015691
0.00086875	1.0794e+05	0.012455
0.000875	1.0231e+05	0.0098868
0.00088125	96978	0.0078493
0.0008875	91921	0.0062323
0.00089375	87128	0.004949
0.0009	82585	0.0039303
0.00090625	78279	0.0031216
0.0009125	74198	0.0024794
0.00091875	70330	0.0019696
0.000925	66663	0.0015647
0.00093125	63187	0.0012431
0.0009375	59893	0.00098763
0.00094375	56771	0.00078472
0.00095	53811	0.00062352
0.00095625	51005	0.00049546
0.0009625	48346	0.0003937
0.00096875	45826	0.00031286
0.000975	43437	0.00024861
0.00098125	41172	0.00019756
0.0009875	39026	0.00015699
0.00099375	36991	0.00012475
0.001	35063	9.9133e-05
0.0010062	33235	7.8771e-05
0.0010125	31502	6.2589e-05
0.0010187	29860	4.9728e-05
0.001025	28303	3.9508e-05
0.0010313	26828	3.1385e-05
0.0010375	25429	2.4929e-05
0.0010437	24103	1.98e-05
0.00105	22846	1.5724e-05
0.0010562	21655	1.2485e-05
0.0010625	20526	9.9114e-06
0.0010688	19456	7.8667e-06
0.001075	18441	6.2422e-06
0.0010812	17479	4.9517e-06
0.0010875	16568	3.9267e-06
0.0010938	15704	3.1128e-06
0.0011	14885	2.4665e-06
0.0011063	14108	1.9536e-06
0.0011125	13373	1.5467e-06
0.0011187	12675	1.2241e-06
0.001125	12014	9.6835e-07
0.0011313	11387	7.6558e-07
0.0011375	10793	6.0491e-07
0.0011438	10230	4.7763e-07
0.00115	9696.1	3.7686e-07
0.0011562	9190.1	2.9712e-07
0.0011625	8710.5	2.3405e-07
0.0011688	8255.9	1.842e-07
0.001175	7824.9	1.4482e-07
0.0011813	7416.5	1.1375e-07
0.0011875	7029.3	8.9237e-08
0.0011937	6662.3	6.9926e-08
0.0012	6314.4	5.4727e-08
0.0012063	5984.7	4.2776e-08
0.0012125	5672.1	3.3391e-08
0.0012187	5375.8	2.6031e-08
0.001225	5095	2.0268e-08
0.0012312	4828.8	1.5762e-08
0.0012375	4576.5	1.2246e-08
0.0012438	4337.3	9.5063e-09
0.00125	4110.6	7.3759e-09
0.0012562	3895.7	5.7234e-09
0.0012625	3692	4.4434e-09
0.0012687	3499	3.4548e-09
0.001275	3316	2.6916e-09
0.0012813	3142.6	2.1043e-09
0.0012875	2978.2	1.6522e-09
0.0012937	2822.3	1.3046e-09
0.0013	2674.6	1.0369e-09
0.0013062	2534.7	8.2976e-10
0.0013125	2402	6.6906e-10
0.0013188	2276.2	5.423e-10
0.001325	2157	4.4083e-10
0.0013312	2044	3.5816e-10
0.0013375	1936.9	2.8826e-10
0.0013437	1835.5	2.2755e-10
0.00135	1739.3	1.8302e-10
0.0013563	1648.1	1.5677e-10
0.0013625	1561.7	1.4373e-10
0.0013687	1479.8	1.4075e-10
0.001375	1402.2	1.4507e-10
0.0013813	1328.6	1.5409e-10
0.0013875	1258.9	1.6726e-10
0.0013938	1192.9	1.8223e-10
0.0014	1130.3	1.9934e-10
0.0014062	1070.9	2.165e-10
0.0014125	1014.7	2.3373e-10
0.0014188	961.39	2.5029e-10
0.001425	910.88	2.66e-10
0.0014313	863.03	2.8072e-10
0.0014375	817.67	2.9389e-10
0.0014437	774.69	3.0584e-10
0.00145	733.96	3.1602e-10
0.0014563	695.36	3.2473e-10
0.0014625	658.79	3.3197e-10
0.0014688	624.13	3.3737e-10
0.001475	591.29	3.4133e-10
0.0014812	560.18	3.4374e-10
0.0014875	530.69	3.4485e-10
0.0014938	502.75	3.4448e-10
0.0015	476.28	3.4289e-10
0.0015062	451.2	3.4028e-10
0.0015125	427.43	3.3644e-10
0.0015187	404.91	3.3172e-10
0.001525	383.58	3.2608e-10
0.0015313	363.36	3.196e-10
0.0015375	344.21	3.1242e-10
0.0015437	326.07	3.0457e-10
0.00155	308.88	2.9633e-10
0.0015562	292.6	2.8744e-10
0.0015625	277.17	2.783e-10
0.0015688	262.55	2.6892e-10
0.001575	248.71	2.5922e-10
0.0015812	235.59	2.4934e-10
0.0015875	223.16	2.3932e-10
0.0015937	211.39	2.2931e-10
0.0016	200.24	2.1926e-10
0.0016063	189.68	2.0925e-10
0.0016125	179.68	1.994e-10
0.0016187	170.2	1.8961e-10
0.001625	161.23	1.7999e-10
0.0016313	152.72	1.7051e-10
0.0016375	144.67	1.6124e-10
0.0016438	137.04	1.5222e-10
0.00165	129.82	1.4358e-10
0.0016562	122.98	1.35e-10
0.0016625	116.5	1.2692e-10
0.0016688	110.36	1.189e-10
0.001675	104.55	1.1133e-10
0.0016813	99.042	1.0404e-10
0.0016875	93.829	9.7047e-11
0.0016937	88.891	9.0356e-11
0.0017	84.217	8.3983e-11
0.0017063	79.789	7.7932e-11
0.0017125	75.597	7.2159e-11
0.0017188	71.626	6.6756e-11
0.001725	67.867	6.1619e-11
0.0017312	64.306	5.6805e-11
0.0017375	60.935	5.2187e-11
0.0017438	57.742	4.7908e-11
0.00175	54.721	4.3826e-11
0.0017562	51.858	4.0083e-11
0.0017625	49.149	3.651e-11
0.0017687	46.582	3.3267e-11
0.001775	44.153	3.0228e-11
0.0017813	41.852	2.7366e-11
0.0017875	39.675	2.4709e-11
0.0017937	37.612	2.2277e-11
0.0018	35.66	2.001e-11
0.0018062	33.811	1.7954e-11
0.0018125	32.062	1.6085e-11
0.0018188	30.404	1.4309e-11
0.001825	28.836	1.2701e-11
0.0018312	27.349	1.1307e-11
0.0018375	25.944	9.9719e-12
0.0018437	24.611	8.7701e-12
0.00185	23.352	7.6537e-12
0.0018563	22.157	6.6708e-12
0.0018625	21.028	5.8119e-12
0.0018687	19.957	5.0026e-12
0.001875	18.945	4.2868e-12
0.0018812	17.984	3.6611e-12
0.0018875	17.077	3.1175e-12
0.0018938	16.216	2.6324e-12
0.0019	15.402	2.228e-12
0.0019062	14.63	1.8111e-12
0.0019125	13.9	1.4857e-12
0.0019188	13.208	1.205e-12
0.001925	12.553	9.6645e-13
0.0019313	11.932	7.438e-13
0.0019375	11.345	6.0976e-13
0.0019437	10.787	4.8325e-13
0.00195	10.26	3.5297e-13
0.0019563	9.7595	2.5844e-13
0.0019625	9.2863	1.7991e-13
0.0019688	8.8367	1.2753e-13
0.001975	8.4116	7.9439e-14
0.0019812	8.0076	5.4683e-14
0.0019875	7.6256	3.2784e-14
0.0019937	7.2624	9.8765e-15
0.002	6.9188	3.4177e-15
0.0020062	6.592	4.0217e-15
0.0020125	6.2827	-9.23e-15
0.0020188	5.9884	4.7073e-15
0.002025	5.7099	4.0998e-15
0.0020313	5.4446	-8.6686e-16
0.0020375	5.1933	-3.1974e-15
0.0020437	4.9539	-1.2008e-14
0.00205	4.7271	-2.423e-14
0.0020562	4.5109	-3.9094e-14
0.0020625	4.3058	-5.1543e-14
0.0020687	4.1101	-8.2935e-14
0.002075	3.9245	-1.0323e-13
0.0020813	3.7472	-1.5245e-13
0.0020875	3.5788	-1.9585e-13
0.0020938	3.4179	-2.4539e-13
0.0021	3.265	-3.0323e-13
0.0021063	3.1187	-3.7804e-13
0.0021125	2.9795	-4.5242e-13
0.0021187	2.8462	-5.3672e-13
0.002125	2.7192	-6.2073e-13
0.0021312	2.5976	-7.297e-13
0.0021375	2.4815	-8.3611e-13
0.0021437	2.3702	-9.4599e-13
0.00215	2.264	-1.0702e-12
0.0021563	2.1619	-1.202e-12
0.0021625	2.0643	-1.3422e-12
0.0021688	1.9705	-1.4886e-12
0.002175	1.8808	-1.6418e-12
0.0021813	1.7944	-1.8028e-12
0.0021875	1.7116	-1.9708e-12
0.0021937	1.6319	-2.1396e-12
0.0022	1.5555	-2.3211e-12
0.0022062	1.4817	-2.5018e-12
0.0022125	1.4109	-2.7001e-12
0.0022187	1.3426	-2.8958e-12
0.002225	1.277	-3.0931e-12
0.0022313	1.2136	-3.2933e-12
0.0022375	1.1526	-3.5099e-12
0.0022438	1.0937	-3.7228e-12
0.00225	1.037	-3.9344e-12
0.0022563	0.98224	-4.157e-12
0.0022625	0.92949	-4.3746e-12
0.0022687	0.8785	-4.595e-12
0.002275	0.8294	-4.815e-12
0.0022812	0.78195	-5.0458e-12
0.0022875	0.73625	-5.2744e-12
0.0022938	0.69212	-5.4923e-12
0.0023	0.64963	-5.7174e-12
0.0023063	0.60862	-5.9443e-12
0.0023125	0.56917	-6.1676e-12
0.0023188	0.53113	-6.39e-12
0.002325	0.49458	-6.6098e-12
0.0023312	0.45941	-6.8239e-12
0.0023375	0.42565	-7.031e-12
0.0023437	0.39323	-7.2406e-12
0.00235	0.36218	-7.446e-12
0.0023562	0.33244	-7.6503e-12
0.0023625	0.30404	-7.8428e-12
0.0023688	0.27692	-8.0292e-12
0.002375	0.25111	-8.2144e-12
0.0023813	0.22658	-8.3973e-12
0.0023875	0.20333	-8.5643e-12
0.0023938	0.18134	-8.7285e-12
0.0024	0.16063	-8.8868e-12
0.0024062	0.14117	-9.0356e-12
0.0024125	0.12298	-9.1798e-12
0.0024187	0.10604	-9.3128e-12
0.002425	0.090365	-9.4386e-12
0.0024312	0.075935	-9.5504e-12
0.0024375	0.062763	-9.6555e-12
0.0024438	0.050842	-9.7549e-12
0.00245	0.040176	-9.838e-12
0.0024563	0.030762	-9.9139e-12
0.0024625	0.022603	-9.9815e-12
0.0024688	0.015697	-1.004e-11
0.002475	0.010047	-1.0089e-11
0.0024812	0.0056516	-1.0123e-11
0.0024875	0.002512	-1.0152e-11
0.0024937	0.000628	-1.0169e-11
0.0025	0	-1.0176e-11
