0	1.142e+09	1.3485e+07
6.25e-06	1.114e+09	1.3477e+07
1.25e-05	1.0905e+09	1.3468e+07
1.875e-05	1.0651e+09	1.3459e+07
2.5e-05	1.0435e+09	1.3449e+07
3.125e-05	1.0197e+09	1.3439e+07
3.75e-05	9.9929e+08	1.3429e+07
4.375e-05	9.7655e+08	1.3418e+07
5e-05	9.5704e+08	1.3407e+07
5.625e-05	9.3515e+08	1.3395e+07
6.25e-05	9.1634e+08	1.3383e+07
6.875e-05	8.9516e+08	1.3371e+07
7.5e-05	8.7694e+08	1.3358e+07
8.125e-05	8.5636e+08	1.3345e+07
8.75e-05	8.3866e+08	1.3331e+07
9.375e-05	8.1862e+08	1.3317e+07
0.0001	8.0139e+08	1.3302e+07
0.00010625	7.8185e+08	1.3287e+07
0.0001125	7.6504e+08	1.3272e+07
0.00011875	7.4597e+08	1.3256e+07
0.000125	7.2955e+08	1.3239e+07
0.00013125	7.1093e+08	1.3222e+07
0.0001375	6.949e+08	1.3204e+07
0.00014375	6.767e+08	1.3185e+07
0.00015	6.6103e+08	1.3165e+07
0.00015625	6.4325e+08	1.3145e+07
0.0001625	6.2793e+08	1.3125e+07
0.00016875	6.1056e+08	1.3103e+07
0.000175	5.9559e+08	1.308e+07
0.00018125	5.7863e+08	1.3057e+07
0.0001875	5.64e+08	1.3032e+07
0.00019375	5.4743e+08	1.3007e+07
0.0002	5.3314e+08	1.2981e+07
0.00020625	5.1697e+08	1.2953e+07
0.0002125	5.0302e+08	1.2924e+07
0.00021875	4.8725e+08	1.2894e+07
0.000225	4.7364e+08	1.2863e+07
0.00023125	4.5827e+08	1.283e+07
0.0002375	4.45e+08	1.2795e+07
0.00024375	4.3004e+08	1.2759e+07
0.00025	4.1711e+08	1.2722e+07
0.00025625	4.0256e+08	1.2682e+07
0.0002625	3.8998e+08	1.2641e+07
0.00026875	3.7585e+08	1.2597e+07
0.000275	3.6361e+08	1.2551e+07
0.00028125	3.499e+08	1.2503e+07
0.0002875	3.3803e+08	1.2453e+07
0.00029375	3.2475e+08	1.24e+07
0.0003	3.1323e+08	1.2343e+07
0.00030625	3.0039e+08	1.2284e+07
0.0003125	2.8925e+08	1.2222e+07
0.00031875	2.7685e+08	1.2155e+07
0.000325	2.6609e+08	1.2085e+07
0.00033125	2.5415e+08	1.2011e+07
0.0003375	2.4377e+08	1.1933e+07
0.00034375	2.323e+08	1.185e+07
0.00035	2.2232e+08	1.1762e+07
0.00035625	2.1133e+08	1.1668e+07
0.0003625	2.0175e+08	1.1568e+07
0.00036875	1.9126e+08	1.1462e+07
0.000375	1.821e+08	1.1349e+07
0.00038125	1.7211e+08	1.1228e+07
0.0003875	1.6339e+08	1.11e+07
0.00039375	1.5392e+08	1.0963e+07
0.0004	1.4563e+08	1.0816e+07
0.00040625	1.367e+08	1.066e+07
0.0004125	1.2888e+08	1.0492e+07
0.00041875	1.205e+08	1.0313e+07
0.000425	1.1315e+08	1.0122e+07
0.00043125	1.0534e+08	9.9175e+06
0.0004375	9.8482e+07	9.6988e+06
0.00044375	9.126e+07	9.4653e+06
0.00045	8.4906e+07	9.216e+06
0.00045625	7.8286e+07	8.9503e+06
0.0004625	7.2454e+07	8.6675e+06
0.00046875	6.6451e+07	8.3673e+06
0.000475	6.1155e+07	8.0491e+06
0.00048125	5.5781e+07	7.7134e+06
0.0004875	5.1032e+07	7.3601e+06
0.00049375	4.6291e+07	6.9907e+06
0.0005	4.2095e+07	6.6056e+06
0.00050625	3.7983e+07	6.2077e+06
0.0005125	3.4338e+07	5.7982e+06
0.00051875	3.0837e+07	5.3817e+06
0.000525	2.773e+07	4.9601e+06
0.00053125	2.4808e+07	4.5395e+06
0.0005375	2.2211e+07	4.1221e+06
0.00054375	1.9823e+07	3.7149e+06
0.00055	1.7695e+07	3.3201e+06
0.00055625	1.5778e+07	2.9446e+06
0.0005625	1.4066e+07	2.5894e+06
0.00056875	1.2551e+07	2.2606e+06
0.000575	1.1194e+07	1.9576e+06
0.00058125	1.0008e+07	1.6845e+06
0.0005875	8.9418e+06	1.4391e+06
0.00059375	8.0171e+06	1.2237e+06
0.0006	7.1835e+06	1.0345e+06
0.00060625	6.4612e+06	8.7195e+05
0.0006125	5.8082e+06	7.3179e+05
0.00061875	5.2406e+06	6.1319e+05
0.000625	4.7262e+06	5.1215e+05
0.00063125	4.2763e+06	4.2747e+05
0.0006375	3.8678e+06	3.5583e+05
0.00064375	3.5078e+06	2.9611e+05
0.00065	3.1804e+06	2.4583e+05
0.00065625	2.8898e+06	2.0404e+05
0.0006625	2.6254e+06	1.6897e+05
0.00066875	2.3889e+06	1.3987e+05
0.000675	2.1736e+06	1.1554e+05
0.00068125	1.9799e+06	95375
0.0006875	1.8036e+06	78568
0.00069375	1.6441e+06	64661
0.0007	1.4989e+06	53111
0.00070625	1.3671e+06	43575
0.0007125	1.247e+06	35683
0.00071875	1.1376e+06	29182
0.000725	1.038e+06	23822
0.00073125	9.4713e+05	19418
0.0007375	8.6432e+05	15801
0.00074375	7.8859e+05	12839
0.00075	7.1962e+05	10414
0.00075625	6.5648e+05	8435.2
0.0007625	5.9899e+05	6820.9
0.00076875	5.4631e+05	5507.5
0.000775	4.9836e+05	4440
0.00078125	4.5441e+05	3574.3
0.0007875	4.144e+05	2873
0.00079375	3.7774e+05	2306.2
0.0008	3.4437e+05	1848.5
0.00080625	3.1379e+05	1479.7
0.0008125	2.8597e+05	1182.8
0.00081875	2.6048e+05	944.35
0.000825	2.373e+05	752.96
0.00083125	2.1606e+05	599.64
0.0008375	1.9676e+05	476.95
0.00084375	1.7908e+05	378.93
0.00085	1.6302e+05	300.7
0.00085625	1.4832e+05	238.37
0.0008625	1.3496e+05	188.74
0.00086875	1.2274e+05	149.29
0.000875	1.1165e+05	117.96
0.00088125	1.0151e+05	93.119
0.0008875	92296	73.433
0.00089375	83883	57.854
0.0009	76245	45.538
0.00090625	69273	35.811
0.0009125	62944	28.136
0.00091875	57170	22.088
0.000925	51930	17.323
0.00093125	47153	13.574
0.0009375	42818	10.627
0.00094375	38868	8.3131
0.00095	35285	6.498
0.00095625	32021	5.0752
0.0009625	29061	3.9608
0.00096875	26367	3.0887
0.000975	23924	2.4068
0.00098125	21701	1.8741
0.0009875	19685	1.4582
0.00099375	17852	1.1339
0.001	16190	0.88109
0.0010062	14680	0.68421
0.0010125	13311	0.53097
0.0010187	12066	0.41177
0.001025	10939	0.31911
0.0010313	9914.6	0.24713
0.0010375	8986.4	0.19124
0.0010437	8143.7	0.14787
0.00105	7380	0.11423
0.0010562	6686.9	0.088151
0.0010625	6058.9	0.067947
0.0010688	5489	0.052302
0.001075	4972.8	0.040193
0.0010812	4504.5	0.031419
0.0010875	4080.3	0.024169
0.0010938	3695.6	0.018568
0.0011	3347.3	0.014246
0.0011063	3031.4	0.010914
0.0011125	2745.3	0.0083498
0.0011187	2486	0.0063785
0.001125	2251.2	0.0048659
0.0011313	2038.4	0.0037076
0.0011375	1845.6	0.0028226
0.0011438	1671	0.0021485
0.00115	1512.9	0.0016365
0.0011562	1369.7	0.0012492
0.0011625	1240	0.00095756
0.0011688	1122.5	0.00073909
0.001175	1016.1	0.00057649
0.0011813	919.78	0.00045637
0.0011875	832.58	0.00036846
0.0011937	753.61	0.00030482
0.0012	682.14	0.00025949
0.0012063	617.42	0.00022769
0.0012125	558.84	0.00020675
0.0012187	505.82	0.00019548
0.001225	457.83	0.00019041
0.0012312	414.39	0.00018614
0.0012375	375.08	0.00018184
0.0012438	339.5	0.0001775
0.00125	307.31	0.00017312
0.0012562	278.17	0.0001687
0.0012625	251.81	0.00016426
0.0012687	227.95	0.0001598
0.001275	206.37	0.00015531
0.0012813	186.84	0.00015082
0.0012875	169.19	0.00014631
0.0012937	153.21	0.00014181
0.0013	138.76	0.00013731
0.0013062	125.69	0.00013282
0.0013125	113.87	0.00012836
0.0013188	103.18	0.00012392
0.001325	93.514	0.00011951
0.0013312	84.769	0.00011514
0.0013375	76.872	0.00011082
0.0013437	69.722	0.00010655
0.00135	63.269	0.00010233
0.0013563	57.425	9.818e-05
0.0013625	52.153	9.4096e-05
0.0013687	47.379	9.0086e-05
0.001375	43.073	8.6152e-05
0.0013813	39.174	8.23e-05
0.0013875	35.658	7.8532e-05
0.0013938	32.474	7.4853e-05
0.0014	29.605	7.1265e-05
0.0014062	27.005	6.7772e-05
0.0014125	24.664	6.4374e-05
0.0014188	22.542	6.1074e-05
0.001425	20.633	5.7874e-05
0.0014313	18.902	5.4774e-05
0.0014375	17.345	5.1776e-05
0.0014437	15.934	4.8879e-05
0.00145	14.665	4.6085e-05
0.0014563	13.515	4.3394e-05
0.0014625	12.482	4.0804e-05
0.0014688	11.544	3.8315e-05
0.001475	10.703	3.5927e-05
0.0014812	9.9397	3.3638e-05
0.0014875	9.2556	3.1448e-05
0.0014938	8.6345	2.9354e-05
0.0015	8.0785	2.7356e-05
0.0015062	7.5737	2.5452e-05
0.0015125	7.1222	2.364e-05
0.0015187	6.7123	2.1917e-05
0.001525	6.3463	2.0283e-05
0.0015313	6.0139	1.8734e-05
0.0015375	5.7175	1.7268e-05
0.0015437	5.4484	1.5884e-05
0.00155	5.2089	1.4579e-05
0.0015562	4.9914	1.335e-05
0.0015625	4.7982	1.2195e-05
0.0015688	4.6228	1.1112e-05
0.001575	4.4675	1.0098e-05
0.0015812	4.3264	9.1501e-06
0.0015875	4.2018	8.2665e-06
0.0015937	4.0887	7.4446e-06
0.0016	3.9891	6.6816e-06
0.0016063	3.8986	5.9752e-06
0.0016125	3.8192	5.3229e-06
0.0016187	3.7471	4.7223e-06
0.001625	3.6842	4.1708e-06
0.0016313	3.6268	3.6661e-06
0.0016375	3.5771	3.2058e-06
0.0016438	3.5316	2.7875e-06
0.00165	3.4924	2.4089e-06
0.0016562	3.4564	2.0679e-06
0.0016625	3.4256	1.762e-06
0.0016688	3.397	1.4892e-06
0.001675	3.3727	1.2473e-06
0.0016813	3.35	1.0341e-06
0.0016875	3.3308	8.4763e-07
0.0016937	3.3125	6.8586e-07
0.0017	3.2971	5.4681e-07
0.0017063	3.2821	4.2856e-07
0.0017125	3.2695	3.2923e-07
0.0017188	3.2569	2.4701e-07
0.001725	3.2461	1.8011e-07
0.0017312	3.2351	1.2682e-07
0.0017375	3.2255	8.5452e-08
0.0017438	3.2153	5.4394e-08
0.00175	3.2064	3.207e-08
0.0017562	3.1966	1.6958e-08
0.0017625	3.1878	9.0689e-09
0.0017687	3.1778	6.4506e-09
0.001775	3.1687	6.2789e-09
0.0017813	3.1582	7.2965e-09
0.0017875	3.1485	8.2926e-09
0.0017937	3.1372	8.1038e-09
0.0018	3.1266	5.6135e-09
0.0018062	3.1143	-2.4786e-10
0.0018125	3.1025	-1.0503e-08
0.0018188	3.0889	-2.6126e-08
0.001825	3.0758	-4.8048e-08
0.0018312	3.0608	-7.7148e-08
0.0018375	3.0462	-1.1426e-07
0.0018437	3.0297	-1.6018e-07
0.00185	3.0135	-2.1565e-07
0.0018563	2.9954	-2.8135e-07
0.0018625	2.9776	-3.5795e-07
0.0018687	2.9578	-4.4605e-07
0.001875	2.9383	-5.4621e-07
0.0018812	2.9168	-6.5894e-07
0.0018875	2.8955	-7.8472e-07
0.0018938	2.8724	-9.2398e-07
0.0019	2.8494	-1.0771e-06
0.0019062	2.8245	-1.2444e-06
0.0019125	2.7998	-1.4262e-06
0.0019188	2.7732	-1.6227e-06
0.001925	2.7468	-1.8343e-06
0.0019313	2.7186	-2.0612e-06
0.0019375	2.6906	-2.3034e-06
0.0019437	2.6608	-2.561e-06
0.00195	2.6312	-2.8343e-06
0.0019563	2.5999	-3.1231e-06
0.0019625	2.5688	-3.4276e-06
0.0019688	2.5361	-3.7476e-06
0.001975	2.5036	-4.0832e-06
0.0019812	2.4695	-4.4341e-06
0.0019875	2.4356	-4.8003e-06
0.0019937	2.4002	-5.1816e-06
0.002	2.3651	-5.5779e-06
0.0020062	2.3286	-5.9887e-06
0.0020125	2.2924	-6.414e-06
0.0020188	2.2548	-6.8535e-06
0.002025	2.2175	-7.3067e-06
0.0020313	2.179	-7.7734e-06
0.0020375	2.1408	-8.2533e-06
0.0020437	2.1014	-8.7459e-06
0.00205	2.0624	-9.2509e-06
0.0020562	2.0223	-9.7678e-06
0.0020625	1.9826	-1.0296e-05
0.0020687	1.9419	-1.0836e-05
0.002075	1.9016	-1.1385e-05
0.0020813	1.8605	-1.1945e-05
0.0020875	1.8198	-1.2515e-05
0.0020938	1.7782	-1.3093e-05
0.0021	1.7372	-1.368e-05
0.0021063	1.6954	-1.4275e-05
0.0021125	1.6542	-1.4878e-05
0.0021187	1.6123	-1.5487e-05
0.002125	1.571	-1.6102e-05
0.0021312	1.5291	-1.6723e-05
0.0021375	1.4878	-1.7349e-05
0.0021437	1.4461	-1.7979e-05
0.00215	1.405	-1.8613e-05
0.0021563	1.3635	-1.9251e-05
0.0021625	1.3226	-1.989e-05
0.0021688	1.2815	-2.0532e-05
0.002175	1.2411	-2.1175e-05
0.0021813	1.2004	-2.1819e-05
0.0021875	1.1605	-2.2463e-05
0.0021937	1.1204	-2.3106e-05
0.0022	1.0811	-2.3749e-05
0.0022062	1.0418	-2.4389e-05
0.0022125	1.0031	-2.5027e-05
0.0022187	0.96462	-2.5661e-05
0.002225	0.92685	-2.6293e-05
0.0022313	0.88924	-2.6919e-05
0.0022375	0.85241	-2.7541e-05
0.0022438	0.81581	-2.8158e-05
0.00225	0.78002	-2.8768e-05
0.0022563	0.74453	-2.9372e-05
0.0022625	0.70987	-2.9968e-05
0.0022687	0.6756	-3.0557e-05
0.002275	0.64217	-3.1137e-05
0.0022812	0.60918	-3.1709e-05
0.0022875	0.57707	-3.227e-05
0.0022938	0.54547	-3.2822e-05
0.0023	0.51476	-3.3363e-05
0.0023063	0.48462	-3.3894e-05
0.0023125	0.45539	-3.4412e-05
0.0023188	0.42679	-3.4919e-05
0.002325	0.39912	-3.5413e-05
0.0023312	0.37213	-3.5894e-05
0.0023375	0.34609	-3.6362e-05
0.0023437	0.32078	-3.6815e-05
0.00235	0.29643	-3.7255e-05
0.0023562	0.27287	-3.768e-05
0.0023625	0.25028	-3.8089e-05
0.0023688	0.22852	-3.8483e-05
0.002375	0.20774	-3.8862e-05
0.0023813	0.18784	-3.9224e-05
0.0023875	0.16894	-3.957e-05
0.0023938	0.15094	-3.9898e-05
0.0024	0.13395	-4.021e-05
0.0024062	0.1179	-4.0504e-05
0.0024125	0.10287	-4.0781e-05
0.0024187	0.088811	-4.1039e-05
0.002425	0.075782	-4.128e-05
0.0024312	0.063743	-4.1501e-05
0.0024375	0.052745	-4.1705e-05
0.0024438	0.042759	-4.1889e-05
0.00245	0.033819	-4.2055e-05
0.0024563	0.025909	-4.2201e-05
0.0024625	0.019051	-4.2328e-05
0.0024688	0.013235	-4.2436e-05
0.002475	0.0084757	-4.2525e-05
0.0024812	0.0047685	-4.2593e-05
0.0024875	0.0021202	-4.2643e-05
0.0024937	0.00053005	-4.2672e-05
0.0025	0	-4.2682e-05
