0	7.5777e+07	3.1392e+07
6.25e-06	6.834e+07	2.8092e+07
1.25e-05	6.1454e+07	2.4993e+07
1.875e-05	5.5616e+07	2.2118e+07
2.5e-05	5.0179e+07	1.9457e+07
3.125e-05	4.5608e+07	1.7035e+07
3.75e-05	4.1335e+07	1.4828e+07
4.375e-05	3.7746e+07	1.2852e+07
5e-05	3.4382e+07	1.1079e+07
5.625e-05	3.1545e+07	9.5131e+06
6.25e-05	2.8879e+07	8.1283e+06
6.875e-05	2.6616e+07	6.9195e+06
7.5e-05	2.4486e+07	5.8642e+06
8.125e-05	2.2661e+07	4.953e+06
8.75e-05	2.0941e+07	4.1662e+06
9.375e-05	1.945e+07	3.4935e+06
0.0001	1.8045e+07	2.9185e+06
0.00010625	1.6813e+07	2.4311e+06
0.0001125	1.565e+07	2.0182e+06
0.00011875	1.4619e+07	1.671e+06
0.000125	1.3646e+07	1.3793e+06
0.00013125	1.2774e+07	1.1358e+06
0.0001375	1.1951e+07	9.3274e+05
0.00014375	1.1205e+07	7.6429e+05
0.00015	1.0502e+07	6.2474e+05
0.00015625	9.8598e+06	5.0966e+05
0.0001625	9.254e+06	4.1489e+05
0.00016875	8.6968e+06	3.3716e+05
0.000175	8.1713e+06	2.7348e+05
0.00018125	7.6851e+06	2.2149e+05
0.0001875	7.2266e+06	1.7909e+05
0.00019375	6.8005e+06	1.4462e+05
0.0002	6.3987e+06	1.1662e+05
0.00020625	6.0239e+06	93936
0.0002125	5.6706e+06	75576
0.00021875	5.3401e+06	60744
0.000225	5.0285e+06	48775
0.00023125	4.7365e+06	39132
0.0002375	4.4613e+06	31369
0.00024375	4.2029e+06	25129
0.00025	3.9593e+06	20116
0.00025625	3.7305e+06	16094
0.0002625	3.5147e+06	12868
0.00026875	3.3118e+06	10284
0.000275	3.1206e+06	8215.3
0.00028125	2.9406e+06	6559.8
0.0002875	2.7709e+06	5235.8
0.00029375	2.6112e+06	4177.7
0.0003	2.4607e+06	3332.3
0.00030625	2.3189e+06	2657.2
0.0003125	2.1853e+06	2118.3
0.00031875	2.0594e+06	1688.3
0.000325	1.9408e+06	1345.3
0.00033125	1.829e+06	1071.8
0.0003375	1.7236e+06	853.73
0.00034375	1.6244e+06	679.92
0.00035	1.5308e+06	541.41
0.00035625	1.4427e+06	431.06
0.0003625	1.3596e+06	343.16
0.00036875	1.2813e+06	273.15
0.000375	1.2076e+06	217.4
0.00038125	1.138e+06	173.02
0.0003875	1.0725e+06	137.68
0.00039375	1.0107e+06	109.55
0.0004	9.5254e+05	87.163
0.00040625	8.9769e+05	69.345
0.0004125	8.46e+05	55.165
0.00041875	7.9729e+05	43.883
0.000425	7.5138e+05	34.906
0.00043125	7.0811e+05	27.764
0.0004375	6.6734e+05	22.082
0.00044375	6.2891e+05	17.563
0.00045	5.927e+05	13.968
0.00045625	5.5857e+05	11.108
0.0004625	5.264e+05	8.8339
0.00046875	4.9609e+05	7.0251
0.000475	4.6752e+05	5.5866
0.00048125	4.406e+05	4.4425
0.0004875	4.1523e+05	3.5328
0.00049375	3.9132e+05	2.8093
0.0005	3.6878e+05	2.234
0.00050625	3.4754e+05	1.7766
0.0005125	3.2753e+05	1.4128
0.00051875	3.0867e+05	1.1236
0.000525	2.9089e+05	0.89354
0.00053125	2.7414e+05	0.71063
0.0005375	2.5835e+05	0.56518
0.00054375	2.4348e+05	0.44952
0.00055	2.2945e+05	0.35754
0.00055625	2.1624e+05	0.2844
0.0005625	2.0379e+05	0.22623
0.00056875	1.9205e+05	0.17996
0.000575	1.8099e+05	0.14317
0.00058125	1.7057e+05	0.1139
0.0005875	1.6075e+05	0.090624
0.00059375	1.5149e+05	0.072107
0.0006	1.4276e+05	0.057377
0.00060625	1.3454e+05	0.045659
0.0006125	1.268e+05	0.036336
0.00061875	1.1949e+05	0.028919
0.000625	1.1261e+05	0.023017
0.00063125	1.0613e+05	0.018321
0.0006375	1.0002e+05	0.014583
0.00064375	94255	0.011609
0.00065	88828	0.0092422
0.00065625	83712	0.0073582
0.0006625	78892	0.0058587
0.00066875	74348	0.0046649
0.000675	70067	0.0037147
0.00068125	66032	0.0029581
0.0006875	62230	0.0023558
0.00069375	58646	0.0018762
0.0007	55269	0.0014943
0.00070625	52086	0.0011902
0.0007125	49087	0.00094805
0.00071875	46260	0.00075518
0.000725	43597	0.00060158
0.00073125	41086	0.00047923
0.0007375	38720	0.00038179
0.00074375	36491	0.00030416
0.00075	34390	0.00024233
0.00075625	32409	0.00019307
0.0007625	30543	0.00015383
0.00076875	28785	0.00012257
0.000775	27127	9.766e-05
0.00078125	25565	7.7815e-05
0.0007875	24093	6.2004e-05
0.00079375	22706	4.9406e-05
0.0008	21399	3.9367e-05
0.00080625	20167	3.1369e-05
0.0008125	19005	2.4995e-05
0.00081875	17911	1.9917e-05
0.000825	16880	1.587e-05
0.00083125	15908	1.2645e-05
0.0008375	14992	1.0075e-05
0.00084375	14129	8.0277e-06
0.00085	13316	6.396e-06
0.00085625	12549	5.0958e-06
0.0008625	11827	4.0597e-06
0.00086875	11146	3.2341e-06
0.000875	10504	2.5762e-06
0.00088125	9899.3	2.052e-06
0.0008875	9329.4	1.6343e-06
0.00089375	8792.3	1.3015e-06
0.0009	8286.1	1.0364e-06
0.00090625	7809.1	8.2517e-07
0.0009125	7359.5	6.5688e-07
0.00091875	6935.8	5.2283e-07
0.000925	6536.5	4.1605e-07
0.00093125	6160.2	3.31e-07
0.0009375	5805.6	2.6327e-07
0.00094375	5471.4	2.0933e-07
0.00095	5156.4	1.6639e-07
0.00095625	4859.5	1.322e-07
0.0009625	4579.7	1.0498e-07
0.00096875	4316.1	8.3327e-08
0.000975	4067.6	6.6096e-08
0.00098125	3833.4	5.2388e-08
0.0009875	3612.7	4.1488e-08
0.00099375	3404.7	3.2823e-08
0.001	3208.7	2.5936e-08
0.0010062	3023.9	2.0465e-08
0.0010125	2849.8	1.6122e-08
0.0010187	2685.7	1.2676e-08
0.001025	2531.1	9.9453e-09
0.0010313	2385.3	7.7826e-09
0.0010375	2248	6.0712e-09
0.0010437	2118.5	4.719e-09
0.00105	1996.5	3.6521e-09
0.0010562	1881.5	2.8115e-09
0.0010625	1773.1	2.1507e-09
0.0010688	1671	1.6324e-09
0.001075	1574.8	1.2272e-09
0.0010812	1484.1	9.1139e-10
0.0010875	1398.6	6.6615e-10
0.0010938	1318	4.7684e-10
0.0011	1242	3.3163e-10
0.0011063	1170.5	2.2105e-10
0.0011125	1103	1.3758e-10
0.0011187	1039.5	7.5381e-11
0.001125	979.56	2.9865e-11
0.0011313	923.1	-2.887e-12
0.0011375	869.89	-2.5598e-11
0.0011438	819.74	-4.0692e-11
0.00115	772.48	-4.9996e-11
0.0011562	727.94	-5.4833e-11
0.0011625	685.96	-5.6465e-11
0.0011688	646.4	-5.5661e-11
0.001175	609.11	-5.3194e-11
0.0011813	573.98	-4.9536e-11
0.0011875	540.86	-4.5144e-11
0.0011937	509.66	-4.0395e-11
0.0012	480.24	-3.5374e-11
0.0012063	452.53	-3.0408e-11
0.0012125	426.4	-2.5599e-11
0.0012187	401.79	-2.0939e-11
0.001225	378.59	-1.6691e-11
0.0012312	356.73	-1.275e-11
0.0012375	336.12	-9.17e-12
0.0012438	316.71	-6.0782e-12
0.00125	298.41	-3.4144e-12
0.0012562	281.16	-1.1853e-12
0.0012625	264.91	4.3644e-13
0.0012687	249.6	1.3529e-12
0.001275	235.17	2.3168e-12
0.0012813	221.57	3.7605e-12
0.0012875	208.76	5.2939e-12
0.0012937	196.69	6.8777e-12
0.0013	185.31	8.3777e-12
0.0013062	174.58	9.8557e-12
0.0013125	164.48	1.1201e-11
0.0013188	154.96	1.2453e-11
0.001325	145.99	1.3569e-11
0.0013312	137.54	1.458e-11
0.0013375	129.57	1.5425e-11
0.0013437	122.07	1.6168e-11
0.00135	115	1.6768e-11
0.0013563	108.34	1.7279e-11
0.0013625	102.06	1.7632e-11
0.0013687	96.143	1.7912e-11
0.001375	90.571	1.8061e-11
0.0013813	85.321	1.8135e-11
0.0013875	80.374	1.811e-11
0.0013938	75.714	1.7995e-11
0.0014	71.324	1.7811e-11
0.0014062	67.188	1.7559e-11
0.0014125	63.291	1.7244e-11
0.0014188	59.62	1.6874e-11
0.001425	56.162	1.6453e-11
0.0014313	52.904	1.5998e-11
0.0014375	49.836	1.5511e-11
0.0014437	46.945	1.4992e-11
0.00145	44.222	1.4449e-11
0.0014563	41.657	1.3883e-11
0.0014625	39.241	1.3312e-11
0.0014688	36.965	1.2714e-11
0.001475	34.821	1.2125e-11
0.0014812	32.802	1.1535e-11
0.0014875	30.9	1.0945e-11
0.0014938	29.109	1.0354e-11
0.0015	27.422	9.7666e-12
0.0015062	25.833	9.2023e-12
0.0015125	24.337	8.6494e-12
0.0015187	22.927	8.1131e-12
0.001525	21.6	7.5835e-12
0.0015313	20.35	7.0667e-12
0.0015375	19.173	6.5781e-12
0.0015437	18.064	6.1122e-12
0.00155	17.021	5.6629e-12
0.0015562	16.037	5.2207e-12
0.0015625	15.112	4.8139e-12
0.0015688	14.24	4.426e-12
0.001575	13.419	4.0492e-12
0.0015812	12.645	3.6997e-12
0.0015875	11.918	3.374e-12
0.0015937	11.232	3.069e-12
0.0016	10.586	2.7805e-12
0.0016063	9.9784	2.5126e-12
0.0016125	9.4062	2.256e-12
0.0016187	8.867	2.0275e-12
0.001625	8.3596	1.817e-12
0.0016313	7.8814	1.6191e-12
0.0016375	7.4315	1.4365e-12
0.0016438	7.0075	1.2702e-12
0.00165	6.6086	1.1182e-12
0.0016562	6.2325	9.813e-13
0.0016625	5.8788	8.5556e-13
0.0016688	5.5453	7.4007e-13
0.001675	5.2316	6.3865e-13
0.0016813	4.9358	5.5173e-13
0.0016875	4.6576	4.6664e-13
0.0016937	4.3952	3.9655e-13
0.0017	4.1484	3.3472e-13
0.0017063	3.9157	2.7849e-13
0.0017125	3.6967	2.3126e-13
0.0017188	3.4902	1.8792e-13
0.001725	3.296	1.5324e-13
0.0017312	3.1127	1.2005e-13
0.0017375	2.9403	9.6399e-14
0.0017438	2.7776	7.4579e-14
0.00175	2.6246	5.5955e-14
0.0017562	2.4801	4.1993e-14
0.0017625	2.3443	2.8777e-14
0.0017687	2.216	2.1483e-14
0.001775	2.0954	1.3973e-14
0.0017813	1.9814	8.6118e-15
0.0017875	1.8742	5.0164e-15
0.0017937	1.7729	9.7344e-16
0.0018	1.6777	7.4873e-16
0.0018062	1.5876	-1.4522e-16
0.0018125	1.5029	7.7671e-16
0.0018188	1.4228	-1.1307e-15
0.001825	1.3475	-9.3259e-17
0.0018312	1.2762	-2.6779e-16
0.0018375	1.2092	-1.0436e-15
0.0018437	1.1458	-9.9654e-16
0.00185	1.0861	-2.1263e-15
0.0018563	1.0296	-4.7216e-15
0.0018625	0.97639	-6.5832e-15
0.0018687	0.92602	-1.0546e-14
0.001875	0.87862	-1.4774e-14
0.0018812	0.83369	-2.062e-14
0.0018875	0.79141	-2.6663e-14
0.0018938	0.75132	-3.4596e-14
0.0019	0.71357	-4.2899e-14
0.0019062	0.67776	-5.2637e-14
0.0019125	0.64404	-6.3668e-14
0.0019188	0.61203	-7.568e-14
0.001925	0.58187	-8.928e-14
0.0019313	0.55324	-1.0434e-13
0.0019375	0.52626	-1.2058e-13
0.0019437	0.50062	-1.3877e-13
0.00195	0.47644	-1.5684e-13
0.0019563	0.45346	-1.7702e-13
0.0019625	0.43179	-1.9879e-13
0.0019688	0.41117	-2.2116e-13
0.001975	0.39171	-2.4574e-13
0.0019812	0.37319	-2.7083e-13
0.0019875	0.3557	-2.9772e-13
0.0019937	0.33905	-3.2612e-13
0.002	0.32331	-3.5558e-13
0.0020062	0.30831	-3.8617e-13
0.0020125	0.29413	-4.1812e-13
0.0020188	0.28061	-4.5208e-13
0.002025	0.26782	-4.8651e-13
0.0020313	0.25561	-5.2231e-13
0.0020375	0.24405	-5.5996e-13
0.0020437	0.23301	-5.9791e-13
0.00205	0.22255	-6.3761e-13
0.0020562	0.21255	-6.783e-13
0.0020625	0.20306	-7.2085e-13
0.0020687	0.19399	-7.6386e-13
0.002075	0.18538	-8.0843e-13
0.0020813	0.17714	-8.5432e-13
0.0020875	0.1693	-9.0012e-13
0.0020938	0.1618	-9.4736e-13
0.0021	0.15465	-9.963e-13
0.0021063	0.14781	-1.0461e-12
0.0021125	0.14129	-1.0965e-12
0.0021187	0.13503	-1.1478e-12
0.002125	0.12906	-1.2003e-12
0.0021312	0.12333	-1.2538e-12
0.0021375	0.11786	-1.308e-12
0.0021437	0.1126	-1.3616e-12
0.00215	0.10758	-1.4176e-12
0.0021563	0.10274	-1.4729e-12
0.0021625	0.098118	-1.5298e-12
0.0021688	0.093666	-1.5872e-12
0.002175	0.089399	-1.6449e-12
0.0021813	0.085291	-1.7033e-12
0.0021875	0.081348	-1.7615e-12
0.0021937	0.07755	-1.8207e-12
0.0022	0.073902	-1.879e-12
0.0022062	0.070385	-1.939e-12
0.0022125	0.067003	-1.9987e-12
0.0022187	0.063741	-2.0579e-12
0.002225	0.060603	-2.1173e-12
0.0022313	0.057575	-2.1768e-12
0.0022375	0.054659	-2.2361e-12
0.0022438	0.051845	-2.2951e-12
0.00225	0.049134	-2.3542e-12
0.0022563	0.046518	-2.4131e-12
0.0022625	0.043997	-2.4708e-12
0.0022687	0.041563	-2.5287e-12
0.002275	0.039218	-2.5859e-12
0.0022812	0.036956	-2.6426e-12
0.0022875	0.034776	-2.6992e-12
0.0022938	0.032675	-2.7542e-12
0.0023	0.03065	-2.8086e-12
0.0023063	0.0287	-2.862e-12
0.0023125	0.026824	-2.9153e-12
0.0023188	0.025018	-2.9664e-12
0.002325	0.023282	-3.0169e-12
0.0023312	0.021615	-3.0665e-12
0.0023375	0.020015	-3.1155e-12
0.0023437	0.018481	-3.1623e-12
0.00235	0.017013	-3.208e-12
0.0023562	0.015608	-3.2529e-12
0.0023625	0.014267	-3.2953e-12
0.0023688	0.012988	-3.3371e-12
0.002375	0.011772	-3.3771e-12
0.0023813	0.010617	-3.4154e-12
0.0023875	0.0095231	-3.4521e-12
0.0023938	0.00849	-3.4874e-12
0.0024	0.0075171	-3.5204e-12
0.0024062	0.0066042	-3.5518e-12
0.0024125	0.0057509	-3.5816e-12
0.0024187	0.0049573	-3.6093e-12
0.002425	0.0042228	-3.6349e-12
0.0024312	0.0035476	-3.6588e-12
0.0024375	0.0029313	-3.681e-12
0.0024438	0.002374	-3.7006e-12
0.00245	0.0018755	-3.7195e-12
0.0024563	0.0014358	-3.7354e-12
0.0024625	0.0010548	-3.7483e-12
0.0024688	0.00073243	-3.7605e-12
0.002475	0.00046872	-3.7702e-12
0.0024812	0.00026365	-3.7774e-12
0.0024875	0.00011717	-3.7829e-12
0.0024937	2.9293e-05	-3.7863e-12
0.0025	0	-3.7875e-12
