1e+05	25.866	-0.10818
98597	22.529	-0.11165
97203	19.533	-0.11457
95819	18.849	-0.11827
94443	18.506	-0.12149
93077	18.378	-0.12531
91720	18.324	-0.12884
90372	18.383	-0.13291
89033	18.47	-0.13674
87703	18.634	-0.14111
86382	18.793	-0.14527
85070	19.013	-0.14996
83767	19.22	-0.15448
82474	19.491	-0.15953
81189	19.739	-0.16444
79913	20.042	-0.1699
78647	20.318	-0.17523
77390	20.656	-0.18115
76141	20.967	-0.18695
74902	21.335	-0.19337
73672	21.669	-0.19968
72451	22.067	-0.20665
71240	22.431	-0.21354
70037	22.859	-0.22112
68844	23.248	-0.22865
67660	23.708	-0.23691
66486	24.127	-0.24515
65320	24.619	-0.25416
64164	25.065	-0.2632
63017	25.592	-0.27305
61880	26.072	-0.28297
60752	26.63	-0.29377
59633	27.144	-0.30467
58524	27.746	-0.31653
57424	28.292	-0.32854
56333	28.933	-0.34159
55253	29.52	-0.35485
54181	30.201	-0.36922
53119	30.821	-0.3839
52067	31.552	-0.39977
51024	32.222	-0.41603
49991	32.999	-0.43361
48967	33.714	-0.45167
47953	34.557	-0.47118
46949	35.328	-0.49129
45955	36.223	-0.513
44970	37.047	-0.53544
43995	38.013	-0.55965
43030	38.898	-0.58475
42074	39.934	-0.61182
41129	40.882	-0.63999
40193	41.99	-0.67033
39268	43.016	-0.702
38352	44.226	-0.73613
37446	45.339	-0.77185
36550	46.631	-0.81035
35664	47.827	-0.85076
34789	49.235	-0.89432
33923	50.537	-0.94021
33068	52.056	-0.98964
32223	53.467	-1.0419
31388	55.125	-1.0982
30563	56.656	-1.1579
29749	58.44	-1.2223
28944	60.101	-1.2907
28151	62.062	-1.3647
27367	63.884	-1.4435
26594	66.02	-1.5287
25832	68.012	-1.6197
25080	70.365	-1.7184
24339	72.565	-1.8241
23608	75.131	-1.9387
22888	77.519	-2.062
22179	80.345	-2.1959
21480	83.022	-2.3403
20792	86.16	-2.4975
20115	89.093	-2.6676
19449	92.539	-2.853
18794	95.795	-3.0544
18150	99.648	-3.2745
17516	103.27	-3.5142
16894	107.53	-3.7769
16283	111.54	-4.064
15683	116.33	-4.3795
15095	120.91	-4.7255
14518	126.29	-5.1068
13952	131.34	-5.5266
13397	137.33	-5.9907
12854	143.08	-6.5035
12323	149.92	-7.0723
11803	156.43	-7.7034
11295	164.09	-8.4056
10799	171.38	-9.1882
10314	180.1	-10.063
9841.3	188.53	-11.041
9380.6	198.48	-12.137
8931.8	207.94	-13.369
8495.2	219.12	-14.756
8070.6	229.83	-16.321
7658.5	242.45	-18.09
7258.5	254.43	-20.092
6871.2	268.46	-22.363
6496.3	281.65	-24.942
6134.3	297.05	-27.876
5785	311.43	-31.216
5448.9	328.13	-35.019
5125.8	343.64	-39.35
4816.3	361.67	-44.274
4520.3	378.63	-49.866
4238.2	398.45	-56.192
3970	417.5	-63.316
3716	439.77	-71.281
3476.3	461.7	-80.107
3250.8	486.67	-89.765
3039.6	511.26	-100.16
2842.4	537.71	-111.12
2659	562.96	-122.33
2489	587.26	-133.39
2331.8	608.26	-143.73
2186.8	624.26	-152.72
2053.4	634.8	-159.62
1930.6	639.84	-163.88
1817.6	642.04	-164.93
1713.6	642.04	-162.89
1617.7	642.04	-157.74
1529	642.04	-150.62
1446.8	642.04	-141.89
1370.3	642.04	-133.31
1299	642.04	-124.81
1232.3	642.04	-117.58
1169.8	642.04	-110.75
1111	642.04	-104.79
1055.7	642.04	-98.969
1003.6	642.04	-93.507
954.32	642.04	-88.07
907.71	642.04	-82.807
863.55	642.04	-77.532
821.65	642.04	-72.437
781.86	642.04	-67.383
744.03	642.04	-62.536
708.03	642.04	-57.794
673.74	642.04	-53.286
641.06	642.04	-48.94
609.88	642.04	-44.844
580.13	642.04	-40.944
551.72	642.04	-37.3
524.58	642.04	-33.872
498.66	642.04	-30.693
473.89	642.04	-27.733
450.22	642.04	-25.008
427.6	642.04	-22.495
406	642.04	-20.197
385.36	642.04	-18.093
365.65	642.04	-16.179
346.84	642.04	-14.439
328.9	642.04	-12.866
311.79	642.04	-11.443
295.49	642.04	-10.162
279.96	642.04	-9.0095
265.18	642.04	-7.9762
251.13	642.04	-7.0499
237.77	642.04	-6.2113
225.09	642.04	-5.4841
213.06	642.04	-4.8173
201.65	642.04	-4.2413
190.84	642.04	-3.7289
180.62	642.04	-3.2607
170.95	642.04	-2.8469
161.82	642.04	-2.4915
153.19	642.04	-2.1683
145.06	642.04	-1.8914
137.39	642.04	-1.6472
130.17	642.04	-1.4262
123.37	642.04	-1.2325
116.98	642.04	-1.0674
110.98	642.04	-0.92257
105.34	642.04	-0.79253
100.05	642.04	-0.68212
95.088	642.04	-0.58342
90.437	642.04	-0.49785
86.08	642.04	-0.42556
82.002	642.04	-0.36287
78.186	642.04	-0.30737
74.617	642.04	-0.26076
71.281	642.04	-0.21971
68.164	642.04	-0.18462
65.253	642.04	-0.15535
62.535	642.04	-0.13034
59.999	642.04	-0.10858
57.632	642.04	-0.090568
55.426	642.04	-0.075002
53.368	642.04	-0.061927
51.451	642.04	-0.051199
49.664	642.04	-0.04221
48	642.04	-0.034551
46.45	642.04	-0.028197
45.007	642.04	-0.023043
43.663	642.04	-0.018697
42.413	642.04	-0.015194
41.249	642.04	-0.012313
40.167	642.04	-0.0099088
39.16	642.04	-0.0079528
38.223	642.04	-0.0063938
37.352	642.04	-0.0051058
36.542	642.04	-0.0040848
35.788	642.04	-0.0032603
35.088	642.04	-0.0025851
34.437	642.04	-0.0020452
33.832	642.04	-0.0016216
33.27	642.04	-0.0012775
32.748	642.04	-0.0010087
32.262	642.04	-0.00079492
31.811	642.04	-0.00062249
31.392	642.04	-0.00048649
31.002	642.04	-0.00038114
30.64	642.04	-0.00029671
30.304	642.04	-0.00023152
29.992	642.04	-0.00018028
29.702	642.04	-0.00013947
29.432	642.04	-0.00010765
29.182	642.04	-8.3263e-05
28.949	642.04	-6.4238e-05
28.733	642.04	-4.9209e-05
28.533	642.04	-3.7757e-05
28.347	642.04	-2.8753e-05
28.174	642.04	-2.1826e-05
28.013	642.04	-1.659e-05
27.864	642.04	-1.2567e-05
27.725	642.04	-9.4455e-06
27.597	642.04	-7.1109e-06
27.477	642.04	-5.3161e-06
27.366	642.04	-3.9692e-06
27.263	642.04	-2.98e-06
27.167	642.04	-2.2457e-06
27.078	642.04	-1.6985e-06
26.996	642.04	-1.3089e-06
26.919	642.04	-1.0268e-06
26.848	642.04	-8.3073e-07
26.782	642.04	-7.0002e-07
26.72	642.04	-6.1468e-07
26.663	642.04	-5.6159e-07
26.61	642.04	-5.3265e-07
26.561	642.04	-5.2058e-07
26.515	642.04	-5.1939e-07
26.473	642.04	-5.2503e-07
26.433	642.04	-5.3382e-07
26.397	642.04	-5.434e-07
26.363	642.04	-5.5204e-07
26.331	642.04	-5.5934e-07
26.302	642.04	-5.6553e-07
26.274	642.04	-5.7042e-07
26.249	642.04	-5.7415e-07
26.225	642.04	-5.7679e-07
26.204	642.04	-5.7827e-07
26.183	642.04	-5.7869e-07
26.164	642.04	-5.7807e-07
26.147	642.04	-5.7653e-07
26.13	642.04	-5.7405e-07
26.115	642.04	-5.7064e-07
26.101	642.04	-5.6642e-07
26.088	642.04	-5.6149e-07
26.075	642.04	-5.5589e-07
26.064	642.04	-5.495e-07
26.053	642.04	-5.4262e-07
26.044	642.04	-5.3505e-07
26.034	642.04	-5.2698e-07
26.026	642.04	-5.1861e-07
26.018	642.04	-5.098e-07
26.011	642.04	-5.0054e-07
26.004	642.04	-4.9107e-07
25.997	642.04	-4.8123e-07
25.991	642.04	-4.7113e-07
25.986	642.04	-4.6102e-07
25.981	642.04	-4.5074e-07
25.976	642.04	-4.4024e-07
25.971	642.04	-4.2978e-07
25.967	642.04	-4.1912e-07
25.963	642.04	-4.0845e-07
25.96	642.04	-3.9794e-07
25.956	642.04	-3.8745e-07
25.953	642.04	-3.7686e-07
25.95	642.04	-3.6636e-07
25.947	642.04	-3.5611e-07
25.945	642.04	-3.4581e-07
25.942	642.04	-3.3579e-07
25.94	642.04	-3.2591e-07
25.938	642.04	-3.1602e-07
25.936	642.04	-3.0629e-07
25.934	642.04	-2.9688e-07
25.932	642.04	-2.875e-07
25.931	642.04	-2.7845e-07
25.929	642.04	-2.6958e-07
25.928	642.04	-2.6076e-07
25.927	642.04	-2.5214e-07
25.926	642.04	-2.4385e-07
25.924	642.04	-2.3563e-07
25.923	642.04	-2.2774e-07
25.922	642.04	-2.2004e-07
25.921	642.04	-2.1242e-07
25.921	642.04	-2.0499e-07
25.92	642.04	-1.9789e-07
25.919	642.04	-1.9086e-07
25.918	642.04	-1.8414e-07
25.918	642.04	-1.776e-07
25.917	642.04	-1.7115e-07
25.916	642.04	-1.6489e-07
25.916	642.04	-1.5891e-07
25.915	642.04	-1.531e-07
25.915	642.04	-1.4738e-07
25.914	642.04	-1.4192e-07
25.914	642.04	-1.3655e-07
25.914	642.04	-1.3134e-07
25.913	642.04	-1.2637e-07
25.913	642.04	-1.2156e-07
25.912	642.04	-1.1684e-07
25.912	642.04	-1.1233e-07
25.912	642.04	-1.079e-07
25.912	642.04	-1.0363e-07
25.911	642.04	-9.9556e-08
25.911	642.04	-9.5557e-08
25.911	642.04	-9.1757e-08
25.911	642.04	-8.8024e-08
25.911	642.04	-8.4482e-08
25.91	642.04	-8.1058e-08
25.91	642.04	-7.7704e-08
25.91	642.04	-7.4522e-08
25.91	642.04	-7.14e-08
25.91	642.04	-6.8397e-08
25.91	642.04	-6.5546e-08
25.909	642.04	-6.2759e-08
25.909	642.04	-6.0113e-08
25.909	642.04	-5.7531e-08
25.909	642.04	-5.5084e-08
25.909	642.04	-5.273e-08
25.909	642.04	-5.0432e-08
25.909	642.04	-4.8257e-08
25.909	642.04	-4.6139e-08
25.909	642.04	-4.4132e-08
25.909	642.04	-4.2177e-08
25.909	642.04	-4.0302e-08
25.909	642.04	-3.8536e-08
25.909	642.04	-3.6811e-08
25.908	642.04	-3.5186e-08
25.908	642.04	-3.3605e-08
25.908	642.04	-3.2116e-08
25.908	642.04	-3.069e-08
25.908	642.04	-2.9304e-08
25.908	642.04	-2.8001e-08
25.908	642.04	-2.6735e-08
25.908	642.04	-2.5545e-08
25.908	642.04	-2.4391e-08
25.908	642.04	-2.3289e-08
25.908	642.04	-2.2255e-08
25.908	642.04	-2.1253e-08
25.908	642.04	-2.0314e-08
25.908	642.04	-1.9405e-08
25.908	642.04	-1.8552e-08
25.908	642.04	-1.7741e-08
25.908	642.04	-1.6957e-08
25.908	642.04	-1.6223e-08
25.908	642.04	-1.5515e-08
25.908	642.04	-1.4852e-08
25.908	642.04	-1.4213e-08
25.908	642.04	-1.3607e-08
25.908	642.04	-1.3041e-08
25.908	642.04	-1.2496e-08
25.908	642.04	-1.1988e-08
25.908	642.04	-1.1507e-08
25.908	642.04	-1.1044e-08
25.908	642.04	-1.0613e-08
25.908	642.04	-1.0199e-08
25.908	642.04	-9.8148e-09
25.908	642.04	-9.4461e-09
25.908	642.04	-9.0989e-09
25.908	642.04	-8.7767e-09
25.908	642.04	-8.4682e-09
25.908	642.04	-8.1834e-09
25.908	642.04	-7.9111e-09
25.908	642.04	-7.66e-09
25.908	642.04	-7.4245e-09
25.908	642.04	-7.2004e-09
25.908	642.04	-6.9948e-09
25.908	642.04	-6.8e-09
25.908	642.04	-6.6213e-09
25.908	642.04	-6.4535e-09
25.908	642.04	-6.298e-09
25.908	642.04	-6.1569e-09
25.908	642.04	-6.0253e-09
25.908	642.04	-5.9071e-09
25.908	642.04	-5.7976e-09
25.908	642.04	-5.7007e-09
25.908	642.04	-5.6134e-09
25.908	642.04	-5.535e-09
25.908	642.04	-5.4676e-09
25.908	642.04	-5.4086e-09
25.908	642.04	-5.3595e-09
25.908	642.04	-5.3191e-09
25.908	642.04	-5.288e-09
25.908	642.04	-5.2659e-09
25.908	642.04	-5.2527e-09
25.908	642.04	-5.2482e-09
