10000	186.51	-21.166
9594.8	182.05	-22.945
9200.6	178.76	-24.896
8817.4	181.88	-27.037
8445	185.33	-29.387
8083.5	189.75	-31.965
7732.8	194.37	-34.794
7392.9	199.79	-37.897
7063.8	205.25	-41.297
6745.5	211.41	-45.018
6437.9	217.49	-49.084
6141.1	224.17	-53.515
5855	230.65	-58.331
5579.8	237.6	-63.543
5315.2	244.23	-69.161
5061.3	251.13	-75.177
4818.1	257.59	-81.573
4585.6	264.06	-88.312
4363.6	269.9	-95.336
4152.1	275.32	-102.56
3950.9	280.04	-109.86
3760.1	283.91	-117.11
3579.3	286.85	-124.11
3408.5	288.41	-130.67
3247.3	289.14	-136.56
3095.5	289.28	-141.57
2952.9	289.49	-145.44
2819	289.49	-148.06
2693.6	289.49	-149.2
2576.2	289.49	-148.88
2466.3	289.49	-146.97
2363.6	289.49	-143.68
2267.5	289.49	-138.97
2177.6	289.49	-133.19
2093.4	289.49	-126.36
2014.5	289.49	-118.92
1940.4	289.49	-110.89
1870.8	289.49	-102.69
1805.1	289.49	-94.316
1743.2	289.49	-86.112
1684.5	289.49	-78.068
1628.9	289.49	-70.422
1576	289.49	-63.134
1525.6	289.49	-56.357
1477.5	289.49	-50.039
1431.5	289.49	-44.263
1387.3	289.49	-38.971
1344.9	289.49	-34.198
1304.1	289.49	-29.885
1264.8	289.49	-26.038
1226.9	289.49	-22.605
1190.2	289.49	-19.572
1154.8	289.49	-16.891
1120.4	289.49	-14.542
1087.2	289.49	-12.484
1054.9	289.49	-10.695
1023.6	289.49	-9.1394
993.16	289.49	-7.795
963.63	289.49	-6.6342
934.92	289.49	-5.6367
907.03	289.49	-4.7806
879.91	289.49	-4.0486
853.55	289.49	-3.4233
827.91	289.49	-2.891
802.99	289.49	-2.4383
778.75	289.49	-2.0542
755.19	289.49	-1.7289
732.28	289.49	-1.4537
710.02	289.49	-1.2213
688.39	289.49	-1.0253
667.36	289.49	-0.86022
646.94	289.49	-0.72123
627.11	289.49	-0.60442
607.85	289.49	-0.50628
589.16	289.49	-0.4239
571.01	289.49	-0.3548
553.41	289.49	-0.29687
536.33	289.49	-0.24834
519.77	289.49	-0.2077
503.72	289.49	-0.17368
488.16	289.49	-0.14519
473.08	289.49	-0.12138
458.47	289.49	-0.10145
444.32	289.49	-0.084793
430.62	289.49	-0.070864
417.35	289.49	-0.05922
404.52	289.49	-0.049488
392.09	289.49	-0.041354
380.07	289.49	-0.034557
368.44	289.49	-0.028876
357.2	289.49	-0.024129
346.32	289.49	-0.020163
335.81	289.49	-0.016849
325.64	289.49	-0.014079
315.82	289.49	-0.011765
306.32	289.49	-0.0098313
297.15	289.49	-0.0082153
288.28	289.49	-0.0068648
279.72	289.49	-0.005736
271.45	289.49	-0.0047929
263.46	289.49	-0.0040048
255.74	289.49	-0.0033461
248.29	289.49	-0.0027956
241.1	289.49	-0.0023355
234.16	289.49	-0.001951
227.46	289.49	-0.0016296
220.99	289.49	-0.001361
214.75	289.49	-0.0011366
208.73	289.49	-0.00094899
202.93	289.49	-0.00079228
197.33	289.49	-0.00066127
191.93	289.49	-0.00055185
186.72	289.49	-0.00046042
181.71	289.49	-0.00038405
176.87	289.49	-0.00032025
172.21	289.49	-0.00026698
167.73	289.49	-0.00022249
163.41	289.49	-0.00018536
159.25	289.49	-0.00015437
155.25	289.49	-0.0001285
151.4	289.49	-0.00010693
147.69	289.49	-8.8934e-05
144.13	289.49	-7.3933e-05
140.7	289.49	-6.1432e-05
137.41	289.49	-5.1018e-05
134.25	289.49	-4.2345e-05
131.21	289.49	-3.5127e-05
128.3	289.49	-2.9122e-05
125.5	289.49	-2.4127e-05
122.81	289.49	-1.9976e-05
120.24	289.49	-1.6529e-05
117.77	289.49	-1.3667e-05
115.4	289.49	-1.1292e-05
113.13	289.49	-9.3232e-06
110.96	289.49	-7.692e-06
108.88	289.49	-6.3413e-06
106.88	289.49	-5.2239e-06
104.98	289.49	-4.2999e-06
103.15	289.49	-3.5365e-06
101.41	289.49	-2.9062e-06
99.741	289.49	-2.3864e-06
98.147	289.49	-1.9579e-06
96.624	289.49	-1.605e-06
95.17	289.49	-1.3147e-06
93.781	289.49	-1.0759e-06
92.455	289.49	-8.7985e-07
91.189	289.49	-7.189e-07
89.982	289.49	-5.869e-07
88.83	289.49	-4.7873e-07
87.731	289.49	-3.9022e-07
86.684	289.49	-3.1778e-07
85.686	289.49	-2.5859e-07
84.735	289.49	-2.1026e-07
83.829	289.49	-1.7083e-07
82.966	289.49	-1.3868e-07
82.145	289.49	-1.125e-07
81.362	289.49	-9.1196e-08
80.617	289.49	-7.3865e-08
79.909	289.49	-5.9785e-08
79.234	289.49	-4.8356e-08
78.593	289.49	-3.9081e-08
77.982	289.49	-3.1505e-08
77.402	289.49	-2.5473e-08
76.85	289.49	-2.0506e-08
76.325	289.49	-1.6557e-08
75.826	289.49	-1.3359e-08
75.352	289.49	-1.0731e-08
74.902	289.49	-8.615e-09
74.474	289.49	-6.9364e-09
74.067	289.49	-5.5601e-09
73.68	289.49	-4.4704e-09
73.313	289.49	-3.5914e-09
72.965	289.49	-2.8723e-09
72.634	289.49	-2.2952e-09
72.319	289.49	-1.8394e-09
72.021	289.49	-1.4728e-09
71.738	289.49	-1.1738e-09
71.469	289.49	-9.3804e-10
71.213	289.49	-7.4617e-10
70.971	289.49	-5.9286e-10
70.741	289.49	-4.723e-10
70.523	289.49	-3.7581e-10
70.315	289.49	-2.9749e-10
70.119	289.49	-2.3607e-10
69.932	289.49	-1.8633e-10
69.756	289.49	-1.4683e-10
69.588	289.49	-1.1594e-10
69.428	289.49	-9.1389e-11
69.277	289.49	-7.1599e-11
69.134	289.49	-5.6188e-11
68.998	289.49	-4.3813e-11
68.869	289.49	-3.4073e-11
68.747	289.49	-2.6531e-11
68.631	289.49	-2.0602e-11
68.521	289.49	-1.5881e-11
68.417	289.49	-1.2195e-11
68.318	289.49	-9.3747e-12
68.225	289.49	-7.1541e-12
68.136	289.49	-5.4573e-12
68.051	289.49	-4.152e-12
67.972	289.49	-3.138e-12
67.896	289.49	-2.3724e-12
67.824	289.49	-1.7923e-12
67.756	289.49	-1.3487e-12
67.691	289.49	-1.0274e-12
67.63	289.49	-7.869e-13
67.572	289.49	-6.1012e-13
67.517	289.49	-4.8168e-13
67.465	289.49	-3.8629e-13
67.416	289.49	-3.1504e-13
67.369	289.49	-2.6434e-13
67.325	289.49	-2.2641e-13
67.283	289.49	-1.9972e-13
67.243	289.49	-1.6798e-13
67.205	289.49	-1.4531e-13
67.169	289.49	-1.2695e-13
67.135	289.49	-1.0054e-13
67.103	289.49	-8.5072e-14
67.073	289.49	-7.925e-14
67.044	289.49	-8.0191e-14
67.016	289.49	-8.6828e-14
66.99	289.49	-9.5572e-14
66.966	289.49	-1.082e-13
66.942	289.49	-1.2851e-13
66.92	289.49	-1.4527e-13
66.899	289.49	-1.6053e-13
66.88	289.49	-1.8102e-13
66.861	289.49	-1.9677e-13
66.843	289.49	-2.1417e-13
66.826	289.49	-2.2916e-13
66.81	289.49	-2.4406e-13
66.795	289.49	-2.5642e-13
66.781	289.49	-2.6806e-13
66.767	289.49	-2.7752e-13
66.754	289.49	-2.8685e-13
66.742	289.49	-2.9458e-13
66.73	289.49	-3.0017e-13
66.719	289.49	-3.0323e-13
66.709	289.49	-3.0718e-13
66.699	289.49	-3.0775e-13
66.69	289.49	-3.0881e-13
66.681	289.49	-3.0773e-13
66.673	289.49	-3.0603e-13
66.665	289.49	-3.0306e-13
66.657	289.49	-2.9969e-13
66.65	289.49	-2.9521e-13
66.643	289.49	-2.9051e-13
66.637	289.49	-2.831e-13
66.631	289.49	-2.7686e-13
66.625	289.49	-2.6921e-13
66.62	289.49	-2.6216e-13
66.614	289.49	-2.546e-13
66.609	289.49	-2.4643e-13
66.605	289.49	-2.3757e-13
66.6	289.49	-2.2933e-13
66.596	289.49	-2.2067e-13
66.592	289.49	-2.1167e-13
66.589	289.49	-2.0215e-13
66.585	289.49	-1.9344e-13
66.582	289.49	-1.8492e-13
66.578	289.49	-1.7639e-13
66.575	289.49	-1.6691e-13
66.573	289.49	-1.5884e-13
66.57	289.49	-1.5127e-13
66.567	289.49	-1.4286e-13
66.565	289.49	-1.3461e-13
66.563	289.49	-1.2701e-13
66.56	289.49	-1.1979e-13
66.558	289.49	-1.1279e-13
66.556	289.49	-1.0556e-13
66.554	289.49	-9.9023e-14
66.553	289.49	-9.2467e-14
66.551	289.49	-8.6868e-14
66.549	289.49	-8.0098e-14
66.548	289.49	-7.4871e-14
66.546	289.49	-6.9755e-14
66.545	289.49	-6.5588e-14
66.544	289.49	-5.9684e-14
66.542	289.49	-5.6472e-14
66.541	289.49	-5.1895e-14
66.54	289.49	-4.7041e-14
66.539	289.49	-4.3764e-14
66.538	289.49	-4.0274e-14
66.537	289.49	-3.6534e-14
66.536	289.49	-3.3972e-14
66.535	289.49	-3.0849e-14
66.535	289.49	-2.8181e-14
66.534	289.49	-2.5458e-14
66.533	289.49	-2.2761e-14
66.533	289.49	-2.1088e-14
66.532	289.49	-1.9211e-14
66.531	289.49	-1.7295e-14
66.531	289.49	-1.5238e-14
66.53	289.49	-1.3805e-14
66.53	289.49	-1.2189e-14
66.529	289.49	-1.0821e-14
66.529	289.49	-1.0103e-14
66.528	289.49	-8.6816e-15
66.528	289.49	-7.57e-15
66.527	289.49	-6.9778e-15
66.527	289.49	-6.1394e-15
66.526	289.49	-5.2992e-15
66.526	289.49	-4.8209e-15
66.526	289.49	-3.6995e-15
66.525	289.49	-3.0504e-15
66.525	289.49	-2.9397e-15
66.525	289.49	-2.7333e-15
66.525	289.49	-2.1641e-15
66.524	289.49	-1.7065e-15
66.524	289.49	-1.5479e-15
66.524	289.49	-1.3135e-15
66.524	289.49	-1.0208e-15
66.523	289.49	-8.3031e-16
66.523	289.49	-6.3715e-16
66.523	289.49	-7.5779e-16
66.523	289.49	-4.2412e-16
66.523	289.49	-3.6979e-16
66.522	289.49	-1.0646e-16
66.522	289.49	-2.2061e-16
66.522	289.49	-1.4159e-16
66.522	289.49	-4.0347e-17
66.522	289.49	-1.1785e-17
66.522	289.49	-1.1299e-16
66.522	289.49	-1.1554e-16
66.522	289.49	3.2213e-17
66.521	289.49	2.7466e-18
66.521	289.49	2.8512e-17
66.521	289.49	2.665e-17
66.521	289.49	-2.2574e-17
66.521	289.49	-6.3706e-17
66.521	289.49	-7.2659e-17
66.521	289.49	2.0814e-17
66.521	289.49	-3.0912e-18
66.521	289.49	8.3191e-18
66.521	289.49	-1.688e-17
66.521	289.49	-2.8482e-17
66.521	289.49	1.038e-16
66.52	289.49	9.788e-17
66.52	289.49	8.4847e-17
66.52	289.49	8.1597e-17
66.52	289.49	1.3081e-16
66.52	289.49	1.763e-16
66.52	289.49	1.6742e-16
66.52	289.49	1.9281e-16
66.52	289.49	2.4242e-16
66.52	289.49	2.9418e-16
66.52	289.49	3.2817e-16
66.52	289.49	4.0818e-16
66.52	289.49	5.0713e-16
66.52	289.49	5.3701e-16
66.52	289.49	5.8768e-16
66.52	289.49	6.5591e-16
66.52	289.49	7.0577e-16
66.52	289.49	8.2522e-16
66.52	289.49	9.2445e-16
66.52	289.49	9.8997e-16
66.52	289.49	1.1015e-15
66.52	289.49	1.15e-15
66.52	289.49	1.2801e-15
66.52	289.49	1.4006e-15
66.52	289.49	1.4217e-15
66.52	289.49	1.6312e-15
66.52	289.49	1.7015e-15
66.52	289.49	1.817e-15
66.52	289.49	1.913e-15
66.52	289.49	1.9904e-15
66.52	289.49	2.0654e-15
66.52	289.49	2.1944e-15
66.52	289.49	2.3689e-15
66.52	289.49	2.4628e-15
66.52	289.49	2.5716e-15
66.52	289.49	2.6609e-15
66.52	289.49	2.8395e-15
66.52	289.49	2.8844e-15
66.52	289.49	3.0116e-15
66.52	289.49	3.0653e-15
66.52	289.49	3.2462e-15
66.52	289.49	3.302e-15
66.52	289.49	3.4209e-15
66.52	289.49	3.5257e-15
66.52	289.49	3.611e-15
66.52	289.49	3.7105e-15
66.52	289.49	3.791e-15
66.52	289.49	3.871e-15
66.52	289.49	3.9546e-15
66.52	289.49	4.0709e-15
66.52	289.49	4.0887e-15
66.52	289.49	4.1919e-15
66.52	289.49	4.2846e-15
66.52	289.49	4.3044e-15
66.52	289.49	4.3725e-15
66.52	289.49	4.4339e-15
66.52	289.49	4.4287e-15
66.52	289.49	4.5202e-15
66.52	289.49	4.5062e-15
66.52	289.49	4.5673e-15
66.52	289.49	4.5589e-15
66.52	289.49	4.5336e-15
66.52	289.49	4.6347e-15
66.52	289.49	4.6639e-15
66.52	289.49	4.6289e-15
