15000	134.7	-5.8407
14485	120.18	-6.2614
13979	121.42	-6.7196
13484	121.68	-7.2194
12998	124.33	-7.7652
12522	126.1	-8.3623
12056	130.29	-9.0162
11599	132.77	-9.7333
11152	137.89	-10.521
10715	141.15	-11.388
10288	147.17	-12.342
9869.9	151.05	-13.395
9462	157.96	-14.557
9063.9	162.53	-15.843
8675.6	170.42	-17.267
8297.3	175.61	-18.846
7928.8	184.55	-20.599
7570.3	190.47	-22.547
7221.8	200.53	-24.715
6883.4	207.22	-27.127
6555.1	218.4	-29.816
6236.9	225.95	-32.814
5928.9	238.4	-36.155
5631.2	246.87	-39.881
5343.7	260.53	-44.033
5066.5	269.76	-48.653
4799.7	284.61	-53.79
4543.3	294.84	-59.483
4297.3	310.42	-65.776
4061.7	321.45	-72.7
3836.5	337.59	-80.277
3621.7	349.04	-88.509
3417.3	364.85	-97.369
3223.2	376.4	-106.79
3039.2	390.28	-116.68
2865.4	401.03	-126.85
2701.4	411.5	-137.09
2547.3	420.29	-147.09
2402.6	425.36	-156.5
2267.2	430.58	-164.95
2140.7	428.58	-171.96
2022.8	429.32	-177.27
1913	420.12	-180.4
1810.9	415.96	-181.36
1716.1	400.93	-179.84
1628.1	392.54	-176.2
1546.4	374.39	-170.31
1470.4	362.67	-162.85
1399.8	344.16	-153.79
1334	330.58	-143.91
1272.6	313.73	-133.18
1215.2	299.96	-122.33
1161.5	285.62	-111.27
1111.1	273.61	-100.59
1063.7	262.45	-90.162
1018.9	252.64	-80.387
976.7	244.87	-71.144
936.73	237.42	-62.681
898.83	232.02	-54.869
862.83	226.78	-47.845
828.6	223.35	-41.487
796	219.86	-35.853
764.93	217.9	-30.838
735.27	215.82	-26.445
706.95	215.02	-22.588
679.88	214.1	-19.243
654	214.12	-16.339
629.24	214.01	-13.842
605.55	214.64	-11.694
582.88	215.15	-9.8601
561.17	216.16	-8.2954
540.39	217.13	-6.9667
520.49	218.48	-5.84
501.44	219.63	-4.8886
483.19	221.06	-4.0857
465.73	222.43	-3.4105
449.01	223.83	-2.8432
433	225.11	-2.3676
417.67	226.37	-1.9693
403.01	227.59	-1.6365
388.98	228.75	-1.3585
375.55	229.63	-1.1268
362.71	230.56	-0.93368
350.43	231.28	-0.77302
338.68	231.81	-0.63944
327.45	232.11	-0.52848
316.72	232.36	-0.43641
306.47	232.38	-0.36008
296.68	232.15	-0.29682
287.33	231.75	-0.24447
278.41	231.15	-0.20116
269.89	230.32	-0.16538
261.77	229.27	-0.13583
254.02	228.02	-0.11145
246.64	226.57	-0.091356
239.61	224.91	-0.074808
232.91	223.03	-0.061191
226.54	220.91	-0.049999
220.48	218.6	-0.040808
214.71	216.15	-0.033268
209.23	213.47	-0.02709
204.02	210.59	-0.022032
199.07	207.56	-0.017897
194.38	204.39	-0.014519
189.92	201.05	-0.011765
185.7	197.58	-0.0095204
181.7	193.94	-0.0076948
177.91	190.21	-0.0062106
174.32	186.44	-0.0050064
170.92	182.51	-0.0040304
167.7	178.53	-0.0032404
164.67	174.49	-0.0026018
161.79	170.42	-0.0020864
159.08	166.29	-0.001671
156.52	162.12	-0.0013365
154.1	158.01	-0.0010676
151.82	153.83	-0.0008518
149.67	149.69	-0.00067877
147.64	145.56	-0.00054024
145.73	141.44	-0.00042948
143.92	137.42	-0.00034103
142.23	133.49	-0.00027049
140.63	129.56	-0.00021431
139.13	125.65	-0.00016962
137.71	121.86	-0.0001341
136.38	118.13	-0.00010592
135.13	114.48	-8.3575e-05
133.95	110.92	-6.5882e-05
132.85	107.43	-5.1888e-05
131.81	104.03	-4.083e-05
130.83	100.73	-3.21e-05
129.91	97.499	-2.5216e-05
129.05	94.362	-1.9792e-05
128.24	91.314	-1.5524e-05
127.48	88.354	-1.2167e-05
126.77	85.478	-9.5286e-06
126.1	82.681	-7.4574e-06
125.47	79.984	-5.8324e-06
124.88	77.379	-4.5586e-06
124.33	74.838	-3.5607e-06
123.81	72.364	-2.7796e-06
123.33	69.991	-2.1687e-06
122.87	67.704	-1.6909e-06
122.45	65.465	-1.3176e-06
122.04	63.31	-1.026e-06
121.67	61.233	-7.9849e-07
121.32	59.213	-6.2099e-07
120.99	57.261	-4.8265e-07
120.68	55.371	-3.7487e-07
120.39	53.534	-2.9101e-07
120.12	51.788	-2.2579e-07
119.86	50.098	-1.7507e-07
119.63	48.453	-1.3566e-07
119.4	46.863	-1.0505e-07
119.19	45.314	-8.129e-08
119	43.814	-6.2861e-08
118.81	42.375	-4.8573e-08
118.64	40.996	-3.7504e-08
118.48	39.652	-2.8934e-08
118.33	38.353	-2.2303e-08
118.19	37.244	-1.7177e-08
118.06	35.887	-1.3189e-08
117.93	34.705	-1.0159e-08
117.82	33.579	-7.7847e-09
117.71	32.225	-5.9845e-09
117.61	31.419	-4.5959e-09
117.51	30.636	-3.5108e-09
117.42	29.404	-2.6795e-09
117.34	28.436	-2.0522e-09
117.26	27.522	-1.5639e-09
117.19	26.412	-1.1968e-09
117.12	25.753	-9.16e-10
117.06	25.113	-6.9866e-10
117	24.105	-5.338e-10
116.94	23.136	-4.1069e-10
116.89	22.565	-3.172e-10
116.84	21.837	-2.4522e-10
116.79	21.118	-1.9155e-10
116.75	20.594	-1.5003e-10
116.71	19.767	-1.181e-10
116.67	18.967	-9.2965e-11
116.64	18.503	-7.4176e-11
116.6	17.914	-6.1557e-11
116.57	17.319	-5.3505e-11
116.54	16.887	-4.8492e-11
116.52	16.216	-4.5764e-11
116.49	15.563	-4.4662e-11
116.47	15.174	-4.4647e-11
116.45	14.689	-4.5374e-11
116.42	14.207	-4.6545e-11
116.41	13.856	-4.7992e-11
116.39	13.297	-4.9538e-11
116.37	12.759	-5.105e-11
116.35	12.447	-5.2473e-11
116.34	12.138	-5.3766e-11
116.33	11.65	-5.4876e-11
116.31	11.268	-5.5761e-11
116.3	10.904	-5.6438e-11
116.29	10.466	-5.6883e-11
116.28	10.204	-5.711e-11
116.27	9.9511	-5.7123e-11
116.26	9.55	-5.6927e-11
116.25	9.2365	-5.6545e-11
116.24	8.9378	-5.5972e-11
116.23	8.5751	-5.5246e-11
116.23	8.3618	-5.4372e-11
116.22	8.154	-5.3348e-11
116.21	7.8247	-5.2202e-11
116.21	7.5646	-5.0972e-11
116.2	7.3198	-4.963e-11
116.2	7.0233	-4.8233e-11
116.19	6.8453	-4.6774e-11
116.19	6.6738	-4.524e-11
116.18	6.4053	-4.3666e-11
116.18	6.1925	-4.2087e-11
116.17	5.9886	-4.0464e-11
116.17	5.7442	-3.8856e-11
116.17	5.5995	-3.7246e-11
116.16	5.4577	-3.5619e-11
116.16	5.2345	-3.4003e-11
116.16	5.0207	-3.2431e-11
116.16	4.8934	-3.0882e-11
116.15	4.7312	-2.9339e-11
116.15	4.5716	-2.7854e-11
116.15	4.4552	-2.6381e-11
116.15	4.2705	-2.4949e-11
116.15	4.0968	-2.3581e-11
116.14	3.9922	-2.2255e-11
116.14	3.8578	-2.0955e-11
116.14	3.7268	-1.9724e-11
116.14	3.6299	-1.852e-11
116.14	3.4796	-1.7365e-11
116.14	3.3349	-1.6277e-11
116.13	3.2478	-1.5237e-11
116.13	3.1384	-1.4228e-11
116.13	3.0306	-1.3283e-11
116.13	2.9505	-1.2369e-11
116.13	2.8267	-1.1503e-11
116.13	2.7081	-1.0695e-11
116.13	2.6364	-9.9308e-12
116.13	2.5656	-9.1967e-12
116.13	2.457	-8.505e-12
116.13	2.3718	-7.8641e-12
116.13	2.2904	-7.2514e-12
116.13	2.1927	-6.6856e-12
116.12	2.1326	-6.1548e-12
116.12	2.075	-5.6499e-12
116.12	1.9867	-5.1779e-12
116.12	1.9162	-4.7448e-12
116.12	1.8489	-4.3343e-12
116.12	1.769	-3.9584e-12
116.12	1.7202	-3.6087e-12
116.12	1.6723	-3.2792e-12
116.12	1.5999	-2.9737e-12
116.12	1.5425	-2.6959e-12
116.12	1.4873	-2.4349e-12
116.12	1.4224	-2.1979e-12
116.12	1.382	-1.9796e-12
116.12	1.3421	-1.7758e-12
116.12	1.2831	-1.5889e-12
116.12	1.2279	-1.4204e-12
116.12	1.1928	-1.2663e-12
116.12	1.1486	-1.1232e-12
116.12	1.1063	-9.9525e-13
116.12	1.0745	-8.7695e-13
116.12	1.0268	-7.6993e-13
116.12	0.9811	-6.7468e-13
116.12	0.95245	-5.8874e-13
116.12	0.91752	-5.1029e-13
116.12	0.88332	-4.41e-13
116.12	0.85749	-3.7818e-13
116.12	0.81918	-3.2234e-13
116.12	0.78232	-2.7365e-13
116.12	0.75942	-2.3067e-13
116.12	0.73156	-1.9229e-13
116.12	0.70417	-1.5932e-13
116.12	0.6834	-1.3032e-13
116.12	0.65296	-1.0538e-13
116.12	0.62378	-8.4334e-14
116.11	0.60562	-6.6593e-14
116.11	0.5878	-5.141e-14
116.11	0.56193	-3.8896e-14
116.11	0.54108	-2.8857e-14
116.11	0.52147	-2.065e-14
116.11	0.49859	-1.4377e-14
116.11	0.48429	-9.577e-15
116.11	0.47067	-5.9508e-15
116.11	0.45033	-3.4173e-15
116.11	0.43408	-1.7531e-15
116.11	0.41901	-7.7623e-16
116.11	0.40104	-2.7351e-16
116.11	0.39033	-8.516e-17
116.11	0.37979	-4.8288e-17
116.11	0.36398	-3.0133e-17
116.11	0.35184	1.1384e-16
116.11	0.34017	5.0295e-16
116.11	0.32623	1.2662e-15
116.11	0.3184	2.5442e-15
116.11	0.31053	4.4106e-15
116.11	0.29848	7.0069e-15
116.11	0.28928	1.0323e-14
116.11	0.28062	1.4609e-14
116.11	0.27	1.9774e-14
116.11	0.264	2.5937e-14
116.11	0.25873	3.3332e-14
116.11	0.24969	4.19e-14
116.11	0.2407	5.155e-14
116.11	0.23599	6.2442e-14
116.11	0.2299	7.4876e-14
116.11	0.22444	8.8437e-14
116.11	0.22054	1.0365e-13
116.11	0.21341	1.2031e-13
116.11	0.20669	1.3817e-13
116.11	0.20391	1.5751e-13
116.11	0.19959	1.7867e-13
116.11	0.19527	2.01e-13
116.11	0.19294	2.2527e-13
116.11	0.18766	2.5107e-13
116.11	0.18394	2.7805e-13
116.11	0.18072	3.0695e-13
116.11	0.17769	3.3698e-13
116.11	0.17479	3.6902e-13
116.11	0.17069	4.0207e-13
116.11	0.16954	4.3661e-13
116.11	0.16715	4.7318e-13
116.11	0.16488	5.1066e-13
116.11	0.1641	5.5017e-13
116.11	0.16089	5.9114e-13
116.11	0.15907	6.3282e-13
116.11	0.1574	6.7654e-13
116.11	0.15582	7.2085e-13
116.11	0.15444	7.6718e-13
116.11	0.15188	8.1398e-13
116.11	0.1519	8.6195e-13
116.11	0.15078	9.1183e-13
116.11	0.1498	9.6202e-13
116.11	0.14889	1.014e-12
116.11	0.14807	1.0662e-12
116.11	0.14849	1.1202e-12
116.11	0.14664	1.175e-12
116.11	0.14611	1.2298e-12
116.11	0.14558	1.2862e-12
116.11	0.14513	1.3424e-12
116.11	0.14478	1.4001e-12
116.11	0.14326	1.4575e-12
116.11	0.14422	1.5154e-12
116.11	0.14402	1.5747e-12
116.11	0.14384	1.6333e-12
116.11	0.14377	1.6933e-12
116.11	0.14373	1.7525e-12
116.11	0.14484	1.8129e-12
116.11	0.14376	1.8733e-12
116.11	0.14383	1.9329e-12
116.11	0.1439	1.9934e-12
116.11	0.14404	2.0528e-12
116.11	0.14428	2.113e-12
116.11	0.14328	2.1719e-12
116.11	0.14466	2.2308e-12
116.11	0.14491	2.2901e-12
116.11	0.14516	2.3481e-12
116.11	0.1455	2.4064e-12
116.11	0.14579	2.4634e-12
116.11	0.14729	2.5206e-12
116.11	0.14646	2.5773e-12
116.11	0.14678	2.6321e-12
116.11	0.14717	2.6872e-12
116.11	0.14635	2.7405e-12
116.11	0.14793	2.7928e-12
116.11	0.14829	2.8451e-12
116.11	0.14875	2.8956e-12
116.11	0.1491	2.9458e-12
116.11	0.14947	2.9941e-12
116.11	0.15109	3.0418e-12
116.11	0.15027	3.0886e-12
116.11	0.15061	3.1331e-12
116.11	0.15097	3.1773e-12
116.11	0.15139	3.2192e-12
116.11	0.15177	3.2605e-12
116.11	0.1509	3.2996e-12
116.11	0.15247	3.3373e-12
116.11	0.15281	3.374e-12
116.11	0.15315	3.4087e-12
116.11	0.15346	3.4424e-12
116.11	0.15378	3.4739e-12
116.11	0.15529	3.5042e-12
116.11	0.15436	3.5328e-12
116.11	0.15462	3.5593e-12
116.11	0.15488	3.5844e-12
116.11	0.15511	3.6075e-12
116.11	0.15532	3.6291e-12
116.11	0.15425	3.6487e-12
116.11	0.1557	3.6664e-12
116.11	0.15587	3.6825e-12
116.11	0.15603	3.6965e-12
116.11	0.15614	3.7088e-12
116.11	0.15625	3.7193e-12
116.11	0.15758	3.7278e-12
116.11	0.15642	3.7346e-12
116.11	0.15647	3.7393e-12
116.11	0.15649-3.6095e-08i	3.7421e-12
116.11	0.15393-1.0829e-07i	3.743e-12
