10000	134.61	-5.9232
9654.6	120.46	-6.3389
9315.7	121.57	-6.7906
8983.5	122	-7.2815
8657.7	124.63	-7.8162
8338.4	126.41	-8.3993
8025.5	130.49	-9.0354
7719.2	133.21	-9.7312
7419.2	138.27	-10.492
7125.8	141.72	-11.325
6838.8	147.82	-12.24
6558.4	152.02	-13.244
6284.4	159.01	-14.347
6016.9	163.99	-15.561
5756	171.96	-16.898
5501.7	177.62	-18.372
5254	186.72	-19.999
5012.9	193.21	-21.793
4778.4	203.45	-23.775
4550.7	210.81	-25.967
4329.6	222.39	-28.389
4115.3	230.68	-31.065
3907.7	243.49	-34.024
3706.9	252.92	-37.29
3512.9	267.2	-40.893
3325.7	277.69	-44.861
3145.3	293.08	-49.225
2971.8	304.78	-54.005
2805.1	321.75	-59.231
2645.2	334.55	-64.916
2492.1	352.33	-71.068
2345.9	366.2	-77.675
2206.3	384.42	-84.721
2073.5	399.08	-92.159
1947.2	416.87	-99.913
1827.5	431.76	-107.88
1714.3	447.97	-115.93
1607.3	462.13	-123.88
1506.5	475.17	-131.5
1411.6	487.52	-138.59
1322.5	495.82	-144.83
1239.1	505.19	-150.05
1161	507.82	-153.89
1088	513.08	-156.29
1019.8	509.89	-156.93
956.26	511.13	-155.93
897.03	503.68	-153.06
841.86	501.71	-148.68
790.46	491.9	-142.67
742.57	487.35	-135.54
697.93	477.86	-127.26
656.29	472.88	-118.41
617.42	465.33	-108.99
581.09	461.25	-99.547
547.1	456.68	-90.051
515.26	454.52	-80.94
485.42	453.37	-72.163
457.4	453.82	-64.025
431.07	456.06	-56.434
406.3	459.31	-49.576
382.98	464.67	-43.341
361	470.54	-37.818
340.28	478.46	-32.887
320.71	486.76	-28.582
302.24	496.91	-24.792
284.78	507.19	-21.51
268.27	519.02	-18.647
252.65	531.19	-16.179
237.86	544.36	-14.037
223.86	557.86	-12.195
210.59	572.42	-10.6
198.02	587.3	-9.2282
186.11	603.31	-8.0409
174.81	619.47	-7.0185
164.1	636.73	-6.1337
153.94	654.5	-5.3697
144.31	673.41	-4.7078
135.18	692.93	-4.135
126.53	713.72	-3.6378
118.33	735.44	-3.2063
110.57	758.72	-2.8309
103.22	783.11	-2.5044
96.273	809.4	-2.2195
89.708	837.26	-1.9707
83.511	867.18	-1.7531
77.667	899.26	-1.5624
72.163	933.78	-1.3949
66.986	970.93	-1.2476
62.122	1011	-1.1178
57.559	1053.7	-1.0031
53.284	1100	-0.90152
49.286	1149.1	-0.81146
45.552	1202	-0.73134
42.071	1258.5	-0.65991
38.829	1318.2	-0.59609
35.816	1380.9	-0.53891
33.018	1447.4	-0.48759
30.426	1516.9	-0.44138
28.027	1589.5	-0.39971
25.809	1664.7	-0.36206
23.762	1742.5	-0.32793
21.876	1822.1	-0.29696
20.139	1903.6	-0.2688
18.542	1986.1	-0.24316
17.074	2069.6	-0.21977
15.728	2152.9	-0.19842
14.494	2235.9	-0.1789
13.363	2317.8	-0.16106
12.329	2397.9	-0.14475
11.383	2475.2	-0.12983
10.519	2549.4	-0.11618
9.7297	2619.8	-0.10372
9.0096	2685	-0.09233
8.3529	2744.3	-0.081943
7.7544	2797.3	-0.072485
7.2091	2843	-0.063897
6.7126	2881.7	-0.056117
6.2606	2911.1	-0.049092
5.8494	2931.5	-0.042769
5.4753	2942.3	-0.037098
5.1352	2943.6	-0.032032
4.8261	2935.4	-0.027528
4.5451	2917.1	-0.023542
4.2899	2889.2	-0.020031
4.0581	2851.9	-0.016957
3.8475	2805.7	-0.014277
3.6563	2751.4	-0.011955
3.4828	2689.5	-0.0099563
3.3252	2620.8	-0.0082448
3.1822	2546.2	-0.0067882
3.0525	2466.9	-0.0055562
2.9347	2383.6	-0.0045208
2.8278	2297.3	-0.0036561
2.7309	2209.1	-0.0029389
2.6429	2119.9	-0.0023482
2.5631	2029.9	-0.001866
2.4907	1940.7	-0.0014768
2.425	1852.4	-0.0011712
2.3654	1765.5	-0.0010342
2.3113	1681.1	-0.00086494
2.2622	1599	-0.0007133
2.2177	1519.5	-0.00059133
2.1772	1442.7	-0.00049464
2.1406	1369.3	-0.00041869
2.1073	1299.2	-0.00035939
2.077	1232.2	-0.00031335
2.0496	1168.3	-0.00027774
2.0246	1107.6	-0.00025028
2.002	1050	-0.0002291
1.9814	995.38	-0.00021274
1.9627	943.72	-0.00020001
1.9456	894.79	-0.00019001
1.9302	848.36	-0.00018202
1.9161	804.57	-0.00017547
1.9032	763.13	-0.00016997
1.8916	723.86	-0.00016516
1.8809	686.85	-0.00016082
1.8712	651.81	-0.00015677
1.8623	618.6	-0.00015287
1.8542	587.02	-0.00014906
1.8468	559.38	-0.00014527
1.8401	529.27	-0.00014141
1.8339	502.36	-0.00013761
1.8282	477.28	-0.00013364
1.823	449.7	-0.00012966
1.8182	430.42	-0.00012558
1.8138	412.08	-0.00012137
1.8098	388.35	-0.00011712
1.806	368.78	-0.00011292
1.8026	350.38	-0.00010864
1.7994	330.23	-0.00010444
1.7964	316.09	-0.00010027
1.7937	302.56	-9.6069e-05
1.7911	285.08	-9.1927e-05
1.7887	268.54	-8.7915e-05
1.7865	256.93	-8.3976e-05
1.7844	244.03	-8.0058e-05
1.7825	231.49	-7.6283e-05
1.7807	221.37	-7.2545e-05
1.779	208.36	-6.8908e-05
1.7773	196.01	-6.5435e-05
1.7758	187.33	-6.2067e-05
1.7744	177.64	-5.8754e-05
1.773	168.22	-5.5605e-05
1.7717	160.56	-5.2518e-05
1.7704	150.77	-4.9546e-05
1.7692	141.52	-4.6736e-05
1.7681	134.92	-4.4037e-05
1.767	127.6	-4.1405e-05
1.7659	120.47	-3.8926e-05
1.7649	114.6	-3.6517e-05
1.7639	107.23	-3.4218e-05
1.763	100.27	-3.206e-05
1.7621	95.182	-3.0003e-05
1.7612	90.266	-2.8014e-05
1.7603	84.187	-2.6124e-05
1.7595	79.012	-2.4359e-05
1.7586	74.147	-2.2657e-05
1.7578	68.914	-2.1072e-05
1.7571	65.007	-1.9572e-05
1.7563	61.243	-1.8131e-05
1.7555	56.711	-1.6772e-05
1.7548	52.825	-1.5511e-05
1.7541	49.2	-1.4304e-05
1.7534	45.352	-1.3188e-05
1.7527	42.426	-1.2138e-05
1.752	39.601	-1.1138e-05
1.7514	36.347	-1.0202e-05
1.7507	33.54	-9.3389e-06
1.75	30.955	-8.5199e-06
1.7494	28.257	-7.7682e-06
1.7488	26.163	-7.0675e-06
1.7482	24.189	-6.4053e-06
1.7475	21.989	-5.7908e-06
1.7469	20.081	-5.2303e-06
1.7464	18.353	-4.7033e-06
1.7458	16.587	-4.2246e-06
1.7452	15.21	-3.7831e-06
1.7446	13.942	-3.3707e-06
1.744	12.552	-2.9926e-06
1.7435	11.274	-2.6522e-06
1.7429	10.299	-2.3414e-06
1.7424	9.3065	-2.0539e-06
1.7419	8.3919	-1.7973e-06
1.7413	7.6459	-1.5615e-06
1.7408	6.8419	-1.3493e-06
1.7403	6.1137	-1.1618e-06
1.7398	5.5744	-9.9414e-07
1.7393	5.0312	-8.4254e-07
1.7388	4.5331	-7.1047e-07
1.7383	4.1269	-5.9236e-07
1.7378	3.7165	-4.8914e-07
1.7373	3.3558	-4.0087e-07
1.7368	3.0723	-3.2468e-07
1.7364	2.8113	-2.5849e-07
1.7359	2.607	-2.0336e-07
1.7355	2.4208	-1.5648e-07
1.735	2.2304	-1.1782e-07
1.7346	2.0894	-8.691e-08
1.7341	1.9925	-6.2188e-08
1.7337	1.9098	-4.2634e-08
1.7333	1.8319	-2.7878e-08
1.7328	1.7989	-1.7274e-08
1.7324	1.7657	-9.7804e-09
1.732	1.7366	-4.9962e-09
1.7316	1.7472	-2.1842e-09
1.7312	1.7744	-7.7745e-10
1.7308	1.7929	-2.9561e-10
1.7304	1.8247	-2.3765e-10
1.7301	1.8876	-1.4496e-10
1.7297	1.9217	3.9117e-10
1.7293	1.9995	1.7426e-09
1.729	2.0791	4.3004e-09
1.7286	2.1453	8.3723e-09
1.7283	2.2443	1.4141e-08
1.7279	2.3255	2.2046e-08
1.7276	2.3908	3.2057e-08
1.7272	2.5082	4.4477e-08
1.7269	2.6448	5.9732e-08
1.7266	2.7265	7.779e-08
1.7263	2.8077	9.8415e-08
1.726	2.9483	1.2196e-07
1.7256	3.0518	1.4897e-07
1.7253	3.1572	1.7862e-07
1.725	3.3049	2.1191e-07
1.7248	3.4037	2.4839e-07
1.7245	3.5022	2.8742e-07
1.7242	3.6382	3.2952e-07
1.7239	3.7483	3.7542e-07
1.7236	3.8779	4.2362e-07
1.7234	4.0223	4.756e-07
1.7231	4.106	5.3055e-07
1.7229	4.1898	5.8743e-07
1.7226	4.34	6.4701e-07
1.7224	4.4414	7.102e-07
1.7221	4.5627	7.749e-07
1.7219	4.7219	8.4307e-07
1.7217	4.8095	9.1356e-07
1.7215	4.8799	9.8503e-07
1.7212	5.0102	1.0586e-06
1.721	5.1623	1.1352e-06
1.7208	5.2355	1.2135e-06
1.7206	5.3342	1.2922e-06
1.7204	5.4502	1.3737e-06
1.7202	5.5078	1.4552e-06
1.72	5.6541	1.5378e-06
1.7198	5.8043	1.6228e-06
1.7197	5.847	1.7087e-06
1.7195	5.9381	1.7939e-06
1.7193	6.0286	1.8812e-06
1.7191	6.0742	1.9674e-06
1.719	6.2178	2.054e-06
1.7188	6.3654	2.1422e-06
1.7187	6.3956	2.2304e-06
1.7185	6.479	2.3172e-06
1.7183	6.5617	2.4051e-06
1.7182	6.5755	2.4913e-06
1.7181	6.7156	2.5771e-06
1.7179	6.8594	2.6637e-06
1.7178	6.877	2.7496e-06
1.7177	6.9517	2.8334e-06
1.7175	7.0259	2.9177e-06
1.7174	7.0368	2.9997e-06
1.7173	7.1679	3.0806e-06
1.7172	7.2858	3.1617e-06
1.7171	7.2941	3.2415e-06
1.717	7.2973	3.3189e-06
1.7169	7.4188	3.3948e-06
1.7167	7.4795	3.4705e-06
1.7167	7.5375	3.5436e-06
1.7166	7.6535	3.6163e-06
1.7165	7.6499	3.6874e-06
1.7164	7.6407	3.7557e-06
1.7163	7.7531	3.8224e-06
1.7162	7.8039	3.8884e-06
1.7161	7.8537	3.9516e-06
1.716	7.9612	4.0141e-06
1.716	7.9466	4.0748e-06
1.7159	7.9926	4.1327e-06
1.7158	8.0362	4.1896e-06
1.7157	8.0753	4.2439e-06
1.7157	8.1145	4.2972e-06
1.7156	8.0882	4.3478e-06
1.7156	8.1935	4.3965e-06
1.7155	8.2276	4.4442e-06
1.7154	8.2628	4.4893e-06
1.7154	8.363	4.5334e-06
1.7153	8.3294	4.5755e-06
1.7153	8.3613	4.6153e-06
1.7152	8.3932	4.6539e-06
1.7152	8.422	4.6901e-06
1.7151	8.4481	4.7251e-06
1.7151	8.4082	4.7579e-06
1.7151	8.502	4.7891e-06
1.715	8.5265	4.8191e-06
1.715	8.5518	4.847e-06
1.715	8.5724	4.8737e-06
1.7149	8.5968	4.8984e-06
1.7149	8.685	4.9222e-06
1.7149	8.6367	4.9443e-06
1.7148	8.6552	4.9646e-06
1.7148	8.6739	4.984e-06
1.7148	8.6944	5.0016e-06
1.7147	8.7117	5.0182e-06
1.7147	8.657	5.0332e-06
1.7147	8.7429	5.0471e-06
1.7147	8.7563	5.0599e-06
1.7147	8.7702	5.0715e-06
1.7146	8.7814	5.082e-06
1.7146	8.7931	5.0914e-06
1.7146	8.8798	5.0999e-06
1.7146	8.8229	5.1074e-06
1.7146	8.8294	5.1138e-06
1.7146	8.8398	5.1194e-06
1.7145	8.8516	5.1242e-06
1.7145	8.8591	5.1282e-06
1.7145	8.7965	5.1313e-06
1.7145	8.8766	5.1338e-06
1.7145	8.8818	5.1356e-06
1.7145	8.8918	5.1367e-06
1.7145	8.903	5.1373e-06
1.7145	8.9045	5.1373e-06
1.7145	8.9829	5.1368e-06
1.7145	8.9193	5.1358e-06
1.7144	8.9226	5.1343e-06
1.7144	8.9253	5.1325e-06
1.7144	8.8573	5.1303e-06
1.7144	8.9386	5.1277e-06
1.7144	8.9433	5.1248e-06
1.7144	8.9416	5.1218e-06
1.7144	8.9457	5.1184e-06
1.7144	8.9537	5.1148e-06
1.7144	9.0251	5.1111e-06
1.7144	8.9573	5.1072e-06
1.7144	8.96	5.1032e-06
1.7144	8.9619	5.0991e-06
1.7144	8.9636	5.0951e-06
1.7144	8.966	5.0909e-06
1.7144	8.8961	5.0868e-06
1.7144	8.9695	5.0826e-06
1.7144	8.9713	5.0785e-06
1.7144	8.973	5.0745e-06
1.7144	8.9743	5.0705e-06
1.7144	8.9743	5.0667e-06
1.7144	9.0473	5.063e-06
1.7144	8.9775	5.0593e-06
1.7144	8.9784	5.0559e-06
1.7144	8.979	5.0526e-06
1.7144	8.9785	5.0495e-06
1.7144	8.9796	5.0467e-06
1.7144	8.909	5.0439e-06
1.7144	8.981	5.0415e-06
1.7144	8.9816	5.0393e-06
1.7144	8.9817	5.0373e-06
1.7144	8.9819	5.0356e-06
1.7144	8.9823	5.0341e-06
1.7144	9.0539	5.0329e-06
1.7144	8.9827	5.0319e-06
1.7144	8.9838	5.0313e-06
1.7144	8.9828-6.6195e-06i	5.0308e-06
1.7144	8.836-1.9858e-05i	5.0307e-06
