15000	84.403	-2.1528
14593	73.963	-2.2715
14192	73.703	-2.3983
13797	73.313	-2.5339
13407	74.184	-2.679
13023	74.687	-2.8346
12645	76.369	-3.0016
12272	77.398	-3.1809
11905	79.627	-3.3734
11544	81.042	-3.5807
11188	83.698	-3.8039
10838	85.454	-4.0448
10494	88.52	-4.3046
10155	90.549	-4.585
9821.9	94.069	-4.8883
9494.5	96.439	-5.2169
9172.9	100.35	-5.5729
8857	103.01	-5.9588
8546.8	107.41	-6.3783
8242.5	110.46	-6.8342
7943.9	115.41	-7.3304
7651.1	118.75	-7.8709
7364.1	124.27	-8.4603
7083.1	128.14	-9.1042
6807.9	134.26	-9.8081
6538.6	138.5	-10.578
6275.3	145.42	-11.422
6017.9	150.21	-12.347
5766.5	157.89	-13.362
5521.1	163.32	-14.477
5281.8	171.85	-15.704
5048.5	177.9	-17.052
4821.3	187.57	-18.538
4600.3	194.33	-20.173
4385.3	205.04	-21.978
4176.6	212.71	-23.966
3974	224.57	-26.157
3777.6	233.06	-28.573
3587.4	246.29	-31.234
3403.5	256	-34.165
3225.8	270.58	-37.388
3054.3	281.21	-40.924
2889.1	296.95	-44.8
2730.2	308.61	-49.033
2577.5	325.78	-53.639
2431	338.4	-58.634
2290.7	355.84	-64.018
2156.6	369.2	-69.775
2028.7	386.68	-75.896
1906.8	400.06	-82.326
1791	416.43	-89
1681.1	429.25	-95.83
1577.2	443.33	-102.68
1479	454.99	-109.4
1386.6	465.87	-115.79
1299.8	475.93	-121.68
1218.4	483.04	-126.77
1142.2	491.28	-130.91
1071.1	494.61	-133.81
1004.9	500.85	-135.38
943.25	500.82	-135.39
885.96	504.41	-133.93
832.75	501.71	-130.85
783.34	502.74	-126.45
737.45	498.29	-120.69
694.82	497.23	-114.01
655.19	491.84	-106.43
618.29	489.12	-98.455
583.92	484.23	-90.122
551.85	480.88	-81.887
521.88	477.03	-73.742
493.85	473.94	-66.056
467.59	471.51	-58.755
442.96	469.23	-52.088
419.84	467.99	-45.933
398.11	466.62	-40.434
377.68	466.57	-35.455
358.46	465.94	-31.066
340.37	466.35	-27.141
323.33	466.17	-23.704
307.29	466.57	-20.653
292.18	466.41	-17.989
277.96	466.58	-15.635
264.58	465.96	-13.58
251.99	465.43	-11.771
240.15	464.08	-10.192
229.03	462.7	-8.8045
218.58	460.34	-7.5945
208.79	457.63	-6.5352
199.61	454.14	-5.6117
191.02	450.2	-4.8059
182.99	445.39	-4.1055
175.5	440.02	-3.4968
168.5	433.81	-2.9696
161.99	427	-2.5137
155.94	419.46	-2.1209
150.32	411.24	-1.7832
145.11	402.35	-1.4939
140.28	392.96	-1.247
135.82	382.91	-1.037
131.7	372.42	-0.85908
127.9	361.52	-0.709
124.4	350.24	-0.58286
121.19	338.72	-0.47737
118.24	327.06	-0.38948
115.53	315.21	-0.31659
113.05	303.21	-0.25639
110.78	291.37	-0.2069
108.7	279.58	-0.16638
106.8	268.03	-0.13334
105.08	256.57	-0.10651
103.5	245.35	-0.084808
102.06	234.45	-0.067325
100.76	223.85	-0.053291
99.569	213.58	-0.042063
98.489	203.66	-0.033114
97.509	194.09	-0.026002
96.618	184.91	-0.020368
95.811	176.07	-0.015919
95.079	167.61	-0.012414
94.415	159.5	-0.0096616
93.814	151.75	-0.0075041
93.27	144.35	-0.0058172
92.777	137.3	-0.0045007
92.331	130.54	-0.0034761
91.927	124.13	-0.0026806
91.562	118	-0.0020639
91.232	112.2	-0.0015867
90.934	106.63	-0.0012181
90.664	101.36	-0.00093386
90.421	96.347	-0.00071506
90.2	91.543	-0.00054682
90.002	87.004	-0.00041772
89.822	82.705	-0.0003187
89.66	78.575	-0.00024291
89.513	74.666	-0.00018494
89.381	70.946	-0.00014065
89.262	67.418	-0.00010686
89.154	64.049	-8.1089e-05
89.056	60.857	-6.1465e-05
88.969	57.823	-4.6527e-05
88.889	54.935	-3.5171e-05
88.818	52.187	-2.6543e-05
88.753	49.589	-1.9998e-05
88.695	47.103	-1.5041e-05
88.642	44.745	-1.1306e-05
88.594	42.513	-9.1288e-06
88.552	40.386	-7.0153e-06
88.513	38.353	-5.381e-06
88.478	36.434	-4.1395e-06
88.446	34.609	-3.1982e-06
88.418	32.863	-2.486e-06
88.392	31.22	-1.9475e-06
88.369	29.656	-1.5407e-06
88.347	28.168	-1.2338e-06
88.328	26.747	-1.0022e-06
88.311	25.398	-8.2761e-07
88.296	24.126	-6.9592e-07
88.282	22.911	-5.9646e-07
88.269	21.757	-5.2124e-07
88.257	20.739	-4.6415e-07
88.247	19.617	-4.2027e-07
88.237	18.62	-3.8702e-07
88.229	17.688	-3.6072e-07
88.221	16.659	-3.4024e-07
88.214	15.945	-3.2372e-07
88.207	15.256	-3.0983e-07
88.202	14.368	-2.9827e-07
88.196	13.633	-2.8859e-07
88.191	12.945	-2.7982e-07
88.187	12.188	-2.714e-07
88.183	11.659	-2.6299e-07
88.179	11.154	-2.5446e-07
88.176	10.499	-2.4597e-07
88.173	9.8783	-2.3768e-07
88.17	9.4485	-2.2944e-07
88.167	8.9668	-2.2116e-07
88.165	8.4978	-2.1309e-07
88.162	8.1242	-2.05e-07
88.16	7.6418	-1.9702e-07
88.158	7.1858	-1.8929e-07
88.157	6.8653	-1.817e-07
88.155	6.5088	-1.7412e-07
88.153	6.1625	-1.6681e-07
88.152	5.8835	-1.5955e-07
88.151	5.5265	-1.5246e-07
88.149	5.1893	-1.4564e-07
88.148	4.9504	-1.39e-07
88.147	4.6852	-1.3243e-07
88.146	4.428	-1.2615e-07
88.145	4.2187	-1.1995e-07
88.144	3.9536	-1.1395e-07
88.143	3.7036	-1.0822e-07
88.142	3.5234	-1.0269e-07
88.141	3.3496	-9.7257e-08
88.14	3.132	-9.2021e-08
88.14	2.9485	-8.7051e-08
88.139	2.7756	-8.2196e-08
88.138	2.5891	-7.7598e-08
88.138	2.4529	-7.3183e-08
88.137	2.3199	-6.8881e-08
88.136	2.1568	-6.4761e-08
88.136	2.0189	-6.0878e-08
88.135	1.8889	-5.7106e-08
88.134	1.7497	-5.3562e-08
88.134	1.6447	-5.0178e-08
88.133	1.5434	-4.6904e-08
88.132	1.4232	-4.3786e-08
88.132	1.3194	-4.0869e-08
88.131	1.2227	-3.8053e-08
88.131	1.1208	-3.5424e-08
88.13	1.0422	-3.2929e-08
88.13	0.96649	-3.0531e-08
88.129	0.88045	-2.8264e-08
88.129	0.80562	-2.6157e-08
88.128	0.73665	-2.4137e-08
88.128	0.66575	-2.2265e-08
88.127	0.61026	-2.0503e-08
88.127	0.55735	-1.882e-08
88.126	0.49963	-1.7241e-08
88.126	0.44652	-1.5786e-08
88.125	0.40422	-1.4424e-08
88.125	0.36196	-1.3131e-08
88.124	0.32276	-1.1944e-08
88.124	0.28901	-1.0822e-08
88.123	0.25407	-9.7791e-09
88.123	0.22221	-8.8275e-09
88.123	0.19662	-7.9459e-09
88.122	0.17184	-7.1181e-09
88.122	0.14915	-6.3675e-09
88.121	0.12987	-5.666e-09
88.121	0.11072	-5.0228e-09
88.12	0.093408	-4.4442e-09
88.12	0.079715	-3.9156e-09
88.12	0.066773	-3.4271e-09
88.119	0.055571	-2.9914e-09
88.119	0.045795	-2.5914e-09
88.118	0.036512	-2.2318e-09
88.118	0.028873	-1.9147e-09
88.118	0.022442	-1.6315e-09
88.117	0.016932	-1.3761e-09
88.117	0.012421	-1.1508e-09
88.117	0.0085315	-9.5618e-10
88.116	0.0054664	-7.8384e-10
88.116	0.0031202	-6.3711e-10
88.115	0.0013397	-5.1108e-10
88.115	0.00030929	-4.0229e-10
88.115	-0.0004671	-3.1098e-10
88.114	-0.00072566	-2.3646e-10
88.114	-0.00046836	-1.7459e-10
88.114	0.00030199	-1.2576e-10
88.113	0.0013359	-8.7365e-11
88.113	0.0023881	-5.7575e-11
88.113	0.0039147	-3.5671e-11
88.112	0.0057383	-2.0687e-11
88.112	0.008045	-1.0763e-11
88.112	0.010291	-4.9576e-12
88.112	0.012441	-2.0137e-12
88.111	0.015155	-9.2795e-13
88.111	0.018145	-7.8987e-13
88.111	0.020838	-6.9304e-13
88.11	0.023872	1.7843e-13
88.11	0.026983	2.6303e-12
88.11	0.030412	7.2861e-12
88.11	0.033839	1.4956e-11
88.109	0.036738	2.6197e-11
88.109	0.040123	4.1285e-11
88.109	0.043903	6.0851e-11
88.109	0.047099	8.5765e-11
88.108	0.050619	1.1562e-10
88.108	0.054839	1.5174e-10
88.108	0.057943	1.9399e-10
88.108	0.060757	2.4182e-10
88.107	0.065104	2.9607e-10
88.107	0.06844	3.5795e-10
88.107	0.072112	4.2561e-10
88.107	0.076401	5.014e-10
88.106	0.078974	5.8432e-10
88.106	0.08207	6.7291e-10
88.106	0.086239	7.6854e-10
88.106	0.090248	8.7278e-10
88.106	0.093387	9.8422e-10
88.105	0.096783	1.1008e-09
88.105	0.099877	1.2261e-09
88.105	0.10223	1.3563e-09
88.105	0.10653	1.4929e-09
88.105	0.11095	1.6383e-09
88.105	0.11308	1.7901e-09
88.104	0.11619	1.9456e-09
88.104	0.11954	2.1096e-09
88.104	0.12173	2.2767e-09
88.104	0.12563	2.4492e-09
88.104	0.12965	2.6298e-09
88.104	0.13164	2.8155e-09
88.103	0.13446	3.0031e-09
88.103	0.13755	3.1983e-09
88.103	0.13904	3.3945e-09
88.103	0.1428	3.5949e-09
88.103	0.14697	3.8021e-09
88.103	0.14855	4.013e-09
88.103	0.1511	4.2237e-09
88.103	0.15393	4.4405e-09
88.102	0.15501	4.6568e-09
88.102	0.15862	4.8753e-09
88.102	0.16265	5.0997e-09
88.102	0.16383	5.3257e-09
88.102	0.16473	5.5497e-09
88.102	0.16833	5.775e-09
88.102	0.17066	6.0053e-09
88.102	0.17273	6.2326e-09
88.102	0.17626	6.4639e-09
88.101	0.17736	6.6958e-09
88.101	0.17784	6.924e-09
88.101	0.18123	7.1519e-09
88.101	0.18324	7.3835e-09
88.101	0.18531	7.6105e-09
88.101	0.1886	7.8405e-09
88.101	0.18894	8.0694e-09
88.101	0.19086	8.2935e-09
88.101	0.19244	8.5198e-09
88.101	0.19447	8.7409e-09
88.101	0.19615	8.964e-09
88.101	0.19597	9.1815e-09
88.101	0.19937	9.3971e-09
88.101	0.20087	9.6139e-09
88.1	0.20242	9.825e-09
88.1	0.20567	1.0037e-08
88.1	0.2057	1.0246e-08
88.1	0.20706	1.0449e-08
88.1	0.20842	1.0653e-08
88.1	0.20988	1.085e-08
88.1	0.21094	1.1048e-08
88.1	0.21046	1.1239e-08
88.1	0.21363	1.1427e-08
88.1	0.21482	1.1615e-08
88.1	0.21606	1.1797e-08
88.1	0.21722	1.1978e-08
88.1	0.21834	1.2153e-08
88.1	0.22119	1.2327e-08
88.1	0.22056	1.2497e-08
88.1	0.22158	1.2662e-08
88.1	0.22256	1.2825e-08
88.1	0.22359	1.2982e-08
88.1	0.22457	1.3138e-08
88.1	0.22367	1.3288e-08
88.1	0.22637	1.3434e-08
88.1	0.22722	1.3579e-08
88.1	0.22816	1.3718e-08
88.1	0.22895	1.3856e-08
88.1	0.22972	1.3988e-08
88.1	0.23238	1.4118e-08
88.1	0.23129	1.4245e-08
88.1	0.23199	1.4366e-08
88.1	0.23275	1.4486e-08
88.1	0.23342	1.46e-08
88.1	0.23404	1.4712e-08
88.1	0.23284	1.482e-08
88.1	0.23538	1.4924e-08
88.099	0.23589	1.5026e-08
88.099	0.2365	1.5123e-08
88.099	0.23709	1.5219e-08
88.099	0.23765	1.531e-08
88.099	0.24002	1.5399e-08
88.099	0.23861	1.5485e-08
88.099	0.23917	1.5567e-08
88.099	0.23966	1.5647e-08
88.099	0.23813	1.5722e-08
88.099	0.24047	1.5795e-08
88.099	0.24086	1.5866e-08
88.099	0.24127	1.5933e-08
88.099	0.24165	1.5999e-08
88.099	0.24205	1.606e-08
88.099	0.24434	1.612e-08
88.099	0.24269	1.6178e-08
88.099	0.24302	1.6231e-08
88.099	0.24337	1.6284e-08
88.099	0.24368	1.6333e-08
88.099	0.244	1.638e-08
88.099	0.24229	1.6424e-08
88.099	0.24442	1.6466e-08
88.099	0.24463	1.6506e-08
88.099	0.24492	1.6544e-08
88.099	0.24511	1.658e-08
88.099	0.24532	1.6613e-08
88.099	0.24748	1.6644e-08
88.099	0.24569	1.6674e-08
88.099	0.24583	1.67e-08
88.099	0.24599	1.6726e-08
88.099	0.24614	1.6748e-08
88.099	0.24626	1.677e-08
88.099	0.2444	1.6789e-08
88.099	0.24649	1.6806e-08
88.099	0.24656	1.6821e-08
88.099	0.24667	1.6835e-08
88.099	0.24674	1.6847e-08
88.099	0.24679	1.6857e-08
88.099	0.2488	1.6865e-08
88.099	0.24688	1.6871e-08
88.099	0.24693	1.6876e-08
88.099	0.24692-1.2068e-07i	1.6878e-08
88.099	0.24288-3.6203e-07i	1.6879e-08
