1e+05	30.925	-0.26908
98373	28.432	-0.27819
96758	26.207	-0.2875
95157	25.759	-0.29737
93569	25.521	-0.30749
91993	25.499	-0.31817
90430	25.561	-0.32924
88879	25.712	-0.34086
87342	25.87	-0.35293
85817	26.144	-0.36562
84305	26.442	-0.37882
82805	26.806	-0.39266
81318	27.169	-0.40715
79844	27.624	-0.42233
78382	28.052	-0.43818
76933	28.528	-0.45489
75497	28.987	-0.47231
74074	29.532	-0.49064
72663	30.057	-0.50987
71266	30.655	-0.53007
69880	31.223	-0.55124
68508	31.874	-0.57354
67149	32.499	-0.597
65802	33.203	-0.62168
64469	33.871	-0.6476
63148	34.633	-0.67497
61841	35.364	-0.70376
60546	36.189	-0.73418
59264	36.97	-0.76627
57996	37.847	-0.80016
56740	38.691	-0.83589
55498	39.648	-0.87373
54268	40.562	-0.91368
53053	41.588	-0.95604
51850	42.569	-1.0008
50660	43.672	-1.0484
49484	44.728	-1.0987
48321	45.92	-1.1522
47172	47.058	-1.2089
46036	48.34	-1.2692
44913	49.572	-1.3334
43804	50.96	-1.4017
42709	52.289	-1.4744
41627	53.793	-1.5518
40559	55.239	-1.6345
39505	56.868	-1.7229
38464	58.422	-1.8172
37437	60.183	-1.9181
36424	61.878	-2.0259
35425	63.791	-2.1416
34440	65.631	-2.2656
33469	67.715	-2.3988
32512	69.723	-2.5416
31569	71.984	-2.6955
30640	74.174	-2.8608
29726	76.663	-3.039
28825	79.051	-3.2312
27939	81.731	-3.4386
27068	84.338	-3.6626
26211	87.316	-3.9053
25368	90.194	-4.1678
24541	93.422	-4.4525
23727	96.543	-4.7616
22929	100.11	-5.097
22145	103.58	-5.4621
21376	107.51	-5.8599
20622	111.33	-6.2932
19883	115.66	-6.7658
19160	119.85	-7.2826
18451	124.58	-7.8484
17757	129.22	-8.4671
17079	134.49	-9.146
16416	139.63	-9.8913
15768	145.45	-10.71
15136	151.11	-11.611
14520	157.54	-12.603
13918	163.85	-13.695
13333	170.99	-14.901
12763	177.94	-16.232
12210	185.78	-17.702
11671	193.41	-19.326
11149	202.03	-21.124
10643	210.5	-23.11
10152	219.95	-25.306
9677.6	229.1	-27.736
9219	239.32	-30.418
8776.2	249.26	-33.377
8349.5	260.14	-36.64
7938.5	270.59	-40.222
7543.5	281.9	-44.147
7164.2	292.61	-48.431
6800.7	303.92	-53.081
6452.8	314.45	-58.095
6120.5	325.18	-63.457
5803.5	334.91	-69.132
5501.9	344.27	-75.059
5215.3	352.37	-81.148
4943.5	359.36	-87.277
4686.2	364.88	-93.286
4443.2	368.53	-98.993
4214	370.52	-104.18
3998.2	371.24	-108.64
3795.3	371.64	-112.14
3604.7	371.64	-114.58
3425.7	371.64	-115.79
3257.8	371.64	-115.86
3100.3	371.64	-114.73
2952.5	371.64	-112.73
2813.8	371.64	-109.85
2683.5	371.64	-106.52
2561.1	371.64	-102.64
2446	371.64	-98.641
2337.6	371.64	-94.285
2235.4	371.64	-89.949
2139.1	371.64	-85.395
2048.2	371.64	-80.912
1962.3	371.64	-76.304
1881	371.64	-71.784
1804.1	371.64	-67.239
1731.3	371.64	-62.795
1662.2	371.64	-58.395
1596.6	371.64	-54.13
1534.4	371.64	-49.976
1475.2	371.64	-45.994
1418.9	371.64	-42.169
1365.3	371.64	-38.543
1314.3	371.64	-35.103
1265.7	371.64	-31.874
1219.3	371.64	-28.842
1175.1	371.64	-26.024
1132.9	371.64	-23.406
1092.6	371.64	-20.993
1054.1	371.64	-18.771
1017.3	371.64	-16.739
982.22	371.64	-14.884
948.67	371.64	-13.201
916.6	371.64	-11.677
885.96	371.64	-10.303
856.67	371.64	-9.0665
828.68	371.64	-7.9601
801.93	371.64	-6.9709
776.38	371.64	-6.091
751.96	371.64	-5.309
728.63	371.64	-4.6174
706.35	371.64	-4.0065
685.08	371.64	-3.4689
664.77	371.64	-2.9966
645.39	371.64	-2.5831
626.9	371.64	-2.2218
609.26	371.64	-1.907
592.44	371.64	-1.6333
576.41	371.64	-1.396
561.13	371.64	-1.1906
546.58	371.64	-1.0134
532.72	371.64	-0.86081
519.52	371.64	-0.72969
506.97	371.64	-0.61729
495.02	371.64	-0.52117
483.66	371.64	-0.43914
472.86	371.64	-0.3693
462.6	371.64	-0.30996
452.85	371.64	-0.25919
443.59	371.64	-0.21709
434.79	371.64	-0.18086
426.45	371.64	-0.15092
418.53	371.64	-0.12571
411.02	371.64	-0.10415
403.9	371.64	-0.08614
397.14	371.64	-0.071372
390.74	371.64	-0.058825
384.68	371.64	-0.048578
378.93	371.64	-0.040049
373.49	371.64	-0.032848
368.34	371.64	-0.026899
363.47	371.64	-0.022073
358.85	371.64	-0.018086
354.49	371.64	-0.014744
350.36	371.64	-0.012046
346.45	371.64	-0.0097928
342.75	371.64	-0.0079504
339.26	371.64	-0.0064697
335.96	371.64	-0.0052582
332.84	371.64	-0.0042526
329.89	371.64	-0.0034478
327.1	371.64	-0.0027819
324.47	371.64	-0.0022421
321.99	371.64	-0.0018117
319.64	371.64	-0.0014624
317.42	371.64	-0.0011748
315.32	371.64	-0.00094637
313.35	371.64	-0.0007588
311.48	371.64	-0.00060782
309.72	371.64	-0.00048825
308.06	371.64	-0.00039179
306.49	371.64	-0.00031297
305.01	371.64	-0.00024975
303.61	371.64	-0.00019987
302.29	371.64	-0.00015921
301.04	371.64	-0.0001272
299.87	371.64	-0.00010155
298.76	371.64	-8.07e-05
297.72	371.64	-6.4082e-05
296.73	371.64	-5.1037e-05
295.8	371.64	-4.0463e-05
294.93	371.64	-3.2176e-05
294.1	371.64	-2.5566e-05
293.32	371.64	-2.0221e-05
292.59	371.64	-1.598e-05
291.89	371.64	-1.2667e-05
291.24	371.64	-9.9943e-06
290.62	371.64	-7.9094e-06
290.04	371.64	-6.254e-06
289.49	371.64	-4.9215e-06
288.98	371.64	-3.8696e-06
288.49	371.64	-3.0514e-06
288.03	371.64	-2.3944e-06
287.6	371.64	-1.8843e-06
287.19	371.64	-1.4813e-06
286.81	371.64	-1.1586e-06
286.44	371.64	-9.0506e-07
286.1	371.64	-7.0887e-07
285.78	371.64	-5.5446e-07
285.48	371.64	-4.3128e-07
285.19	371.64	-3.3631e-07
284.92	371.64	-2.6073e-07
284.67	371.64	-2.0175e-07
284.43	371.64	-1.5644e-07
284.2	371.64	-1.2104e-07
283.99	371.64	-9.3045e-08
283.79	371.64	-7.1636e-08
283.6	371.64	-5.4755e-08
283.42	371.64	-4.1732e-08
283.25	371.64	-3.1855e-08
283.1	371.64	-2.4243e-08
282.95	371.64	-1.8313e-08
282.81	371.64	-1.3857e-08
282.68	371.64	-1.0411e-08
282.55	371.64	-7.8069e-09
282.43	371.64	-5.8759e-09
282.32	371.64	-4.4255e-09
282.22	371.64	-3.3282e-09
282.12	371.64	-2.5191e-09
282.03	371.64	-1.936e-09
281.94	371.64	-1.5063e-09
281.86	371.64	-1.2032e-09
281.78	371.64	-9.8839e-10
281.71	371.64	-8.3665e-10
281.64	371.64	-7.3356e-10
281.57	371.64	-6.6616e-10
281.51	371.64	-6.2194e-10
281.46	371.64	-5.9507e-10
281.4	371.64	-5.7892e-10
281.35	371.64	-5.6946e-10
281.3	371.64	-5.6415e-10
281.26	371.64	-5.61e-10
281.21	371.64	-5.5846e-10
281.17	371.64	-5.5576e-10
281.14	371.64	-5.5226e-10
281.1	371.64	-5.4762e-10
281.07	371.64	-5.4183e-10
281.04	371.64	-5.3508e-10
281.01	371.64	-5.2743e-10
280.98	371.64	-5.1878e-10
280.95	371.64	-5.0948e-10
280.93	371.64	-4.9939e-10
280.9	371.64	-4.8863e-10
280.88	371.64	-4.7756e-10
280.86	371.64	-4.66e-10
280.84	371.64	-4.5386e-10
280.82	371.64	-4.4163e-10
280.8	371.64	-4.2889e-10
280.79	371.64	-4.1596e-10
280.77	371.64	-4.0309e-10
280.76	371.64	-3.9013e-10
280.74	371.64	-3.7692e-10
280.73	371.64	-3.6391e-10
280.72	371.64	-3.5072e-10
280.71	371.64	-3.376e-10
280.7	371.64	-3.248e-10
280.69	371.64	-3.1217e-10
280.68	371.64	-2.9948e-10
280.67	371.64	-2.87e-10
280.66	371.64	-2.7493e-10
280.65	371.64	-2.6291e-10
280.64	371.64	-2.5133e-10
280.64	371.64	-2.4003e-10
280.63	371.64	-2.2883e-10
280.62	371.64	-2.1794e-10
280.62	371.64	-2.0752e-10
280.61	371.64	-1.9725e-10
280.6	371.64	-1.8746e-10
280.6	371.64	-1.7799e-10
280.59	371.64	-1.687e-10
280.59	371.64	-1.5974e-10
280.59	371.64	-1.5124e-10
280.58	371.64	-1.4294e-10
280.58	371.64	-1.3509e-10
280.57	371.64	-1.2755e-10
280.57	371.64	-1.2021e-10
280.57	371.64	-1.1319e-10
280.57	371.64	-1.0658e-10
280.56	371.64	-1.0016e-10
280.56	371.64	-9.4137e-11
280.56	371.64	-8.8395e-11
280.55	371.64	-8.2838e-11
280.55	371.64	-7.7556e-11
280.55	371.64	-7.2616e-11
280.55	371.64	-6.7927e-11
280.55	371.64	-6.3408e-11
280.54	371.64	-5.9196e-11
280.54	371.64	-5.5147e-11
280.54	371.64	-5.1324e-11
280.54	371.64	-4.7769e-11
280.54	371.64	-4.4413e-11
280.54	371.64	-4.1197e-11
280.54	371.64	-3.8221e-11
280.53	371.64	-3.5376e-11
280.53	371.64	-3.2703e-11
280.53	371.64	-3.0237e-11
280.53	371.64	-2.7885e-11
280.53	371.64	-2.5718e-11
280.53	371.64	-2.3657e-11
280.53	371.64	-2.1762e-11
280.53	371.64	-1.9991e-11
280.53	371.64	-1.8353e-11
280.53	371.64	-1.6857e-11
280.53	371.64	-1.5444e-11
280.52	371.64	-1.4133e-11
280.52	371.64	-1.2938e-11
280.52	371.64	-1.1813e-11
280.52	371.64	-1.079e-11
280.52	371.64	-9.8302e-12
280.52	371.64	-8.9601e-12
280.52	371.64	-8.1581e-12
280.52	371.64	-7.4093e-12
280.52	371.64	-6.7331e-12
280.52	371.64	-6.1031e-12
280.52	371.64	-5.5364e-12
280.52	371.64	-5.0106e-12
280.52	371.64	-4.5319e-12
280.52	371.64	-4.1032e-12
280.52	371.64	-3.7082e-12
280.52	371.64	-3.3558e-12
280.52	371.64	-3.0322e-12
280.52	371.64	-2.745e-12
280.52	371.64	-2.4866e-12
280.52	371.64	-2.251e-12
280.52	371.64	-2.0436e-12
280.52	371.64	-1.8552e-12
280.52	371.64	-1.6906e-12
280.52	371.64	-1.5422e-12
280.52	371.64	-1.4112e-12
280.52	371.64	-1.2977e-12
280.52	371.64	-1.1964e-12
280.52	371.64	-1.1095e-12
280.52	371.64	-1.0325e-12
280.52	371.64	-9.669e-13
280.52	371.64	-9.1051e-13
280.52	371.64	-8.6122e-13
280.52	371.64	-8.199e-13
280.52	371.64	-7.8438e-13
280.52	371.64	-7.5508e-13
280.52	371.64	-7.2995e-13
280.52	371.64	-7.092e-13
280.52	371.64	-6.9251e-13
280.52	371.64	-6.7854e-13
280.52	371.64	-6.6753e-13
280.52	371.64	-6.5849e-13
280.52	371.64	-6.5147e-13
280.52	371.64	-6.4562e-13
280.52	371.64	-6.4123e-13
280.52	371.64	-6.3775e-13
280.52	371.64	-6.3496e-13
280.52	371.64	-6.3269e-13
280.51	371.64	-6.3084e-13
280.51	371.64	-6.2912e-13
280.51	371.64	-6.2762e-13
280.51	371.64	-6.2616e-13
280.51	371.64	-6.2446e-13
280.51	371.64	-6.229e-13
280.51	371.64	-6.2108e-13
280.51	371.64	-6.1923e-13
280.51	371.64	-6.1716e-13
280.51	371.64	-6.1492e-13
280.51	371.64	-6.1262e-13
280.51	371.64	-6.1018e-13
280.51	371.64	-6.0769e-13
280.51	371.64	-6.0497e-13
280.51	371.64	-6.0232e-13
280.51	371.64	-5.9972e-13
280.51	371.64	-5.971e-13
280.51	371.64	-5.9474e-13
280.51	371.64	-5.9237e-13
280.51	371.64	-5.902e-13
280.51	371.64	-5.8819e-13
280.51	371.64	-5.8646e-13
280.51	371.64	-5.8506e-13
280.51	371.64	-5.8386e-13
280.51	371.64	-5.831e-13
280.51	371.64	-5.8252e-13
280.51	371.64	-5.823e-13
