1000	320.81	-66.376
951.37	324.03	-66.578
905.22	324.25	-66.446
861.36	325.85	-65.991
819.73	325.56	-65.181
780.2	326.59	-64.059
742.68	326.17	-62.598
707.07	326.87	-60.866
673.26	326.52	-58.833
641.17	327.01	-56.586
610.69	326.68	-54.107
581.75	327.1	-51.479
554.26	326.92	-48.699
528.13	327.32	-45.846
503.29	327.28	-42.919
479.67	327.75	-39.993
457.2	328.12	-37.066
435.82	328.69	-34.202
415.46	329.33	-31.399
396.07	330.14	-28.705
377.6	331.16	-26.118
359.99	332.22	-23.673
343.2	333.61	-21.363
327.18	334.96	-19.21
311.91	336.57	-17.205
297.33	338.09	-15.36
283.41	340.04	-13.664
270.13	341.91	-12.121
257.44	344.21	-10.719
245.33	346.15	-9.4549
233.76	348.59	-8.3179
222.7	350.81	-7.302
212.14	353.44	-6.3957
202.05	355.84	-5.592
192.41	358.6	-4.8803
183.19	361.13	-4.2532
174.39	363.98	-3.7015
165.97	366.71	-3.2177
157.93	369.59	-2.7943
150.25	372.26	-2.4249
142.9	375.13	-2.1029
135.88	377.8	-1.8228
129.17	380.58	-1.5794
122.76	383.09	-1.3684
116.64	385.58	-1.1855
110.79	387.78	-1.0271
105.2	390.2	-0.89007
99.864	392.25	-0.77153
94.772	394.08	-0.66904
89.914	395.76	-0.58042
85.283	397.65	-0.50378
80.868	399.33	-0.43745
76.664	400.96	-0.3801
72.663	402.66	-0.33042
68.856	404.73	-0.28738
65.239	406.81	-0.25007
61.802	409.24	-0.21769
58.541	411.91	-0.18959
55.448	414.99	-0.16516
52.517	418.32	-0.14391
49.74	422.1	-0.12542
47.111	426.1	-0.10932
44.625	430.41	-0.095296
42.274	434.91	-0.083065
40.051	439.7	-0.072395
37.952	444.38	-0.063085
35.969	449.21	-0.054958
34.098	453.9	-0.047863
32.331	458.42	-0.041667
30.665	462.92	-0.036255
29.093	467.04	-0.03153
27.611	470.54	-0.027403
26.214	473.87	-0.0238
24.898	476.81	-0.020654
23.658	479.2	-0.017908
22.491	480.84	-0.015512
21.392	481.94	-0.013422
20.358	482.48	-0.011599
19.386	482.27	-0.010012
18.473	481.37	-0.0086286
17.616	479.75	-0.0074252
16.812	477.34	-0.0063787
16.058	474.22	-0.0054696
15.353	470.29	-0.0046809
14.692	465.61	-0.0039973
14.075	460.12	-0.0034058
13.499	453.85	-0.0028949
12.962	446.86	-0.0024543
12.462	439.18	-0.0020753
11.997	430.75	-0.0017498
11.565	421.63	-0.0014711
11.164	411.92	-0.0012331
10.792	401.71	-0.0010304
10.449	390.98	-0.00085831
10.131	379.75	-0.00071266
9.8378	368.24	-0.00058985
9.5675	356.46	-0.00048659
9.3185	344.32	-0.00040013
9.0895	332.08	-0.00032799
8.8792	319.82	-0.00026799
8.6861	307.53	-0.00021829
8.5091	295.37	-0.00017726
8.3469	283.31	-0.00014351
8.1985	271.43	-0.00011583
8.0628	259.76	-9.3226e-05
7.9388	248.38	-7.4827e-05
7.8256	237.31	-5.9892e-05
7.7224	226.56	-4.7815e-05
7.6282	216.17	-3.807e-05
7.5424	206.15	-3.0236e-05
7.4643	196.48	-2.3952e-05
7.3932	187.21	-1.8926e-05
7.3285	178.33	-1.4915e-05
7.2697	169.81	-1.1723e-05
7.2162	161.63	-9.1872e-06
7.1676	153.86	-7.1783e-06
7.1235	146.43	-5.5888e-06
7.0834	139.32	-4.3348e-06
7.047	132.57	-3.3464e-06
7.014	126.15	-2.5693e-06
6.984	119.99	-1.9592e-06
6.9568	114.14	-1.4809e-06
6.9322	108.61	-1.1071e-06
6.9098	103.32	-8.1537e-07
6.8895	98.27	-5.882e-07
6.8711	93.48	-4.1183e-07
6.8544	88.918	-2.7531e-07
6.8393	84.58	-5.8907e-07
6.8256	80.46	-5.0511e-07
6.8131	76.54	-4.3202e-07
6.8018	72.805	-3.7386e-07
6.7916	69.258	-3.2735e-07
6.7823	65.878	-2.8992e-07
6.7739	62.654	-2.5956e-07
6.7663	59.596	-2.3471e-07
6.7594	56.694	-2.1418e-07
6.7531	53.927	-1.97e-07
6.7474	51.291	-1.8243e-07
6.7422	48.787	-1.6991e-07
6.7375	46.401	-1.5897e-07
6.7333	44.126	-1.4929e-07
6.7294	41.976	-1.4058e-07
6.7259	39.906	-1.3266e-07
6.7227	37.955	-1.2536e-07
6.7198	36.095	-1.1856e-07
6.7171	34.306	-1.1216e-07
6.7147	32.624	-1.0611e-07
6.7125	31.015	-1.0035e-07
6.7105	29.484	-9.4838e-08
6.7087	28.026	-8.9555e-08
6.707	26.636	-8.4469e-08
6.7055	25.312	-7.9573e-08
6.7041	24.055	-7.4855e-08
6.7029	22.857	-7.0305e-08
6.7017	21.711	-6.5925e-08
6.7006	20.624	-6.1709e-08
6.6996	19.589	-5.7658e-08
6.6987	18.6	-5.3765e-08
6.6979	17.661	-5.0032e-08
6.6971	16.765	-4.6457e-08
6.6964	15.972	-4.3039e-08
6.6958	15.101	-3.9753e-08
6.6952	14.321	-3.6675e-08
6.6946	13.586	-3.3705e-08
6.6941	12.785	-3.0937e-08
6.6936	12.218	-2.832e-08
6.6932	11.67	-2.5813e-08
6.6927	10.973	-2.3457e-08
6.6923	10.391	-2.1282e-08
6.692	9.841	-1.9215e-08
6.6916	9.2435	-1.7319e-08
6.6913	8.8183	-1.5554e-08
6.691	8.4086	-1.389e-08
6.6907	7.888	-1.2354e-08
6.6904	7.3969	-1.0962e-08
6.6902	7.0457	-9.6828e-09
6.6899	6.6577	-8.4942e-09
6.6897	6.2817	-7.4286e-09
6.6895	5.9748	-6.4456e-09
6.6893	5.5908	-5.5586e-09
6.6891	5.2273	-4.7737e-09
6.6889	4.9656	-4.0708e-09
6.6887	4.6781	-3.4352e-09
6.6885	4.4006	-2.882e-09
6.6883	4.1734	-2.388e-09
6.6882	3.893	-1.9576e-09
6.688	3.6283	-1.591e-09
6.6878	3.4358	-1.276e-09
6.6877	3.2263	-1.0041e-09
6.6876	3.0252	-7.7934e-10
6.6874	2.8597	-5.9008e-10
6.6873	2.6601	-4.3588e-10
6.6871	2.473	-3.1426e-10
6.687	2.3365	-2.1875e-10
6.6869	2.2044	-1.447e-10
6.6868	2.0478	-9.029e-11
6.6867	1.9165	-5.2611e-11
6.6865	1.7936	-2.7321e-11
6.6864	1.6649	-1.2349e-11
6.6863	1.5724	-4.5573e-12
6.6862	1.4846	-1.4763e-12
6.6861	1.3793	-9.1591e-13
6.686	1.2906	-7.1935e-13
6.6859	1.2114	1.0677e-12
6.6858	1.1269	6.1133e-12
6.6857	1.0668	1.5954e-11
6.6856	1.0102	3.2262e-11
6.6855	0.94286	5.6171e-11
6.6854	0.88734	8.8179e-11
6.6853	0.8373	1.3023e-10
6.6853	0.78415	1.8172e-10
6.6852	0.74816	2.4386e-10
6.6851	0.71434	3.1837e-10
6.685	0.67265	4.047e-10
6.6849	0.63927	5.0144e-10
6.6849	0.60967	6.118e-10
6.6848	0.57738	7.3237e-10
6.6847	0.55705	8.6459e-10
6.6846	0.53861	1.0108e-09
6.6846	0.51386	1.1686e-09
6.6845	0.49127	1.335e-09
6.6844	0.47845	1.512e-09
6.6844	0.46313	1.7021e-09
6.6843	0.44955	1.899e-09
6.6842	0.44085	2.1081e-09
6.6842	0.42638	2.326e-09
6.6841	0.4132	2.5483e-09
6.684	0.40803	2.7776e-09
6.684	0.40034	3.0172e-09
6.6839	0.39368	3.2587e-09
6.6839	0.39078	3.5092e-09
6.6838	0.38269	3.764e-09
6.6838	0.3753	4.0182e-09
6.6837	0.37456	4.2751e-09
6.6837	0.37125	4.5381e-09
6.6836	0.3685	4.7982e-09
6.6836	0.36941	5.0628e-09
6.6835	0.36465	5.3272e-09
6.6835	0.36039	5.5864e-09
6.6834	0.36238	5.8439e-09
6.6834	0.36437	6.103e-09
6.6833	0.36104	6.3591e-09
6.6833	0.36063	6.6073e-09
6.6832	0.36069	6.8554e-09
6.6832	0.35789	7.0946e-09
6.6832	0.36138	7.3287e-09
6.6831	0.36464	7.5604e-09
6.6831	0.36211	7.7851e-09
6.6831	0.36279	8.0001e-09
6.683	0.36371	8.2105e-09
6.683	0.36149	8.4103e-09
6.6829	0.36511	8.6017e-09
6.6829	0.36877	8.7882e-09
6.6829	0.36687	8.9655e-09
6.6829	0.36767	9.1309e-09
6.6828	0.36873	9.2905e-09
6.6828	0.3666	9.4374e-09
6.6828	0.37011	9.5754e-09
6.6827	0.37365	9.7053e-09
6.6827	0.37157	9.8254e-09
6.6827	0.3695	9.934e-09
6.6827	0.37311	1.0033e-08
6.6826	0.37315	1.0123e-08
6.6826	0.3738	1.0202e-08
6.6826	0.37748	1.0272e-08
6.6826	0.37486	1.0333e-08
6.6825	0.37193	1.0383e-08
6.6825	0.37533	1.0423e-08
6.6825	0.37543	1.0454e-08
6.6825	0.37516	1.0476e-08
6.6824	0.37824	1.0488e-08
6.6824	0.37533	1.0491e-08
6.6824	0.37171	1.0486e-08
6.6824	0.3748	1.0472e-08
6.6824	0.37453	1.0449e-08
6.6824	0.37387	1.0419e-08
6.6823	0.37618	1.038e-08
6.6823	0.37251	1.0333e-08
6.6823	0.36882	1.0281e-08
6.6823	0.37106	1.022e-08
6.6823	0.37324	1.0152e-08
6.6823	0.36949	1.0078e-08
6.6822	0.36827	9.9983e-09
6.6822	0.3674	9.9114e-09
6.6822	0.36316	9.8208e-09
6.6822	0.36475	9.7241e-09
6.6822	0.36665	9.6212e-09
6.6822	0.36231	9.5137e-09
6.6822	0.36037	9.4028e-09
6.6822	0.35924	9.2868e-09
6.6821	0.35472	9.168e-09
6.6821	0.35591	9.0465e-09
6.6821	0.3574	8.9191e-09
6.6821	0.35231	8.7893e-09
6.6821	0.35038	8.6582e-09
6.6821	0.34887	8.5226e-09
6.6821	0.34447	8.3876e-09
6.6821	0.34512	8.2503e-09
6.6821	0.34562	8.1091e-09
6.6821	0.34104	7.9661e-09
6.6821	0.3391	7.8249e-09
6.682	0.33711	7.6802e-09
6.682	0.33179	7.5367e-09
6.682	0.33228	7.3933e-09
6.682	0.33312	7.2469e-09
6.682	0.3282	7.1005e-09
6.682	0.32322	6.9564e-09
6.682	0.3235	6.8124e-09
6.682	0.32116	6.6671e-09
6.682	0.3188	6.5242e-09
6.682	0.31897	6.3801e-09
6.682	0.31406	6.2366e-09
6.682	0.30915	6.097e-09
6.682	0.30927	5.958e-09
6.682	0.30683	5.8185e-09
6.682	0.30431	5.6823e-09
6.682	0.30432	5.5455e-09
6.682	0.29949	5.4105e-09
6.682	0.29695	5.2793e-09
6.682	0.2945	5.1478e-09
6.682	0.29204	5.0203e-09
6.6819	0.28953	4.8927e-09
6.6819	0.2848	4.7692e-09
6.6819	0.28459	4.6477e-09
6.6819	0.28207	4.5264e-09
6.6819	0.27963	4.4093e-09
6.6819	0.27939	4.2924e-09
6.6819	0.27473	4.1779e-09
6.6819	0.27223	4.0675e-09
6.6819	0.26982	3.9576e-09
6.6819	0.26737	3.8518e-09
6.6819	0.26493	3.7467e-09
6.6819	0.26043	3.6456e-09
6.6819	0.26014	3.5467e-09
6.6819	0.25775	3.4487e-09
6.6819	0.25531	3.3546e-09
6.6819	0.25308	3.2614e-09
6.6819	0.25072	3.1719e-09
6.6819	0.25035	3.0834e-09
6.6819	0.24603	2.9972e-09
6.6819	0.24377	2.9147e-09
6.6819	0.24154	2.8332e-09
6.6819	0.2393	2.7552e-09
6.6819	0.23709	2.6782e-09
6.6819	0.233	2.6046e-09
6.6819	0.23269	2.5332e-09
6.6819	0.23066	2.4628e-09
6.6819	0.22849	2.3956e-09
6.6819	0.2264	2.3294e-09
6.6819	0.22441	2.2663e-09
6.6819	0.22415	2.2043e-09
6.6819	0.22036	2.1442e-09
6.6819	0.2184	2.0871e-09
6.6819	0.21636	2.0309e-09
6.6819	0.2145	1.9775e-09
6.6819	0.21271	1.9251e-09
6.6819	0.20917	1.8753e-09
6.6819	0.20905	1.8272e-09
6.6819	0.20722	1.7801e-09
6.6819	0.2054	1.7354e-09
6.6819	0.20389	1.6916e-09
6.6819	0.20226	1.6501e-09
6.6819	0.20214	1.6096e-09
6.6819	0.19889	1.5707e-09
6.6819	0.19739	1.5337e-09
6.6819	0.19584	1.4978e-09
6.6819	0.19282	1.4637e-09
6.6819	0.19293	1.4311e-09
6.6819	0.19157	1.3993e-09
6.6819	0.19017	1.3693e-09
6.6819	0.18889	1.3402e-09
6.6819	0.18757	1.3127e-09
6.6819	0.18781	1.2861e-09
6.6819	0.1851	1.2607e-09
6.6819	0.18396	1.2368e-09
6.6819	0.18283	1.2137e-09
6.6819	0.18178	1.1921e-09
6.6819	0.18073	1.1713e-09
6.6819	0.1783	1.1518e-09
6.6819	0.17876	1.1333e-09
6.6819	0.17788	1.1156e-09
6.6819	0.177	1.0992e-09
6.6819	0.1762	1.0835e-09
6.6819	0.17536	1.069e-09
6.6819	0.17606	1.0551e-09
6.6819	0.17396	1.0423e-09
6.6819	0.17329	1.0305e-09
6.6819	0.17269	1.0194e-09
6.6819	0.17217	1.0094e-09
6.6819	0.17162	1.0001e-09
6.6819	0.1698	9.9171e-10
6.6819	0.17072	9.8422e-10
6.6819	0.17037	9.7741e-10
6.6819	0.17	9.715e-10
6.6819	0.16973	9.6635e-10
6.6819	0.16945	9.6207e-10
6.6819	0.17062	9.5852e-10
6.6819	0.1691	9.5572e-10
6.6819	0.16902	9.5381e-10
6.6819	0.16891-5.3826e-08i	9.5261e-10
6.6819	0.16615-1.6148e-07i	9.5222e-10
