2000	151.21	-38.727
1939.2	151.21	-34.838
1881	151.21	-31.219
1825.1	151.21	-27.891
1771.3	151.21	-24.821
1719.4	151.21	-22.029
1669.5	151.21	-19.482
1621.3	151.21	-17.186
1574.7	151.21	-15.113
1529.8	151.21	-13.259
1486.2	151.21	-11.6
1444.1	151.21	-10.127
1403.4	151.21	-8.8194
1363.9	151.21	-7.6659
1325.6	151.21	-6.6493
1288.4	151.21	-5.7576
1252.4	151.21	-4.9764
1217.4	151.21	-4.2947
1183.5	151.21	-3.7005
1150.6	151.21	-3.1844
1118.6	151.21	-2.7365
1087.5	151.21	-2.3491
1057.3	151.21	-2.0141
1028	151.21	-1.7252
999.49	151.21	-1.4763
971.8	151.21	-1.2623
944.89	151.21	-1.0784
918.73	151.21	-0.92067
893.31	151.21	-0.78546
868.6	151.21	-0.6697
844.58	151.21	-0.5707
821.22	151.21	-0.48605
798.52	151.21	-0.41378
776.45	151.21	-0.35212
755	151.21	-0.29952
734.14	151.21	-0.25469
713.86	151.21	-0.2165
694.14	151.21	-0.18398
674.98	151.21	-0.1563
656.34	151.21	-0.13275
638.22	151.21	-0.11273
620.6	151.21	-0.095712
603.48	151.21	-0.081239
586.82	151.21	-0.068949
570.63	151.21	-0.058507
554.89	151.21	-0.04964
539.59	151.21	-0.042112
524.71	151.21	-0.03572
510.24	151.21	-0.030296
496.17	151.21	-0.025693
482.5	151.21	-0.021787
469.2	151.21	-0.018473
456.27	151.21	-0.015663
443.71	151.21	-0.013278
431.49	151.21	-0.011256
419.61	151.21	-0.0095416
408.06	151.21	-0.0080875
396.83	151.21	-0.0068548
385.92	151.21	-0.0058097
375.31	151.21	-0.0049236
364.99	151.21	-0.0041725
354.96	151.21	-0.0035359
345.21	151.21	-0.0029962
335.73	151.21	-0.0025387
326.52	151.21	-0.002151
317.56	151.21	-0.0018225
308.85	151.21	-0.001544
300.39	151.21	-0.0013081
292.16	151.21	-0.0011081
284.16	151.21	-0.00093871
276.39	151.21	-0.00079517
268.83	151.21	-0.00067353
261.48	151.21	-0.00057046
254.34	151.21	-0.00048315
247.4	151.21	-0.00040919
240.66	151.21	-0.00034653
234.1	151.21	-0.00029344
227.73	151.21	-0.00024848
221.53	151.21	-0.00021039
215.52	151.21	-0.00017813
209.67	151.21	-0.00015081
203.98	151.21	-0.00012767
198.46	151.21	-0.00010807
193.09	151.21	-9.1479e-05
187.88	151.21	-7.7425e-05
182.81	151.21	-6.5527e-05
177.88	151.21	-5.5452e-05
173.1	151.21	-4.6922e-05
168.45	151.21	-3.9701e-05
163.93	151.21	-3.3588e-05
159.55	151.21	-2.8414e-05
155.29	151.21	-2.4034e-05
151.15	151.21	-2.0327e-05
147.13	151.21	-1.719e-05
143.22	151.21	-1.4536e-05
139.43	151.21	-1.229e-05
135.74	151.21	-1.039e-05
132.17	151.21	-8.782e-06
128.69	151.21	-7.422e-06
125.32	151.21	-6.2717e-06
122.05	151.21	-5.2989e-06
118.87	151.21	-4.4762e-06
115.79	151.21	-3.7805e-06
112.79	151.21	-3.1925e-06
109.89	151.21	-2.6954e-06
107.07	151.21	-2.2753e-06
104.33	151.21	-1.9202e-06
101.68	151.21	-1.6202e-06
99.102	151.21	-1.3667e-06
96.604	151.21	-1.1526e-06
94.182	151.21	-9.718e-07
91.833	151.21	-8.1913e-07
89.556	151.21	-6.9027e-07
87.349	151.21	-5.8148e-07
85.209	151.21	-4.8972e-07
83.135	151.21	-4.1231e-07
81.126	151.21	-3.4699e-07
79.18	151.21	-2.9192e-07
77.294	151.21	-2.4551e-07
75.468	151.21	-2.0639e-07
73.701	151.21	-1.7344e-07
71.989	151.21	-1.4569e-07
70.333	151.21	-1.2232e-07
68.731	151.21	-1.0266e-07
67.18	151.21	-8.6112e-08
65.681	151.21	-7.2198e-08
64.231	151.21	-6.0504e-08
62.83	151.21	-5.0676e-08
61.476	151.21	-4.2421e-08
60.167	151.21	-3.5492e-08
58.903	151.21	-2.9676e-08
57.683	151.21	-2.4799e-08
56.505	151.21	-2.071e-08
55.368	151.21	-1.7285e-08
54.272	151.21	-1.4417e-08
53.214	151.21	-1.2016e-08
52.195	151.21	-1.0008e-08
51.212	151.21	-8.3303e-09
50.265	151.21	-6.9284e-09
49.354	151.21	-5.7582e-09
48.476	151.21	-4.782e-09
47.631	151.21	-3.9681e-09
46.819	151.21	-3.2902e-09
46.037	151.21	-2.7258e-09
45.286	151.21	-2.2565e-09
44.564	151.21	-1.8663e-09
43.87	151.21	-1.5422e-09
43.205	151.21	-1.2733e-09
42.565	151.21	-1.0504e-09
41.952	151.21	-8.6565e-10
41.364	151.21	-7.1273e-10
40.8	151.21	-5.8626e-10
40.26	151.21	-4.8177e-10
39.743	151.21	-3.9549e-10
39.247	151.21	-3.2431e-10
38.773	151.21	-2.6565e-10
38.319	151.21	-2.1738e-10
37.885	151.21	-1.7765e-10
37.47	151.21	-1.4502e-10
37.073	151.21	-1.1822e-10
36.694	151.21	-9.6247e-11
36.332	151.21	-7.8094e-11
35.987	151.21	-6.3508e-11
35.657	151.21	-5.1366e-11
35.342	151.21	-4.1611e-11
35.042	151.21	-3.3657e-11
34.756	151.21	-2.7056e-11
34.484	151.21	-2.1693e-11
34.224	151.21	-1.7419e-11
33.977	151.21	-1.3876e-11
33.741	151.21	-1.1069e-11
33.517	151.21	-8.7871e-12
33.304	151.21	-6.9268e-12
33.101	151.21	-5.4032e-12
32.908	151.21	-4.2215e-12
32.725	151.21	-3.2727e-12
32.55	151.21	-2.4947e-12
32.384	151.21	-1.8852e-12
32.227	151.21	-1.3947e-12
32.077	151.21	-1.0098e-12
31.935	151.21	-7.163e-13
31.8	151.21	-4.7793e-13
31.672	151.21	-2.9925e-13
31.551	151.21	-1.6001e-13
31.436	151.21	-5.7697e-14
31.326	151.21	2.2538e-14
31.222	151.21	8.0007e-14
31.124	151.21	1.1483e-13
31.031	151.21	1.4195e-13
30.942	151.21	1.5798e-13
30.858	151.21	1.7102e-13
30.779	151.21	1.6974e-13
30.704	151.21	1.6724e-13
30.632	151.21	1.6071e-13
30.564	151.21	1.5462e-13
30.5	151.21	1.4339e-13
30.44	151.21	1.3438e-13
30.382	151.21	1.2222e-13
30.328	151.21	1.1065e-13
30.276	151.21	1.012e-13
30.227	151.21	8.7898e-14
30.181	151.21	7.8304e-14
30.137	151.21	6.7267e-14
30.096	151.21	6.0094e-14
30.057	151.21	5.2297e-14
30.02	151.21	4.3196e-14
29.985	151.21	3.7012e-14
29.951	151.21	2.9704e-14
29.92	151.21	2.3102e-14
29.89	151.21	1.697e-14
29.862	151.21	1.4573e-14
29.835	151.21	7.9326e-15
29.81	151.21	5.6236e-15
29.786	151.21	3.4001e-15
29.764	151.21	1.815e-15
29.743	151.21	6.031e-16
29.722	151.21	-6.0509e-17
29.703	151.21	-1.8529e-15
29.685	151.21	-3.7472e-15
29.668	151.21	-4.3006e-15
29.652	151.21	-7.457e-15
29.637	151.21	-7.0973e-15
29.622	151.21	-9.1887e-15
29.609	151.21	-1.0944e-14
29.596	151.21	-1.2462e-14
29.584	151.21	-1.3805e-14
29.572	151.21	-1.4492e-14
29.561	151.21	-1.5457e-14
29.551	151.21	-1.7031e-14
29.541	151.21	-1.7356e-14
29.532	151.21	-1.7931e-14
29.523	151.21	-1.8451e-14
29.515	151.21	-1.8335e-14
29.507	151.21	-1.9564e-14
29.5	151.21	-1.9512e-14
29.493	151.21	-1.9311e-14
29.486	151.21	-1.9135e-14
29.48	151.21	-1.94e-14
29.474	151.21	-1.9344e-14
29.468	151.21	-1.8539e-14
29.463	151.21	-1.8806e-14
29.458	151.21	-1.8116e-14
29.453	151.21	-1.735e-14
29.449	151.21	-1.7368e-14
29.445	151.21	-1.6701e-14
29.441	151.21	-1.6349e-14
29.437	151.21	-1.5538e-14
29.433	151.21	-1.5018e-14
29.43	151.21	-1.4956e-14
29.427	151.21	-1.4014e-14
29.424	151.21	-1.3286e-14
29.421	151.21	-1.2762e-14
29.418	151.21	-1.2067e-14
29.416	151.21	-1.1237e-14
29.413	151.21	-1.0908e-14
29.411	151.21	-1.0232e-14
29.409	151.21	-9.4262e-15
29.407	151.21	-9.2773e-15
29.405	151.21	-8.3571e-15
29.403	151.21	-7.914e-15
29.401	151.21	-7.4168e-15
29.4	151.21	-7.0199e-15
29.398	151.21	-6.3166e-15
29.397	151.21	-5.9867e-15
29.395	151.21	-5.519e-15
29.394	151.21	-5.2282e-15
29.393	151.21	-4.5662e-15
29.392	151.21	-4.3274e-15
29.391	151.21	-3.9684e-15
29.39	151.21	-3.2954e-15
29.389	151.21	-3.3405e-15
29.388	151.21	-3.1651e-15
29.387	151.21	-2.6723e-15
29.386	151.21	-2.2503e-15
29.385	151.21	-2.0931e-15
29.384	151.21	-2.2073e-15
29.384	151.21	-1.7957e-15
29.383	151.21	-1.2653e-15
29.382	151.21	-1.2096e-15
29.382	151.21	-1.1132e-15
29.381	151.21	-1.1838e-15
29.381	151.21	-9.5915e-16
29.38	151.21	-8.7929e-16
29.38	151.21	-6.6122e-16
29.379	151.21	-5.1234e-16
29.379	151.21	-3.6544e-16
29.378	151.21	-3.641e-16
29.378	151.21	-4.3658e-16
29.378	151.21	-3.4827e-16
29.377	151.21	-2.0851e-16
29.377	151.21	-2.3442e-16
29.377	151.21	-1.0316e-16
29.376	151.21	-1.6424e-16
29.376	151.21	-2.04e-16
29.376	151.21	-3.1494e-17
29.375	151.21	-4.2706e-17
29.375	151.21	-5.4855e-17
29.375	151.21	4.7752e-17
29.375	151.21	8.3954e-17
29.375	151.21	4.1826e-18
29.374	151.21	9.2667e-17
29.374	151.21	-6.5589e-18
29.374	151.21	1.3689e-17
29.374	151.21	8.647e-17
29.374	151.21	2.3311e-17
29.373	151.21	-3.0711e-17
29.373	151.21	-2.3122e-17
29.373	151.21	-4.1957e-18
29.373	151.21	-1.695e-17
29.373	151.21	2.0673e-17
29.373	151.21	5.3848e-18
29.373	151.21	3.1022e-17
29.373	151.21	1.8958e-17
29.373	151.21	3.2626e-17
29.372	151.21	4.9913e-17
29.372	151.21	2.3176e-17
29.372	151.21	-5.2156e-18
29.372	151.21	5.2872e-17
29.372	151.21	3.6041e-17
29.372	151.21	6.0733e-17
29.372	151.21	4.2976e-17
29.372	151.21	5.7537e-17
29.372	151.21	9.2838e-17
29.372	151.21	7.299e-17
29.372	151.21	9.0754e-17
29.372	151.21	1.0917e-16
29.372	151.21	1.1589e-16
29.372	151.21	1.4335e-16
29.372	151.21	1.3196e-16
29.371	151.21	1.7494e-16
29.371	151.21	1.9424e-16
29.371	151.21	2.1582e-16
29.371	151.21	2.3815e-16
29.371	151.21	2.5749e-16
29.371	151.21	2.8322e-16
29.371	151.21	3.1562e-16
29.371	151.21	3.4686e-16
29.371	151.21	3.7497e-16
29.371	151.21	4.1258e-16
29.371	151.21	4.4452e-16
29.371	151.21	4.5586e-16
29.371	151.21	5.0936e-16
29.371	151.21	5.364e-16
29.371	151.21	5.5837e-16
29.371	151.21	5.9942e-16
29.371	151.21	6.3414e-16
29.371	151.21	6.8328e-16
29.371	151.21	7.1277e-16
29.371	151.21	7.3502e-16
29.371	151.21	7.8993e-16
29.371	151.21	8.2434e-16
29.371	151.21	8.6595e-16
29.371	151.21	9.011e-16
29.371	151.21	9.4158e-16
29.371	151.21	9.9251e-16
29.371	151.21	1.0266e-15
29.371	151.21	1.0655e-15
29.371	151.21	1.1135e-15
29.371	151.21	1.1561e-15
29.371	151.21	1.1949e-15
29.371	151.21	1.2506e-15
29.371	151.21	1.2764e-15
29.371	151.21	1.3242e-15
29.371	151.21	1.3657e-15
29.371	151.21	1.4075e-15
29.371	151.21	1.4493e-15
29.371	151.21	1.487e-15
29.371	151.21	1.5331e-15
29.371	151.21	1.5794e-15
29.371	151.21	1.6031e-15
29.371	151.21	1.653e-15
29.371	151.21	1.7031e-15
29.371	151.21	1.7315e-15
29.371	151.21	1.7738e-15
29.371	151.21	1.8177e-15
29.371	151.21	1.8503e-15
29.371	151.21	1.8857e-15
29.371	151.21	1.9058e-15
29.371	151.21	1.9627e-15
29.371	151.21	1.9834e-15
29.371	151.21	2.0152e-15
29.371	151.21	2.0519e-15
29.371	151.21	2.0835e-15
29.371	151.21	2.1078e-15
29.371	151.21	2.1452e-15
29.371	151.21	2.1652e-15
29.371	151.21	2.1853e-15
29.371	151.21	2.1961e-15
29.371	151.21	2.2208e-15
29.371	151.21	2.2543e-15
29.371	151.21	2.2669e-15
29.371	151.21	2.2923e-15
29.371	151.21	2.2804e-15
29.371	151.21	2.3009e-15
29.371	151.21	2.3276e-15
29.371	151.21	2.3347e-15
29.371	151.21	2.3326e-15
29.371	151.21	2.3551e-15
29.371	151.21	2.3541e-15
29.371	151.21	2.3405e-15
29.371	151.21	2.3541e-15
