20000	99.069	-2.6906
19414	86.303	-2.8547
18837	86.199	-3.0314
18270	85.724	-3.2217
17711	87.084	-3.4272
17161	87.789	-3.6491
16619	90.185	-3.8891
16087	91.441	-4.1491
15563	94.448	-4.4309
15048	96.379	-4.7368
14542	99.926	-5.0694
14045	102.08	-5.4314
13557	106.33	-5.8259
13078	109.08	-6.2563
12607	113.74	-6.7268
12146	116.67	-7.2418
11694	122.14	-7.8058
11250	125.58	-8.425
10816	131.67	-9.1053
10391	135.59	-9.8538
9974.6	142.42	-10.679
9567.7	146.88	-11.59
9170.1	154.61	-12.596
8781.8	159.61	-13.71
8402.8	168.28	-14.945
8033.3	173.98	-16.315
7673.1	183.7	-17.838
7322.6	190.1	-19.532
6981.5	201.02	-21.42
6650.2	208.29	-23.525
6328.4	220.56	-25.874
6016.5	228.76	-28.498
5714.3	242.41	-31.429
5422	251.6	-34.705
5139.6	266.83	-38.366
4867.2	277.13	-42.453
4604.7	293.8	-47.013
4352.2	305.32	-52.089
4109.8	323.37	-57.728
3877.5	335.86	-63.966
3655.2	354.85	-70.841
3443.1	368.46	-78.364
3240.9	387.48	-86.541
3048.8	401.32	-95.33
2866.6	419.17	-104.67
2694.2	432.5	-114.42
2531.6	447.4	-124.41
2378.6	458.82	-134.39
2235	467.92	-144.01
2100.5	476.25	-152.94
1974.9	478.15	-160.7
1858	481.88	-166.95
1749.2	475.94	-171.2
1648.3	474.62	-173.33
1554.7	461.96	-172.96
1468	456.08	-170.38
1387.6	439.58	-165.42
1313.2	430	-158.71
1244.2	412.68	-150.24
1180.1	401.02	-140.85
1120.5	385.28	-130.52
1064.9	373.33	-120.03
1013	360.02	-109.32
964.36	349.42	-98.988
918.77	339.8	-88.909
875.89	331.28	-79.508
835.49	324.46	-70.622
797.35	318.67	-62.525
761.26	314.76	-55.043
727.07	311.33	-48.334
694.61	309.69	-42.252
663.75	308.25	-36.865
634.38	308.27	-32.045
606.39	308.32	-27.814
579.69	309.62	-24.071
554.19	311.01	-20.808
529.82	313.28	-17.945
506.51	315.6	-15.464
484.2	318.67	-13.302
462.83	321.74	-11.435
442.36	325.41	-9.8185
422.74	329.1	-8.4261
403.92	333.3	-7.2251
385.87	337.48	-6.1934
368.55	342.06	-5.3063
351.93	346.77	-4.5457
335.97	351.76	-3.8931
320.65	356.91	-3.334
305.95	362.27	-2.855
291.83	367.6	-2.4453
278.27	373.33	-2.0945
265.26	379.31	-1.7945
252.78	385.49	-1.5378
240.8	391.83	-1.3183
229.3	398.42	-1.1304
218.28	405.24	-0.96972
207.71	412.37	-0.83218
197.58	419.75	-0.71445
187.88	427.42	-0.61361
178.59	435.46	-0.52724
169.7	443.83	-0.45322
161.21	452.54	-0.38976
153.08	461.66	-0.33532
145.33	471.11	-0.28859
137.92	481.01	-0.24845
130.87	491.29	-0.21396
124.14	501.91	-0.1843
117.74	512.93	-0.1588
111.65	524.38	-0.13683
105.86	536.23	-0.11791
100.36	548.26	-0.10161
95.142	560.56	-0.087551
90.197	573.03	-0.075423
85.513	585.71	-0.06496
81.081	598.54	-0.055923
76.89	611.18	-0.048123
72.932	623.69	-0.041386
69.196	636.12	-0.035567
65.672	648.26	-0.030541
62.351	659.85	-0.026201
59.225	670.97	-0.022454
56.283	681.43	-0.01922
53.518	690.93	-0.016431
50.92	699.74	-0.014027
48.481	707.75	-0.011956
46.192	714.5	-0.010175
44.046	720.02	-0.0086438
42.036	724.38	-0.0073293
40.153	727.42	-0.0062027
38.39	729.1	-0.0052384
36.741	729.42	-0.0044147
35.2	728.27	-0.003712
33.759	725.72	-0.0031141
32.413	721.71	-0.0026063
31.156	716.26	-0.0021759
29.983	709.56	-0.0018121
28.889	701.49	-0.0015051
27.868	692.12	-0.0012468
26.916	681.53	-0.0010301
26.029	669.93	-0.00084873
25.202	657.42	-0.00069735
24.432	643.97	-0.00057154
23.715	629.57	-0.00046715
23.047	614.59	-0.00038084
22.426	599.19	-0.00030965
21.847	583.14	-0.00025111
21.309	566.69	-0.00020311
20.808	550.08	-0.00016388
20.343	533.34	-0.0001319
19.91	516.58	-0.0001059
19.507	499.74	-8.4833e-05
19.133	482.89	-6.7797e-05
18.785	466.22	-5.4063e-05
18.461	449.96	-4.3018e-05
18.161	433.76	-3.4158e-05
17.881	417.93	-2.7068e-05
17.622	402.63	-2.1408e-05
17.381	387.52	-1.69e-05
17.157	372.84	-1.3317e-05
16.949	358.61	-1.0475e-05
16.756	345.92	-8.226e-06
16.576	331.45	-6.4365e-06
16.41	318.55	-5.0507e-06
16.255	306.16	-3.9417e-06
16.111	292.22	-3.0864e-06
15.978	282.69	-2.4153e-06
15.854	273.4	-1.882e-06
15.739	260.87	-1.4673e-06
15.633	250.6	-1.1504e-06
15.533	240.76	-9.0083e-07
15.441	229.72	-7.1149e-07
15.356	222.3	-5.6584e-07
15.277	215.11	-4.5192e-07
15.203	205.23	-3.65e-07
15.135	195.79	-3e-07
15.072	189.57	-2.5072e-07
15.013	182.29	-2.1306e-07
14.958	175.17	-1.8542e-07
14.908	169.63	-1.6462e-07
14.861	161.83	-1.4939e-07
14.817	154.47	-1.3851e-07
14.777	149.73	-1.3066e-07
14.739	144.01	-1.2497e-07
14.704	138.46	-1.2102e-07
14.672	134.12	-1.1817e-07
14.642	128.04	-1.1613e-07
14.614	122.32	-1.1465e-07
14.588	118.58	-1.1349e-07
14.564	114.1	-1.1247e-07
14.542	109.76	-1.1153e-07
14.521	106.43	-1.1053e-07
14.502	101.63	-1.0946e-07
14.484	97.042	-1.0829e-07
14.467	94.127	-1.0699e-07
14.452	91.305	-1.055e-07
14.438	87.191	-1.0386e-07
14.425	83.893	-1.021e-07
14.412	80.774	-1.0016e-07
14.401	77.144	-9.8123e-08
14.39	74.837	-9.5962e-08
14.381	72.61	-9.3656e-08
14.371	69.35	-9.1255e-08
14.363	66.726	-8.8813e-08
14.355	64.261	-8.6262e-08
14.348	61.378	-8.3703e-08
14.341	59.543	-8.1103e-08
14.335	57.773	-7.8433e-08
14.329	55.172	-7.5748e-08
14.323	53.092	-7.3103e-08
14.318	51.12	-7.0421e-08
14.313	48.828	-6.7799e-08
14.309	47.381	-6.52e-08
14.305	45.947	-6.2592e-08
14.301	43.885	-6.0024e-08
14.298	42.228	-5.7541e-08
14.294	40.638	-5.5068e-08
14.291	38.817	-5.2688e-08
14.288	37.665	-5.0365e-08
14.286	36.532	-4.8066e-08
14.283	34.876	-4.5832e-08
14.281	33.292	-4.3698e-08
14.279	32.297	-4.1631e-08
14.277	31.088	-3.9598e-08
14.275	29.901	-3.7666e-08
14.273	29	-3.5772e-08
14.271	27.679	-3.3949e-08
14.27	26.417	-3.2223e-08
14.269	25.621	-3.0564e-08
14.267	24.654	-2.8946e-08
14.266	23.704	-2.742e-08
14.265	22.986	-2.5934e-08
14.264	21.931	-2.4513e-08
14.263	20.924	-2.3177e-08
14.262	20.286	-2.19e-08
14.261	19.51	-2.0662e-08
14.26	18.759	-1.95e-08
14.259	18.183	-1.8376e-08
14.258	17.337	-1.7305e-08
14.258	16.535	-1.6304e-08
14.257	16.025	-1.5351e-08
14.256	15.53	-1.443e-08
14.256	14.809	-1.3557e-08
14.255	14.225	-1.274e-08
14.255	13.676	-1.1955e-08
14.254	13.041	-1.1221e-08
14.254	12.626	-1.0526e-08
14.253	12.229	-9.8569e-09
14.253	11.658	-9.2239e-09
14.253	11.189	-8.6345e-09
14.252	10.754	-8.0681e-09
14.252	10.245	-7.5413e-09
14.252	9.9185	-7.0433e-09
14.251	9.5981	-6.5654e-09
14.251	9.1421	-6.1146e-09
14.251	8.7733	-5.696e-09
14.25	8.4234	-5.2949e-09
14.25	8.0195	-4.9229e-09
14.25	7.7573	-4.5723e-09
14.25	7.5009	-4.2368e-09
14.249	7.138	-3.9214e-09
14.249	6.7907	-3.6295e-09
14.249	6.5656	-3.3552e-09
14.249	6.2968	-3.0933e-09
14.249	6.0349	-2.8516e-09
14.248	5.8283	-2.6212e-09
14.248	5.5403	-2.4055e-09
14.248	5.2667	-2.2069e-09
14.248	5.0853	-2.021e-09
14.248	4.8692	-1.8446e-09
14.248	4.6615	-1.6827e-09
14.247	4.4976	-1.5295e-09
14.247	4.269	-1.3869e-09
14.247	4.051	-1.2565e-09
14.247	3.9063	-1.1355e-09
14.247	3.7358	-1.0216e-09
14.247	3.5715	-9.1799e-10
14.247	3.4403	-8.2083e-10
14.247	3.2607	-7.314e-10
14.246	3.09	-6.5056e-10
14.246	2.9757	-5.764e-10
14.246	2.8639	-5.0753e-10
14.246	2.7113	-4.4481e-10
14.246	2.5868	-3.8873e-10
14.246	2.4707	-3.3712e-10
14.246	2.3384	-2.9132e-10
14.246	2.2501	-2.5013e-10
14.246	2.1628	-2.127e-10
14.246	2.0487	-1.7943e-10
14.245	1.9528	-1.5046e-10
14.245	1.8624	-1.2456e-10
14.245	1.7645	-1.0231e-10
14.245	1.698	-8.3011e-11
14.245	1.6341	-6.6164e-11
14.245	1.5483	-5.1862e-11
14.245	1.4776	-4.0041e-11
14.245	1.4127	-3.0092e-11
14.245	1.3401	-2.2111e-11
14.245	1.2925	-1.5739e-11
14.245	1.2472	-1.0696e-11
14.245	1.1859	-6.8971e-12
14.245	1.1372	-4.1866e-12
14.245	1.0922	-2.2951e-12
14.245	1.0411	-1.1202e-12
14.244	1.0101	-4.5752e-13
14.244	0.98108	-1.5616e-13
14.244	0.93898	-7.7048e-14
14.244	0.90027	-7.3173e-14
14.244	0.87835	-1.2884e-14
14.244	0.85192	2.3699e-13
14.244	0.82691	7.8854e-13
14.244	0.81104	1.7737e-12
14.244	0.7844	3.2963e-12
14.244	0.75978	5.4194e-12
14.244	0.7494	8.2552e-12
14.244	0.73491	1.1952e-11
14.244	0.72164	1.6475e-11
14.244	0.71586	2.2041e-11
14.244	0.70004	2.8657e-11
14.244	0.692	3.6251e-11
14.244	0.68478	4.5127e-11
14.244	0.6791	5.5049e-11
14.244	0.67461	6.6383e-11
14.244	0.66574	7.8803e-11
14.244	0.66887	9.2511e-11
14.244	0.66775	1.0779e-10
14.244	0.66717	1.2416e-10
14.244	0.67313	1.4218e-10
14.244	0.66945	1.6161e-10
14.244	0.67205	1.821e-10
14.243	0.67491	2.0432e-10
14.243	0.67844	2.2755e-10
14.243	0.68302	2.5255e-10
14.243	0.68239	2.7849e-10
14.243	0.69323	3.0576e-10
14.243	0.69961	3.3479e-10
14.243	0.70615	3.6466e-10
14.243	0.71296	3.9627e-10
14.243	0.71995	4.2862e-10
14.243	0.73352	4.6269e-10
14.243	0.73603	4.9795e-10
14.243	0.74447	5.3375e-10
14.243	0.75333	5.7121e-10
14.243	0.76199	6.0909e-10
14.243	0.77068	6.4858e-10
14.243	0.7737	6.8835e-10
14.243	0.78947	7.2898e-10
14.243	0.79904	7.7109e-10
14.243	0.80899	8.1329e-10
14.243	0.81849	8.5687e-10
14.243	0.82839	9.0041e-10
14.243	0.84457	9.4523e-10
14.243	0.84768	9.9056e-10
14.243	0.85826	1.0356e-09
14.243	0.86797	1.0818e-09
14.243	0.87755	1.1276e-09
14.243	0.8878	1.1744e-09
14.243	0.89009	1.2206e-09
14.243	0.90717	1.2669e-09
14.243	0.91664	1.3141e-09
14.243	0.92605	1.3604e-09
14.243	0.93616	1.4075e-09
14.243	0.94563	1.4537e-09
14.243	0.96169	1.5004e-09
14.243	0.96353	1.5468e-09
14.243	0.9727	1.5921e-09
14.243	0.98081	1.6378e-09
14.243	0.98199	1.6823e-09
14.243	0.99882	1.7261e-09
14.243	1.0058	1.7702e-09
14.243	1.0147	1.8129e-09
14.243	1.0231	1.8556e-09
14.243	1.0301	1.8968e-09
14.243	1.0457	1.9379e-09
14.243	1.0451	1.978e-09
14.243	1.0521	2.0167e-09
14.243	1.059	2.0549e-09
14.243	1.0656	2.0915e-09
14.243	1.072	2.1275e-09
14.243	1.0693	2.1618e-09
14.243	1.084	2.195e-09
14.243	1.0895	2.2273e-09
14.243	1.095	2.258e-09
14.243	1.1	2.2878e-09
14.243	1.105	2.3158e-09
14.243	1.1184	2.3428e-09
14.243	1.1139	2.3684e-09
14.243	1.1178	2.392e-09
14.243	1.1219	2.4145e-09
14.243	1.1254	2.4352e-09
14.243	1.1287	2.4546e-09
14.243	1.1224	2.4722e-09
14.243	1.1343	2.4882e-09
14.243	1.1365	2.5026e-09
14.243	1.1389	2.5154e-09
14.243	1.1406	2.5266e-09
14.243	1.1423	2.5359e-09
14.243	1.1526	2.5437e-09
14.243	1.1446	2.5498e-09
14.243	1.1453	2.5541e-09
14.243	1.1458-5.2002e-07i	2.5567e-09
14.243	1.127-1.5601e-06i	2.5575e-09
