3000	320.43	-127.22
2857.8	316.72	-131.99
2724.1	310.24	-135.79
2598.6	306.34	-138.49
2480.9	297.16	-139.89
2370.5	292.07	-139.99
2267.2	281.72	-138.66
2170.5	275.14	-136.07
2080	264.39	-132.14
1995.2	256.85	-127.19
1915.7	246.27	-121.2
1841.3	238.2	-114.56
1771.3	228.27	-107.29
1705.5	220.14	-99.759
1643.6	211.48	-91.987
1585.1	203.67	-84.305
1529.9	196.35	-76.691
1477.5	189.73	-69.401
1427.8	183.81	-62.398
1380.5	177.98	-55.845
1335.5	173.5	-49.697
1292.5	168.99	-44.051
1251.3	165.39	-38.851
1211.9	161.86	-34.143
1174	159.3	-29.874
1137.6	156.55	-26.056
1102.6	154.68	-22.64
1068.8	152.69	-19.613
1036.2	151.33	-16.934
1004.7	149.84	-14.583
974.32	148.93	-12.522
944.89	147.87	-10.727
916.4	147.27	-9.1656
888.8	146.55	-7.8159
862.04	146.16	-6.6503
836.1	145.7	-5.6486
810.93	145.47	-4.789
786.51	145.18	-4.0543
762.81	145.07	-3.4268
739.79	144.86	-2.8928
717.44	144.83	-2.4389
695.73	144.77	-2.054
674.64	144.75	-1.7281
654.15	144.69	-1.4526
634.25	144.76	-1.22
614.91	144.76	-1.0239
596.13	144.81	-0.85877
577.87	144.87	-0.71982
560.14	144.91	-0.60303
542.91	144.9	-0.50496
526.18	144.98	-0.42265
509.93	145.07	-0.35363
494.15	145.21	-0.29577
478.82	145.37	-0.24731
463.94	145.37	-0.20673
449.49	145.46	-0.17276
435.47	145.78	-0.14434
421.86	145.94	-0.12057
408.65	146.15	-0.1007
395.84	146.45	-0.084088
383.41	146.73	-0.070205
371.36	147.08	-0.058605
359.67	147.46	-0.048914
348.34	147.9	-0.04082
337.35	148.39	-0.03406
326.71	148.92	-0.028416
316.38	149.5	-0.023705
306.38	150.12	-0.019772
296.69	150.79	-0.01649
287.31	151.53	-0.013752
278.21	152.3	-0.011467
269.4	153.11	-0.0095605
260.87	153.96	-0.0079707
252.6	154.84	-0.0066445
244.6	155.76	-0.0055391
236.85	156.75	-0.004617
229.34	157.73	-0.0038485
222.07	158.73	-0.0032078
215.03	159.77	-0.0026737
208.22	160.8	-0.0022286
201.61	161.89	-0.0018576
195.22	162.98	-0.0015484
189.03	164.07	-0.0012908
183.03	165.2	-0.001076
177.23	166.32	-0.0008971
171.6	167.46	-0.000748
166.16	168.57	-0.00062374
160.88	169.69	-0.00052018
155.77	170.83	-0.00043386
150.82	171.98	-0.00036192
146.02	173.16	-0.00030196
141.38	174.31	-0.00025196
136.88	175.37	-0.00021029
132.52	176.47	-0.00017553
128.29	177.63	-0.00014655
124.2	178.79	-0.00012238
120.24	179.99	-0.00010221
116.39	181.15	-8.5387e-05
112.67	182.17	-7.1346e-05
109.07	183.27	-5.9627e-05
105.57	184.44	-4.9844e-05
102.18	185.55	-4.1674e-05
98.904	186.71	-3.4852e-05
95.726	187.84	-2.9155e-05
92.646	188.95	-2.4392e-05
89.663	190.08	-2.0413e-05
86.772	191.23	-1.7087e-05
83.972	192.4	-1.4306e-05
81.259	193.53	-1.198e-05
78.631	194.7	-1.0034e-05
76.086	195.88	-8.4068e-06
73.62	197.05	-7.0444e-06
71.232	198.24	-5.9042e-06
68.92	199.43	-4.9494e-06
66.68	200.65	-4.1499e-06
64.512	201.89	-3.4802e-06
62.412	203.12	-2.9191e-06
60.379	204.38	-2.4489e-06
58.411	205.63	-2.0547e-06
56.506	206.94	-1.7243e-06
54.661	208.27	-1.4472e-06
52.876	209.52	-1.2148e-06
51.149	210.87	-1.0199e-06
49.477	212.18	-8.5638e-07
47.859	213.49	-7.1915e-07
46.293	214.96	-6.0397e-07
44.779	216.28	-5.0729e-07
43.313	217.64	-4.2612e-07
41.896	219.04	-3.5796e-07
40.525	220.38	-3.0073e-07
39.198	221.85	-2.5266e-07
37.916	223.2	-2.1229e-07
36.675	224.48	-1.7836e-07
35.476	225.91	-1.4987e-07
34.316	227.3	-1.2592e-07
33.195	228.58	-1.058e-07
32.111	230.03	-8.889e-08
31.063	231.31	-7.4678e-08
30.051	232.48	-6.2733e-08
29.073	233.8	-5.2694e-08
28.127	235.02	-4.4257e-08
27.214	236.21	-3.7163e-08
26.332	237.36	-3.12e-08
25.481	238.46	-2.6188e-08
24.659	239.51	-2.1976e-08
23.865	240.52	-1.8435e-08
23.099	241.45	-1.5459e-08
22.36	242.32	-1.2957e-08
21.647	243.12	-1.0855e-08
20.959	243.82	-9.0885e-09
20.297	244.49	-7.6042e-09
19.658	245.07	-6.3577e-09
19.042	245.48	-5.3108e-09
18.45	245.87	-4.4319e-09
17.879	246.17	-3.6941e-09
17.33	246.33	-3.0752e-09
16.801	246.35	-2.5561e-09
16.293	246.27	-2.1211e-09
15.804	246.08	-1.7565e-09
15.334	245.69	-1.4514e-09
14.883	245.93	-1.1961e-09
14.45	244.56	-9.8075e-10
14.035	243.87	-8.0467e-10
13.636	242.94	-6.5462e-10
13.254	240.56	-5.3229e-10
12.887	240.68	-4.3047e-10
12.536	240.56	-3.4409e-10
12.2	237.64	-2.7291e-10
11.878	235.97	-2.1524e-10
11.571	234.02	-1.6705e-10
11.276	230.71	-1.2813e-10
10.995	229.79	-9.6371e-11
10.726	228.6	-7.0186e-11
10.47	224.81	-4.8918e-11
10.225	220.88	-3.2372e-11
9.9911	219.31	-1.9102e-11
9.7683	216.3	-8.5741e-12
9.5559	213.2	-5.6949e-13
9.3536	211.11	5.4471e-12
9.1608	206.5	9.9094e-12
8.9773	201.9	1.3036e-11
8.8027	199.52	1.4999e-11
8.6366	195.82	1.6201e-11
8.4786	192.09	1.6769e-11
8.3284	189.34	1.6763e-11
8.1857	184.33	1.62e-11
8.0502	179.4	1.5495e-11
7.9214	176.55	1.4552e-11
7.7992	172.55	1.346e-11
7.6832	168.58	1.2235e-11
7.5732	165.55	1.0981e-11
7.4688	160.53	9.6272e-12
7.3698	155.64	8.4735e-12
7.2759	152.69	7.2694e-12
7.187	149.66	6.0696e-12
7.1027	144.84	5.0157e-12
7.0229	141.02	4.0626e-12
6.9472	137.23	3.1608e-12
6.8756	132.66	2.4283e-12
6.8078	129.86	1.7632e-12
6.7437	127.04	1.2117e-12
6.6829	122.69	6.4991e-13
6.6254	119.25	3.1611e-13
6.5711	115.84	6.2737e-14
6.5196	111.75	-8.1493e-14
6.471	109.29	-7.8383e-14
6.425	106.86	-2.8559e-13
6.3815	103.07	-4.1189e-13
6.3404	100.05	-7.0736e-13
6.3015	97.085	-9.0484e-13
6.2647	93.569	-1.2546e-12
6.23	91.461	-1.4901e-12
6.1972	89.404	-1.8e-12
6.1661	86.149	-2.0846e-12
6.1368	83.601	-2.3171e-12
6.1091	81.101	-2.5339e-12
6.083	78.106	-2.7771e-12
6.0583	76.384	-2.935e-12
6.0349	74.65	-3.1077e-12
6.0129	71.897	-3.2701e-12
5.992	69.247	-3.4175e-12
5.9724	67.692	-3.4521e-12
5.9538	65.689	-3.5359e-12
5.9363	63.727	-3.6091e-12
5.9197	62.296	-3.6134e-12
5.904	59.995	-3.6302e-12
5.8893	57.777	-3.605e-12
5.8753	56.49	-3.5821e-12
5.8621	54.822	-3.5384e-12
5.8497	53.185	-3.4827e-12
5.8379	52.001	-3.4163e-12
5.8268	50.074	-3.3239e-12
5.8164	48.219	-3.2387e-12
5.8065	47.16	-3.1262e-12
5.7971	45.773	-3.0148e-12
5.7883	44.4	-2.9094e-12
5.7799	43.421	-2.7734e-12
5.7721	41.815	-2.6626e-12
5.7646	40.262	-2.5289e-12
5.7576	39.379	-2.4086e-12
5.751	38.512	-2.2949e-12
5.7447	37.081	-2.153e-12
5.7388	35.977	-2.0281e-12
5.7332	34.914	-1.9167e-12
5.7279	33.614	-1.7969e-12
5.7229	32.887	-1.6749e-12
5.7182	32.162	-1.5555e-12
5.7138	30.96	-1.4451e-12
5.7095	30.031	-1.3423e-12
5.7056	29.148	-1.2432e-12
5.7018	28.076	-1.139e-12
5.6982	27.445	-1.0519e-12
5.6949	26.833	-9.5474e-13
5.6917	25.84	-8.6918e-13
5.6887	25.059	-7.9456e-13
5.6858	24.336	-7.0892e-13
5.6832	23.424	-6.5183e-13
5.6806	22.891	-6.0382e-13
5.6782	22.391	-5.2279e-13
5.6759	21.552	-4.6444e-13
5.6738	20.742	-4.2708e-13
5.6717	20.281	-3.8211e-13
5.6698	19.681	-3.2937e-13
5.668	19.086	-3.0591e-13
5.6662	18.662	-2.5507e-13
5.6646	17.96	-2.2299e-13
5.663	17.282	-1.8902e-13
5.6616	16.896	-1.6957e-13
5.6602	16.391	-1.4959e-13
5.6589	15.896	-1.264e-13
5.6576	15.539	-1.122e-13
5.6564	14.948	-8.263e-14
5.6553	14.384	-6.2297e-14
5.6542	14.061	-6.8275e-14
5.6532	13.639	-5.7601e-14
5.6523	13.224	-4.1784e-14
5.6514	12.926	-3.4218e-14
5.6505	12.437	-2.9251e-14
5.6497	11.958	-2.4315e-14
5.6489	11.689	-1.8581e-14
5.6482	11.431	-1.174e-14
5.6475	10.994	-1.8145e-14
5.6468	10.655	-9.4938e-15
5.6462	10.334	-5.9384e-15
5.6456	9.9403	-7.375e-15
5.645	9.7158	-3.2648e-15
5.6444	9.4942	-4.9374e-15
5.6439	9.1307	-3.5686e-16
5.6434	8.8517	1.9073e-16
5.643	8.5834	-4.2296e-16
5.6425	8.2563	-1.2613e-15
5.6421	8.0724	1.8494e-15
5.6417	7.8865	1.4349e-15
5.6413	7.5889	-8.967e-16
5.641	7.3566	-9.4745e-17
5.6406	7.1323	5.0079e-16
5.6403	6.8578	2.495e-15
5.64	6.7055	1.4327e-15
5.6397	6.5581	2.0258e-15
5.6394	6.3072	3.405e-15
5.6391	6.1154	3.3676e-15
5.6389	5.9329	3.3383e-15
5.6386	5.7078	6.4138e-15
5.6384	5.5809	7.3503e-15
5.6381	5.4579	9.8632e-15
5.6379	5.2526	9.3757e-15
5.6377	5.0545	1.3461e-14
5.6375	4.9449	1.7085e-14
5.6374	4.7999	1.9612e-14
5.6372	4.6569	2.1887e-14
5.637	4.5559	2.4866e-14
5.6368	4.3881	2.8101e-14
5.6367	4.2258	3.1983e-14
5.6366	4.1368	3.5833e-14
5.6364	4.0186	3.9521e-14
5.6363	3.9029	4.5467e-14
5.6362	3.8226	4.9145e-14
5.636	3.6848	5.4059e-14
5.6359	3.5797	5.8692e-14
5.6358	3.4822	6.4465e-14
5.6357	3.3855	7.0086e-14
5.6356	3.2932	7.5164e-14
5.6355	3.1775	8.0962e-14
5.6354	3.1173	8.7322e-14
5.6353	3.036	9.4583e-14
5.6353	2.9572	1.0069e-13
5.6352	2.9032	1.0615e-13
5.6351	2.8055	1.1345e-13
5.635	2.7347	1.2114e-13
5.635	2.6678	1.2812e-13
5.6349	2.6012	1.3555e-13
5.6348	2.5406	1.4273e-13
5.6348	2.4601	1.5093e-13
5.6347	2.4224	1.5934e-13
5.6347	2.3677	1.6685e-13
5.6346	2.3142	1.754e-13
5.6346	2.2661	1.8414e-13
5.6345	2.2169	1.9238e-13
5.6345	2.1873	2.0074e-13
5.6345	2.128	2.0967e-13
5.6344	2.0848	2.19e-13
5.6344	2.0445	2.2771e-13
5.6343	2.0082	2.3607e-13
5.6343	1.9715	2.4649e-13
5.6343	1.9204	2.5525e-13
5.6343	1.9056	2.654e-13
5.6342	1.8734	2.7369e-13
5.6342	1.8442	2.842e-13
5.6342	1.8177	2.9437e-13
5.6342	1.7905	3.0415e-13
5.6341	1.7798	3.1343e-13
5.6341	1.7427	3.2324e-13
5.6341	1.7205	3.3269e-13
5.6341	1.6998	3.4294e-13
5.6341	1.6803	3.5281e-13
5.634	1.6623	3.6226e-13
5.634	1.6319	3.7255e-13
5.634	1.6294	3.8261e-13
5.634	1.6142	3.9183e-13
5.634	1.6004	4.0157e-13
5.634	1.5874	4.1145e-13
5.634	1.5753	4.2077e-13
5.634	1.5768	4.3042e-13
5.634	1.5539	4.4032e-13
5.6339	1.5442	4.4988e-13
5.6339	1.5354	4.5916e-13
5.6339	1.5152	4.6873e-13
5.6339	1.5201	4.7835e-13
5.6339	1.5132	4.8622e-13
5.6339	1.5072	4.9508e-13
5.6339	1.5015	5.0387e-13
5.6339	1.4965	5.1224e-13
5.6339	1.5038	5.2095e-13
5.6339	1.4876	5.2884e-13
5.6339	1.4841	5.3676e-13
5.6339	1.4806	5.4492e-13
5.6339	1.4776	5.5177e-13
5.6339	1.4751	5.5939e-13
5.6339	1.461	5.6652e-13
5.6339	1.4713	5.7304e-13
5.6339	1.4689	5.804e-13
5.6339	1.4674	5.8557e-13
5.6339	1.4666	5.9203e-13
5.6339	1.4654	5.9801e-13
5.6339	1.476	6.0326e-13
5.6339	1.4636	6.0879e-13
5.6339	1.463	6.1338e-13
5.6339	1.4624	6.1806e-13
5.6339	1.462	6.2225e-13
5.6339	1.4616	6.2564e-13
5.6339	1.4497	6.2949e-13
5.6339	1.4614	6.3283e-13
5.6339	1.4612	6.3601e-13
5.6339	1.461	6.3813e-13
5.6339	1.461	6.4075e-13
5.6339	1.4609	6.4272e-13
5.6339	1.4725	6.442e-13
5.6339	1.4609	6.4537e-13
5.6339	1.461	6.4636e-13
5.6339	1.4609-2.9989e-06i	6.4649e-13
5.6339	1.437-8.9968e-06i	6.4727e-13
