3000	216.35	-102.79
2888.8	221.37	-99.926
2784.2	212.27	-96.419
2685.3	206.11	-92.414
2591.9	197.48	-87.916
2503.6	190.72	-83.14
2420.1	183.08	-78.072
2340.9	176.55	-72.926
2265.8	170.01	-67.688
2194.4	164.11	-62.528
2126.5	158.67	-57.435
2061.7	153.65	-52.532
1999.8	149.06	-47.807
1940.7	144.75	-43.345
1884	141.25	-39.122
1829.7	137.72	-35.193
1777.5	134.9	-31.531
1727.3	132.08	-28.166
1678.9	129.93	-25.069
1632.3	127.61	-22.252
1587.4	125.93	-19.687
1543.9	124.09	-17.376
1501.9	122.84	-15.291
1461.2	121.54	-13.427
1421.8	120.52	-11.759
1383.6	119.44	-10.278
1346.6	118.72	-8.9626
1310.7	117.92	-7.8013
1275.8	117.4	-6.777
1241.9	116.8	-5.8776
1209	116.4	-5.0886
1177	115.94	-4.3991
1145.8	115.66	-3.7974
1115.6	115.35	-3.2737
1086.1	115.16	-2.8187
1057.5	114.95	-2.4242
1029.6	114.84	-2.0827
1002.4	114.66	-1.7876
976.02	114.59	-1.5329
950.29	114.53	-1.3134
925.24	114.49	-1.1244
900.85	114.44	-0.96199
877.09	114.46	-0.82248
853.95	114.45	-0.70281
831.41	114.49	-0.60024
809.46	114.51	-0.51235
788.07	114.57	-0.43719
767.23	114.61	-0.37286
746.93	114.67	-0.3179
727.15	114.8	-0.27095
707.87	114.86	-0.23087
689.09	114.94	-0.19666
670.79	115.09	-0.16749
652.96	115.25	-0.14261
635.58	115.35	-0.12141
618.64	115.45	-0.10334
602.13	115.65	-0.087953
586.04	115.81	-0.074845
570.36	116	-0.063685
555.07	116.16	-0.054185
540.17	116.32	-0.046099
525.64	116.47	-0.039218
511.48	116.67	-0.033364
497.68	117.01	-0.028383
484.22	117.22	-0.024146
471.09	117.32	-0.020541
458.3	117.56	-0.017475
445.82	117.81	-0.014868
433.65	118.06	-0.012649
421.79	118.29	-0.010763
410.22	118.52	-0.0091583
398.94	118.76	-0.0077936
387.94	119	-0.0066329
377.21	119.23	-0.0056455
366.75	119.47	-0.0048057
356.55	119.69	-0.0040912
346.6	119.89	-0.0034835
336.9	120.13	-0.0029664
327.44	120.33	-0.0025263
318.22	120.53	-0.0021519
309.22	120.73	-0.0018332
300.45	120.91	-0.0015621
291.9	121.08	-0.0013312
283.57	121.26	-0.0011346
275.45	121.42	-0.00096727
267.53	121.57	-0.00082473
259.81	121.77	-0.00070332
252.3	121.9	-0.00059989
244.97	122.07	-0.00051178
237.84	122.27	-0.0004367
230.89	122.42	-0.0003727
224.13	122.63	-0.00031814
217.54	122.87	-0.00027162
211.13	123.13	-0.00023194
204.89	123.36	-0.0001981
198.82	123.66	-0.00016923
192.92	124.02	-0.0001446
187.17	124.31	-0.00012356
181.59	124.74	-0.00010561
176.16	125.25	-9.0289e-05
170.88	125.75	-7.7196e-05
165.75	126.32	-6.6015e-05
160.76	126.89	-5.6462e-05
155.92	127.58	-4.8299e-05
151.21	128.32	-4.1323e-05
146.64	129.03	-3.5359e-05
142.21	129.83	-3.026e-05
137.9	130.73	-2.5901e-05
133.72	131.78	-2.2172e-05
129.66	132.75	-1.8982e-05
125.72	133.73	-1.6254e-05
121.89	134.85	-1.3919e-05
118.18	135.98	-1.1921e-05
114.58	137.14	-1.0211e-05
111.09	138.37	-8.7476e-06
107.7	139.64	-7.4948e-06
104.41	140.95	-6.4219e-06
101.22	142.27	-5.5033e-06
98.127	143.63	-4.7165e-06
95.124	145.02	-4.0428e-06
92.212	146.44	-3.4654e-06
89.386	147.88	-2.9711e-06
86.645	149.36	-2.5475e-06
83.986	150.82	-2.1846e-06
81.407	152.34	-1.8735e-06
78.904	153.84	-1.607e-06
76.475	155.35	-1.3785e-06
74.119	156.92	-1.1827e-06
71.833	158.5	-1.0148e-06
69.615	160.05	-8.7089e-07
67.462	161.64	-7.4747e-07
65.374	163.25	-6.4159e-07
63.347	164.82	-5.5081e-07
61.38	166.45	-4.7295e-07
59.471	168.07	-4.0615e-07
57.618	169.71	-3.4883e-07
55.82	171.38	-2.9966e-07
54.075	173.06	-2.5744e-07
52.381	174.7	-2.2122e-07
50.737	176.41	-1.9011e-07
49.142	178.1	-1.6342e-07
47.593	179.85	-1.4049e-07
46.09	181.64	-1.208e-07
44.631	183.37	-1.0388e-07
43.216	185.12	-8.9351e-08
41.841	187.01	-7.6866e-08
40.508	188.88	-6.6136e-08
39.214	190.67	-5.6913e-08
37.958	192.59	-4.8985e-08
36.739	194.56	-4.2168e-08
35.557	196.62	-3.6304e-08
34.41	198.53	-3.1262e-08
33.296	200.55	-2.6924e-08
32.216	202.72	-2.3191e-08
31.169	204.84	-1.9979e-08
30.152	207.04	-1.7214e-08
29.166	209.28	-1.4834e-08
28.21	211.56	-1.2785e-08
27.282	213.92	-1.102e-08
26.383	216.33	-9.5e-09
25.51	219.38	-8.1902e-09
24.664	221.24	-7.0498e-09
23.844	223.93	-6.0896e-09
23.049	226.47	-5.2421e-09
22.277	228.04	-4.5287e-09
21.529	232.13	-3.9126e-09
20.804	236.15	-3.3685e-09
20.102	237.8	-2.9002e-09
19.42	240.9	-2.5055e-09
18.76	243.89	-2.1568e-09
18.12	245.87	-1.8629e-09
17.499	250.43	-1.609e-09
16.898	255	-1.3842e-09
16.315	257.06	-1.1907e-09
15.75	259.3	-1.0274e-09
15.202	264.28	-8.863e-10
14.672	267.9	-7.6136e-10
14.157	271.78	-6.5588e-10
13.659	276.91	-5.6263e-10
13.177	279.51	-4.8223e-10
12.709	282.33	-4.1441e-10
12.256	287.94	-3.555e-10
11.818	292.11	-3.0344e-10
11.393	296.66	-2.5949e-10
10.981	302.54	-2.2062e-10
10.583	305.64	-1.8698e-10
10.198	308.98	-1.5874e-10
9.8243	315.52	-1.3423e-10
9.4631	320.42	-1.1234e-10
9.1136	325.65	-9.4331e-11
8.7755	332.34	-7.8048e-11
8.4485	336.17	-6.4058e-11
8.1323	340.31	-5.2492e-11
7.8267	347.53	-4.2222e-11
7.5313	354.94	-3.3408e-11
7.2459	359.31	-2.5639e-11
6.9702	365.49	-1.9333e-11
6.704	371.61	-1.3935e-11
6.447	376.53	-9.1957e-12
6.199	384.83	-5.4109e-12
5.9598	393.04	-1.9695e-12
5.7291	398.1	7.6735e-13
5.5068	405.21	3.1695e-12
5.2925	412.16	4.9527e-12
5.086	417.77	6.3698e-12
4.8872	426.94	7.5985e-12
4.6959	435.98	8.5922e-12
4.5118	441.6	9.0816e-12
4.3348	449.36	9.4158e-12
4.1645	456.88	9.3706e-12
4.0009	462.9	9.7394e-12
3.8437	472.6	9.2477e-12
3.6928	482.17	9.2712e-12
3.5479	487.93	8.4165e-12
3.4089	495.86	8.2994e-12
3.2755	503.39	7.8317e-12
3.1477	509.21	6.7484e-12
3.0251	518.99	6.3017e-12
2.9077	528.24	5.4146e-12
2.7953	533.39	4.5247e-12
2.6876	538.78	3.7467e-12
2.5846	547.97	2.7728e-12
2.486	554.54	2.2434e-12
2.3917	561.25	1.802e-12
2.3016	569.47	7.4812e-13
2.2154	573.1	7.1212e-13
2.1331	576.74	-2.049e-14
2.0545	584.34	-5.6521e-13
1.9794	589.07	-5.5566e-13
1.9077	593.93	-7.376e-13
1.8393	599.93	-2.1403e-12
1.774	601.15	-2.7615e-12
1.7118	602.32	-2.9615e-12
1.6524	607.15	-5.1455e-12
1.5958	609.17	-6.1648e-12
1.5418	611.15	-7.5398e-12
1.4904	614.22	-8.6532e-12
1.4414	612.12	-1.0692e-11
1.3947	610.07	-1.2416e-11
1.3503	612.14	-1.3703e-11
1.308	612.93	-1.5824e-11
1.2677	608.48	-1.7318e-11
1.2294	606.46	-1.9486e-11
1.1929	603.39	-2.1421e-11
1.1581	597.58	-2.3403e-11
1.1251	596.15	-2.4877e-11
1.0937	593.9	-2.6737e-11
1.0638	586.28	-2.8961e-11
1.0353	580.83	-2.9902e-11
1.0083	574.65	-3.158e-11
0.9826	565.78	-3.2574e-11
0.95816	561.37	-3.4357e-11
0.93493	556.35	-3.6015e-11
0.91285	546.07	-3.6961e-11
0.89187	538.08	-3.7258e-11
0.87193	529.52	-3.8671e-11
0.85298	518.58	-3.8599e-11
0.83497	512.08	-3.9587e-11
0.81786	505.11	-3.9891e-11
0.80161	493.26	-4.0053e-11
0.78617	481.44	-3.9229e-11
0.7715	474.17	-4.0199e-11
0.75757	464.33	-4.0305e-11
0.74433	454.39	-3.9094e-11
0.73176	446.6	-3.7941e-11
0.71982	434.35	-3.7896e-11
0.70848	422.19	-3.6715e-11
0.69771	414.45	-3.5476e-11
0.68749	404.43	-3.4624e-11
0.67777	394.66	-3.3433e-11
0.66855	386.9	-3.1816e-11
0.65979	374.94	-3.0543e-11
0.65147	363.38	-3.0088e-11
0.64357	355.91	-2.8164e-11
0.63606	346.6	-2.6866e-11
0.62894	337.43	-2.5412e-11
0.62217	330.18	-2.3951e-11
0.61574	319.35	-2.2485e-11
0.60964	308.79	-2.1019e-11
0.60384	302.06	-2.0432e-11
0.59833	295.41	-1.7556e-11
0.5931	285.62	-1.6375e-11
0.58813	277.56	-1.5192e-11
0.58342	269.61	-1.5685e-11
0.57893	260.43	-1.2738e-11
0.57468	254.64	-1.4092e-11
0.57063	248.93	-1.2123e-11
0.56679	240.26	-1.0393e-11
0.56314	233.37	-9.5826e-12
0.55967	226.66	-8.5304e-12
0.55637	218.67	-6.9377e-12
0.55324	213.79	-7.9243e-12
0.55026	208.97	-6.7549e-12
0.54744	201.55	-4.2479e-12
0.54475	195.7	-4.5245e-12
0.54219	190.03	-5.8064e-12
0.53977	183.23	-2.9788e-12
0.53746	179.13	-4.0552e-12
0.53526	175.14	-3.0995e-12
0.53318	168.83	-3.5444e-12
0.53119	163.89	-1.6597e-12
0.52931	159.13	-7.4373e-13
0.52752	153.36	-1.9636e-12
0.52581	149.94	-6.3723e-13
0.52419	146.63	-1.1987e-12
0.52265	141.33	-1.5094e-12
0.52118	136.15	-7.0368e-13
0.51979	133.14	-4.687e-13
0.51846	129.28	-9.1663e-13
0.5172	125.48	-3.1175e-14
0.516	122.7	-5.3266e-13
0.51486	118.21	2.1151e-13
0.51378	113.92	1.5853e-13
0.51275	111.4	2.522e-14
0.51176	108.12	-6.934e-13
0.51083	104.99	-2.8886e-14
0.50994	102.7	-6.2967e-13
0.5091	98.954	-1.3223e-13
0.50829	96.036	-1.7502e-14
0.50753	93.239	-6.643e-13
0.5068	90.575	2.2027e-13
0.50611	88.001	-1.8973e-13
0.50546	84.776	3.9371e-13
0.50483	82.934	-1.6592e-13
0.50424	80.613	4.2155e-13
0.50367	78.362	2.8987e-13
0.50314	76.701	-1.3722e-13
0.50263	73.931	1.6792e-13
0.50214	71.874	-6.9596e-14
0.50168	69.942	3.3368e-13
0.50124	68.017	1.2572e-13
0.50083	66.162	2.9459e-13
0.50044	63.885	1.9081e-13
0.50006	62.682	3.5808e-13
0.49971	61.044	1.0235e-13
0.49937	59.462	6.3701e-13
0.49905	57.966	3.6639e-13
0.49875	56.503	9.2157e-13
0.49847	55.542	8.5692e-13
0.4982	53.792	8.7628e-13
0.49794	52.512	1.0155e-12
0.4977	51.306	1.1465e-12
0.49747	50.136	1.3331e-12
0.49725	49.042	1.356e-12
0.49705	47.625	1.4242e-12
0.49686	47.012	1.6834e-12
0.49668	46.072	1.8021e-12
0.4965	45.172	2.0147e-12
0.49634	44.331	2.0661e-12
0.49619	43.522	2.2063e-12
0.49605	43.099	2.3567e-12
0.49592	42.045	2.495e-12
0.49579	41.364	2.7348e-12
0.49567	40.758	2.8851e-12
0.49556	40.154	3.1265e-12
0.49546	39.595	3.1599e-12
0.49537	38.778	3.5015e-12
0.49528	38.617	3.6559e-12
0.49519	38.172	3.8357e-12
0.49512	37.744	4.0951e-12
0.49505	37.353	4.2522e-12
0.49498	37.003	4.4139e-12
0.49492	36.97	4.5352e-12
0.49486	36.36	4.6873e-12
0.49481	36.084	4.8679e-12
0.49476	35.839	5.1725e-12
0.49472	35.324	5.3521e-12
0.49468	35.395	5.5137e-12
0.49464	35.204	5.8864e-12
0.49461	35.05	5.8663e-12
0.49458	34.886	6.0969e-12
0.49455	34.745	6.3568e-12
0.49453	34.89	6.4426e-12
0.4945	34.506	6.5745e-12
0.49448	34.422	6.8118e-12
0.49447	34.336	6.8754e-12
0.49445	34.268	7.1586e-12
0.49444	34.205	7.2544e-12
0.49442	33.877	7.4775e-12
0.49441	34.112	7.6221e-12
0.4944	34.075	7.8035e-12
0.4944	34.044	7.8075e-12
0.49439	34.022	8.2222e-12
0.49438	34.008	8.0801e-12
0.49438	34.265	8.2388e-12
0.49437	33.98	8.3509e-12
0.49437	33.974	8.5733e-12
0.49437	33.975	8.4749e-12
0.49437	33.979	8.6633e-12
0.49437	33.975	8.7248e-12
0.49436	33.7	8.9418e-12
0.49436	33.983	9.0083e-12
0.49436	33.988	8.9802e-12
0.49436	33.99	9.0149e-12
0.49436	33.995	9.1349e-12
0.49436	33.999	9.2343e-12
0.49436	34.274	9.2807e-12
0.49436	34.006	9.2311e-12
0.49436	34.011	9.3721e-12
0.49436	34.01-0.00022261i	9.3002e-12
0.49436	33.454-0.00066782i	9.2379e-12
