45000	54.514	-0.65202
44047	49.479	-0.68074
43105	45.005	-0.71069
42172	44.179	-0.74268
41249	43.879	-0.77618
40336	44.04	-0.81179
39433	44.327	-0.84931
38540	44.88	-0.8892
37656	45.477	-0.93134
36782	46.287	-0.97616
35918	47.081	-1.0236
35063	48.075	-1.0741
34218	49.037	-1.1277
33384	50.188	-1.1849
32558	51.303	-1.2456
31743	52.63	-1.3104
30938	53.88	-1.3794
30142	55.332	-1.4532
29356	56.736	-1.5318
28581	58.379	-1.6161
27815	59.92	-1.7062
27059	61.711	-1.8028
26313	63.427	-1.9063
25577	65.412	-2.0175
24851	67.292	-2.1368
24135	69.471	-2.2653
23430	71.546	-2.4035
22734	73.936	-2.5526
22049	76.216	-2.7134
21374	78.867	-2.8872
20710	81.411	-3.0751
20055	84.316	-3.2787
19411	87.092	-3.4993
18778	90.325	-3.7389
18155	93.413	-3.9992
17542	96.986	-4.2826
16940	100.41	-4.5915
16349	104.37	-4.9286
15768	108.14	-5.297
15198	112.55	-5.7003
14639	116.82	-6.1422
14091	121.73	-6.6274
13553	126.44	-7.1608
13027	131.93	-7.7482
12512	137.22	-8.396
12007	143.4	-9.1116
11514	149.36	-9.9033
11032	156.24	-10.781
10562	162.88	-11.755
10102	170.65	-12.837
9654.5	178.19	-14.043
9218.2	186.92	-15.388
8793.4	195.4	-16.891
8380.3	205.27	-18.572
7978.8	214.84	-20.457
7589.2	225.96	-22.571
7211.4	236.79	-24.946
6845.5	249.34	-27.617
6491.6	261.54	-30.623
6149.8	275.64	-34.009
5819.9	289.36	-37.824
5502.3	305.13	-42.121
5196.8	320.45	-46.958
4903.6	337.89	-52.395
4622.5	354.75	-58.496
4353.6	373.65	-65.317
4096.9	391.82	-72.914
3852.4	411.7	-81.318
3619.9	430.44	-90.549
3399.4	450.04	-100.58
3190.7	467.97	-111.32
2993.8	485.4	-122.63
2808.3	500.29	-134.27
2634.1	512.71	-145.89
2470.8	521.63	-157.05
2318.2	526.76	-167.24
2175.7	528.71	-175.86
2043	528.71	-182.5
1919.5	528.71	-186.59
1804.7	528.71	-188.19
1698	528.71	-187.02
1598.8	528.71	-183.79
1506.6	528.71	-178.42
1420.7	528.71	-172.03
1340.7	528.71	-164.44
1266	528.71	-156.62
1196.2	528.71	-148.17
1130.9	528.71	-139.89
1069.6	528.71	-131.25
1012.2	528.71	-122.94
958.29	528.71	-114.51
907.56	528.71	-106.48
859.8	528.71	-98.503
814.8	528.71	-90.932
772.36	528.71	-83.57
732.29	528.71	-76.598
694.44	528.71	-69.927
658.67	528.71	-63.664
624.84	528.71	-57.749
592.83	528.71	-52.25
562.53	528.71	-47.123
533.84	528.71	-42.393
506.68	528.71	-38.027
480.94	528.71	-34.031
456.56	528.71	-30.374
433.46	528.71	-27.051
411.56	528.71	-24.033
390.81	528.71	-21.311
371.15	528.71	-18.854
352.51	528.71	-16.649
334.84	528.71	-14.673
318.09	528.71	-12.91
302.21	528.71	-11.338
287.16	528.71	-9.942
272.88	528.71	-8.7035
259.34	528.71	-7.6086
246.5	528.71	-6.6415
234.32	528.71	-5.7896
222.77	528.71	-5.0406
211.8	528.71	-4.3832
201.4	528.71	-3.807
191.52	528.71	-3.3031
182.14	528.71	-2.8628
173.23	528.71	-2.4788
164.77	528.71	-2.1443
156.73	528.71	-1.8534
149.1	528.71	-1.6005
141.84	528.71	-1.3811
134.94	528.71	-1.1909
128.38	528.71	-1.0262
122.15	528.71	-0.88367
116.22	528.71	-0.76046
110.59	528.71	-0.65402
105.23	528.71	-0.56214
100.13	528.71	-0.48291
95.291	528.71	-0.41461
90.687	528.71	-0.35577
86.31	528.71	-0.3051
82.151	528.71	-0.2615
78.198	528.71	-0.22401
74.444	528.71	-0.19178
70.877	528.71	-0.16408
67.491	528.71	-0.1403
64.277	528.71	-0.11988
61.227	528.71	-0.10237
58.334	528.71	-0.087345
55.591	528.71	-0.074464
52.991	528.71	-0.063432
50.527	528.71	-0.053986
48.194	528.71	-0.045903
45.984	528.71	-0.038992
43.894	528.71	-0.033084
41.916	528.71	-0.02804
40.046	528.71	-0.023737
38.278	528.71	-0.020068
36.608	528.71	-0.016945
35.03	528.71	-0.014287
33.541	528.71	-0.012028
32.136	528.71	-0.010111
30.81	528.71	-0.0084857
29.56	528.71	-0.0071097
28.382	528.71	-0.005934
27.271	528.71	-0.004964
26.225	528.71	-0.0041273
25.24	528.71	-0.003439
24.313	528.71	-0.0028595
23.44	528.71	-0.0023626
22.619	528.71	-0.0019477
21.847	528.71	-0.0016091
21.12	528.71	-0.0013209
20.438	528.71	-0.0010867
19.796	528.71	-0.00089195
19.193	528.71	-0.00072731
18.626	528.71	-0.00059171
18.094	528.71	-0.0004823
17.595	528.71	-0.00039221
17.126	528.71	-0.00031684
16.685	528.71	-0.00025643
16.272	528.71	-0.00020618
15.884	528.71	-0.00016538
15.521	528.71	-0.0001329
15.179	528.71	-0.00010656
14.859	528.71	-8.4862e-05
14.559	528.71	-6.7713e-05
14.278	528.71	-5.3671e-05
14.014	528.71	-4.2438e-05
13.766	528.71	-3.3621e-05
13.534	528.71	-2.6573e-05
13.317	528.71	-2.086e-05
13.113	528.71	-1.6406e-05
12.922	528.71	-1.2818e-05
12.743	528.71	-9.9894e-06
12.575	528.71	-7.8006e-06
12.418	528.71	-6.0768e-06
12.271	528.71	-4.7015e-06
12.133	528.71	-3.6281e-06
12.004	528.71	-2.804e-06
11.883	528.71	-2.15e-06
11.77	528.71	-1.6554e-06
11.664	528.71	-1.2755e-06
11.564	528.71	-9.8064e-07
11.471	528.71	-7.5755e-07
11.384	528.71	-5.9236e-07
11.302	528.71	-4.6678e-07
11.226	528.71	-3.7543e-07
11.154	528.71	-3.084e-07
11.087	528.71	-2.5918e-07
11.024	528.71	-2.2435e-07
10.965	528.71	-2.0061e-07
10.91	528.71	-1.843e-07
10.858	528.71	-1.7391e-07
10.81	528.71	-1.675e-07
10.765	528.71	-1.638e-07
10.722	528.71	-1.6201e-07
10.683	528.71	-1.6143e-07
10.646	528.71	-1.615e-07
10.611	528.71	-1.6186e-07
10.578	528.71	-1.6222e-07
10.548	528.71	-1.6241e-07
10.519	528.71	-1.6229e-07
10.492	528.71	-1.6181e-07
10.467	528.71	-1.6091e-07
10.443	528.71	-1.5954e-07
10.421	528.71	-1.5776e-07
10.401	528.71	-1.5551e-07
10.381	528.71	-1.5285e-07
10.363	528.71	-1.4987e-07
10.346	528.71	-1.4657e-07
10.33	528.71	-1.4291e-07
10.315	528.71	-1.3906e-07
10.301	528.71	-1.3493e-07
10.288	528.71	-1.306e-07
10.276	528.71	-1.2621e-07
10.264	528.71	-1.217e-07
10.253	528.71	-1.1702e-07
10.243	528.71	-1.1236e-07
10.233	528.71	-1.0759e-07
10.224	528.71	-1.0281e-07
10.216	528.71	-9.8118e-08
10.208	528.71	-9.3462e-08
10.2	528.71	-8.8782e-08
10.193	528.71	-8.417e-08
10.187	528.71	-7.9715e-08
10.181	528.71	-7.5284e-08
10.175	528.71	-7.1032e-08
10.169	528.71	-6.6895e-08
10.164	528.71	-6.2818e-08
10.159	528.71	-5.8874e-08
10.155	528.71	-5.5131e-08
10.15	528.71	-5.1471e-08
10.146	528.71	-4.8015e-08
10.142	528.71	-4.4705e-08
10.139	528.71	-4.149e-08
10.135	528.71	-3.8429e-08
10.132	528.71	-3.5563e-08
10.129	528.71	-3.2801e-08
10.126	528.71	-3.0227e-08
10.123	528.71	-2.7796e-08
10.121	528.71	-2.5467e-08
10.118	528.71	-2.3278e-08
10.116	528.71	-2.1256e-08
10.114	528.71	-1.9362e-08
10.112	528.71	-1.7564e-08
10.11	528.71	-1.5915e-08
10.108	528.71	-1.4357e-08
10.106	528.71	-1.2912e-08
10.104	528.71	-1.1597e-08
10.103	528.71	-1.0381e-08
10.101	528.71	-9.2445e-09
10.1	528.71	-8.2169e-09
10.098	528.71	-7.2613e-09
10.097	528.71	-6.3893e-09
10.096	528.71	-5.6087e-09
10.095	528.71	-4.9e-09
10.093	528.71	-4.2492e-09
10.092	528.71	-3.6726e-09
10.091	528.71	-3.1471e-09
10.09	528.71	-2.6787e-09
10.089	528.71	-2.269e-09
10.088	528.71	-1.9067e-09
10.087	528.71	-1.5832e-09
10.087	528.71	-1.3011e-09
10.086	528.71	-1.0606e-09
10.085	528.71	-8.505e-10
10.084	528.71	-6.744e-10
10.084	528.71	-5.2608e-10
10.083	528.71	-4.0159e-10
10.082	528.71	-2.9977e-10
10.082	528.71	-2.1916e-10
10.081	528.71	-1.5451e-10
10.08	528.71	-1.0577e-10
10.08	528.71	-6.9565e-11
10.079	528.71	-4.3525e-11
10.079	528.71	-2.6254e-11
10.078	528.71	-1.6003e-11
10.078	528.71	-1.0678e-11
10.077	528.71	-8.7655e-12
10.077	528.71	-8.6161e-12
10.077	528.71	-8.7493e-12
10.076	528.71	-7.8114e-12
10.076	528.71	-4.3856e-12
10.075	528.71	2.7327e-12
10.075	528.71	1.4546e-11
10.075	528.71	3.2231e-11
10.074	528.71	5.7186e-11
10.074	528.71	9.0205e-11
10.074	528.71	1.3147e-10
10.073	528.71	1.8227e-10
10.073	528.71	2.4441e-10
10.073	528.71	3.1666e-10
10.073	528.71	4.0201e-10
10.072	528.71	5.0004e-10
10.072	528.71	6.0947e-10
10.072	528.71	7.3223e-10
10.072	528.71	8.711e-10
10.071	528.71	1.0221e-09
10.071	528.71	1.1904e-09
10.071	528.71	1.3742e-09
10.071	528.71	1.5703e-09
10.071	528.71	1.7854e-09
10.07	528.71	2.0129e-09
10.07	528.71	2.2601e-09
10.07	528.71	2.5194e-09
10.07	528.71	2.7947e-09
10.07	528.71	3.0906e-09
10.07	528.71	3.3982e-09
10.069	528.71	3.7268e-09
10.069	528.71	4.0718e-09
10.069	528.71	4.4271e-09
10.069	528.71	4.804e-09
10.069	528.71	5.1903e-09
10.069	528.71	5.5985e-09
10.069	528.71	6.0149e-09
10.069	528.71	6.446e-09
10.068	528.71	6.8984e-09
10.068	528.71	7.3578e-09
10.068	528.71	7.8382e-09
10.068	528.71	8.3239e-09
10.068	528.71	8.8303e-09
10.068	528.71	9.3491e-09
10.068	528.71	9.8714e-09
10.068	528.71	1.0413e-08
10.068	528.71	1.0957e-08
10.068	528.71	1.1519e-08
10.068	528.71	1.2082e-08
10.068	528.71	1.2654e-08
10.068	528.71	1.3242e-08
10.068	528.71	1.3829e-08
10.067	528.71	1.4432e-08
10.067	528.71	1.5031e-08
10.067	528.71	1.5645e-08
10.067	528.71	1.6264e-08
10.067	528.71	1.6876e-08
10.067	528.71	1.7502e-08
10.067	528.71	1.812e-08
10.067	528.71	1.8749e-08
10.067	528.71	1.9368e-08
10.067	528.71	1.9988e-08
10.067	528.71	2.0617e-08
10.067	528.71	2.1234e-08
10.067	528.71	2.1858e-08
10.067	528.71	2.2469e-08
10.067	528.71	2.3086e-08
10.067	528.71	2.3698e-08
10.067	528.71	2.4295e-08
10.067	528.71	2.4895e-08
10.067	528.71	2.5479e-08
10.067	528.71	2.6055e-08
10.067	528.71	2.6629e-08
10.067	528.71	2.7187e-08
10.067	528.71	2.7744e-08
10.067	528.71	2.828e-08
10.067	528.71	2.8814e-08
10.067	528.71	2.9338e-08
10.067	528.71	2.9836e-08
10.067	528.71	3.0333e-08
10.067	528.71	3.0806e-08
10.067	528.71	3.1272e-08
10.067	528.71	3.1716e-08
10.067	528.71	3.2145e-08
10.067	528.71	3.2564e-08
10.067	528.71	3.2958e-08
10.067	528.71	3.3343e-08
10.067	528.71	3.3703e-08
10.067	528.71	3.4051e-08
10.067	528.71	3.4381e-08
10.067	528.71	3.4686e-08
10.067	528.71	3.4975e-08
10.067	528.71	3.5241e-08
10.067	528.71	3.549e-08
10.067	528.71	3.5716e-08
10.067	528.71	3.5919e-08
10.067	528.71	3.6105e-08
10.067	528.71	3.6269e-08
10.067	528.71	3.6413e-08
10.067	528.71	3.6532e-08
10.067	528.71	3.6633e-08
10.067	528.71	3.6711e-08
10.067	528.71	3.6765e-08
10.067	528.71	3.6798e-08
10.067	528.71	3.681e-08
