45000	32.379	-0.24797
44259	29.228	-0.25645
43524	26.421	-0.26507
42795	25.893	-0.27424
42072	25.643	-0.28364
41354	25.618	-0.29355
40642	25.684	-0.3038
39936	25.882	-0.31459
39236	26.105	-0.32581
38541	26.429	-0.33759
37852	26.756	-0.34986
37169	27.162	-0.36277
36492	27.549	-0.37621
35820	28.017	-0.39036
35154	28.469	-0.40515
34494	29.004	-0.42068
33839	29.515	-0.43693
33190	30.109	-0.45404
32547	30.665	-0.47197
31910	31.3	-0.49086
31279	31.911	-0.51064
30653	32.619	-0.53151
30033	33.267	-0.55342
29419	34.015	-0.57652
28811	34.745	-0.60081
28209	35.573	-0.62648
27613	36.338	-0.65351
27022	37.21	-0.68207
26438	38.055	-0.71216
25859	39.028	-0.74405
25286	39.926	-0.77767
24719	40.934	-0.81332
24159	41.903	-0.851
23604	43.029	-0.89097
23055	44.109	-0.93328
22512	45.34	-0.97817
21975	46.485	-1.0259
21445	47.774	-1.0765
20920	49.004	-1.1303
20402	50.4	-1.1876
19889	51.724	-1.2486
19383	53.287	-1.3136
18883	54.771	-1.3829
18389	56.43	-1.4569
17901	58.009	-1.5359
17420	59.841	-1.6204
16945	61.6	-1.7108
16476	63.589	-1.8077
16013	65.479	-1.9115
15557	67.634	-2.0229
15107	69.714	-2.1426
14663	72.095	-2.2713
14226	74.376	-2.4098
13795	76.986	-2.5591
13371	79.496	-2.72
12953	82.374	-2.8938
12541	85.142	-3.0816
12136	88.318	-3.285
11738	91.376	-3.5054
11346	94.889	-3.7443
10961	98.288	-4.004
10582	102.19	-4.2863
10210	105.96	-4.5936
9845.2	110.3	-4.9287
9486.6	114.5	-5.2946
9134.8	119.33	-5.6944
8789.7	124.04	-6.1323
8451.4	129.48	-6.6121
8120	134.78	-7.1388
7795.3	140.89	-7.7182
7477.6	146.85	-8.3556
7166.7	153.72	-9.0586
6862.8	160.45	-9.8347
6565.8	168.26	-10.693
6275.7	175.94	-11.644
5992.7	184.8	-12.698
5716.7	193.5	-13.869
5447.7	203.59	-15.173
5185.8	213.59	-16.625
4930.9	225.19	-18.244
4683.1	236.65	-20.054
4442.4	249.84	-22.078
4208.8	262.88	-24.345
3982.3	277.94	-26.888
3762.9	292.82	-29.741
3550.6	309.8	-32.945
3345.5	326.35	-36.545
3147.4	344.93	-40.593
2956.5	362.63	-45.139
2772.7	382.11	-50.243
2596.1	400.14	-55.967
2426.7	419.5	-62.366
2264.6	436.81	-69.496
2109.8	454.95	-77.394
1962.5	470.86	-86.095
1822.8	487.61	-95.58
1690.6	502.93	-105.79
1566.1	519.63	-116.64
1449.3	536.36	-127.91
1340.2	555.06	-139.35
1238.7	575.05	-150.58
1144.7	596.49	-161.22
1057.9	619.08	-170.69
978.13	641.28	-178.62
904.96	663.48	-184.38
838.04	683.01	-187.85
776.96	701.14	-188.55
721.3	715.36	-186.81
670.61	727.79	-182.43
624.49	736.55	-176.26
582.52	743.86	-168.26
544.34	748.48	-159.53
509.6	751.32	-150
477.98	751.98	-140.56
449.2	751.98	-130.93
422.99	751.98	-121.75
399.13	751.98	-112.55
377.41	751.98	-103.84
357.62	751.98	-95.191
339.6	751.98	-87.023
323.2	751.98	-79.018
308.26	751.98	-71.457
294.66	751.98	-64.176
282.27	751.98	-57.344
271	751.98	-50.886
260.75	751.98	-44.902
251.41	751.98	-39.345
242.92	751.98	-34.269
235.2	751.98	-29.649
228.17	751.98	-25.496
221.79	751.98	-21.785
215.98	751.98	-18.503
210.7	751.98	-15.621
205.91	751.98	-13.113
201.55	751.98	-10.945
197.6	751.98	-9.087
194.01	751.98	-7.5038
190.75	751.98	-6.1664
187.79	751.98	-5.0423
185.1	751.98	-4.1046
182.67	751.98	-3.3263
180.46	751.98	-2.6846
178.46	751.98	-2.1579
176.65	751.98	-1.7281
175	751.98	-1.3788
173.51	751.98	-1.0965
172.16	751.98	-0.86921
170.94	751.98	-0.68698
169.83	751.98	-0.54135
168.83	751.98	-0.42547
167.93	751.98	-0.33353
167.11	751.98	-0.26085
166.36	751.98	-0.20353
165.69	751.98	-0.15847
165.09	751.98	-0.12314
164.54	751.98	-0.095512
164.04	751.98	-0.073943
163.59	751.98	-0.057152
163.19	751.98	-0.044102
162.82	751.98	-0.033977
162.49	751.98	-0.026137
162.19	751.98	-0.020033
161.92	751.98	-0.015403
161.67	751.98	-0.01178
161.45	751.98	-0.0090378
161.25	751.98	-0.006927
161.07	751.98	-0.0052812
160.91	751.98	-0.004023
160.77	751.98	-0.0030757
160.63	751.98	-0.0023398
160.51	751.98	-0.0017869
160.41	751.98	-0.001364
160.31	751.98	-0.0010362
160.22	751.98	-0.000787
160.14	751.98	-0.0006002
160.07	751.98	-0.00045767
160	751.98	-0.00034741
159.95	751.98	-0.00026484
159.89	751.98	-0.000201
159.85	751.98	-0.00015252
159.8	751.98	-0.00011622
159.76	751.98	-8.8539e-05
159.73	751.98	-6.7142e-05
159.7	751.98	-5.1592e-05
159.67	751.98	-3.9816e-05
159.64	751.98	-3.0375e-05
159.62	751.98	-2.3282e-05
159.6	751.98	-1.7858e-05
159.58	751.98	-1.3654e-05
159.56	751.98	-1.0498e-05
159.55	751.98	-8.0532e-06
159.54	751.98	-6.1945e-06
159.52	751.98	-4.8018e-06
159.51	751.98	-3.7403e-06
159.5	751.98	-2.9207e-06
159.49	751.98	-2.3008e-06
159.48	751.98	-1.8394e-06
159.48	751.98	-1.4856e-06
159.47	751.98	-1.224e-06
159.46	751.98	-1.0278e-06
159.46	751.98	-8.7998e-07
159.45	751.98	-7.7142e-07
159.45	751.98	-6.9244e-07
159.45	751.98	-6.3382e-07
159.44	751.98	-5.9558e-07
159.44	751.98	-5.7297e-07
159.44	751.98	-5.6022e-07
159.43	751.98	-5.4989e-07
159.43	751.98	-5.3942e-07
159.43	751.98	-5.2852e-07
159.43	751.98	-5.1753e-07
159.42	751.98	-5.0632e-07
159.42	751.98	-4.9472e-07
159.42	751.98	-4.8293e-07
159.42	751.98	-4.7117e-07
159.42	751.98	-4.591e-07
159.42	751.98	-4.4711e-07
159.42	751.98	-4.3506e-07
159.42	751.98	-4.2276e-07
159.41	751.98	-4.1043e-07
159.41	751.98	-3.9829e-07
159.41	751.98	-3.8618e-07
159.41	751.98	-3.7392e-07
159.41	751.98	-3.6192e-07
159.41	751.98	-3.4981e-07
159.41	751.98	-3.3783e-07
159.41	751.98	-3.2615e-07
159.41	751.98	-3.1461e-07
159.41	751.98	-3.0306e-07
159.41	751.98	-2.9186e-07
159.41	751.98	-2.8067e-07
159.41	751.98	-2.6968e-07
159.41	751.98	-2.5908e-07
159.41	751.98	-2.487e-07
159.41	751.98	-2.3838e-07
159.41	751.98	-2.2846e-07
159.41	751.98	-2.1863e-07
159.41	751.98	-2.0904e-07
159.41	751.98	-1.9986e-07
159.41	751.98	-1.9093e-07
159.41	751.98	-1.8211e-07
159.41	751.98	-1.7355e-07
159.41	751.98	-1.6539e-07
159.41	751.98	-1.5735e-07
159.41	751.98	-1.497e-07
159.41	751.98	-1.4229e-07
159.41	751.98	-1.3502e-07
159.41	751.98	-1.2801e-07
159.41	751.98	-1.2136e-07
159.41	751.98	-1.1484e-07
159.41	751.98	-1.0867e-07
159.41	751.98	-1.0273e-07
159.41	751.98	-9.6931e-08
159.4	751.98	-9.1365e-08
159.4	751.98	-8.611e-08
159.4	751.98	-8.0991e-08
159.4	751.98	-7.6169e-08
159.4	751.98	-7.1553e-08
159.4	751.98	-6.7068e-08
159.4	751.98	-6.2789e-08
159.4	751.98	-5.877e-08
159.4	751.98	-5.4937e-08
159.4	751.98	-5.1229e-08
159.4	751.98	-4.776e-08
159.4	751.98	-4.4409e-08
159.4	751.98	-4.123e-08
159.4	751.98	-3.8264e-08
159.4	751.98	-3.5454e-08
159.4	751.98	-3.2755e-08
159.4	751.98	-3.0244e-08
159.4	751.98	-2.7839e-08
159.4	751.98	-2.5574e-08
159.4	751.98	-2.3477e-08
159.4	751.98	-2.1506e-08
159.4	751.98	-1.9629e-08
159.4	751.98	-1.7899e-08
159.4	751.98	-1.6256e-08
159.4	751.98	-1.4724e-08
159.4	751.98	-1.332e-08
159.4	751.98	-1.2016e-08
159.4	751.98	-1.0786e-08
159.4	751.98	-9.6497e-09
159.4	751.98	-8.6174e-09
159.4	751.98	-7.6519e-09
159.4	751.98	-6.7797e-09
159.4	751.98	-5.9808e-09
159.4	751.98	-5.2403e-09
159.4	751.98	-4.5674e-09
159.4	751.98	-3.9676e-09
159.4	751.98	-3.4177e-09
159.4	751.98	-2.9316e-09
159.4	751.98	-2.4966e-09
159.4	751.98	-2.1034e-09
159.4	751.98	-1.7561e-09
159.4	751.98	-1.4558e-09
159.4	751.98	-1.1896e-09
159.4	751.98	-9.6298e-10
159.4	751.98	-7.6844e-10
159.4	751.98	-6.0073e-10
159.4	751.98	-4.6038e-10
159.4	751.98	-3.4625e-10
159.4	751.98	-2.5206e-10
159.4	751.98	-1.7831e-10
159.4	751.98	-1.2096e-10
159.4	751.98	-7.7162e-11
159.4	751.98	-4.5686e-11
159.4	751.98	-2.4618e-11
159.4	751.98	-1.1373e-11
159.4	751.98	-4.3965e-12
159.4	751.98	-1.9468e-12
159.4	751.98	-1.6205e-12
159.4	751.98	-1.8122e-12
159.4	751.98	-9.726e-13
159.4	751.98	2.3169e-12
159.4	751.98	9.5494e-12
159.4	751.98	2.1769e-11
159.4	751.98	4.0587e-11
159.4	751.98	6.7001e-11
159.4	751.98	1.0145e-10
159.4	751.98	1.4601e-10
159.4	751.98	2.0017e-10
159.4	751.98	2.6652e-10
159.4	751.98	3.4369e-10
159.4	751.98	4.3329e-10
159.4	751.98	5.3767e-10
159.4	751.98	6.5401e-10
159.4	751.98	7.8654e-10
159.4	751.98	9.3392e-10
159.4	751.98	1.0938e-09
159.4	751.98	1.2715e-09
159.4	751.98	1.4617e-09
159.4	751.98	1.6707e-09
159.4	751.98	1.8917e-09
159.4	751.98	2.128e-09
159.4	751.98	2.3838e-09
159.4	751.98	2.651e-09
159.4	751.98	2.9378e-09
159.4	751.98	3.235e-09
159.4	751.98	3.5521e-09
159.4	751.98	3.8839e-09
159.4	751.98	4.2245e-09
159.4	751.98	4.5847e-09
159.4	751.98	4.9523e-09
159.4	751.98	5.339e-09
159.4	751.98	5.7319e-09
159.4	751.98	6.1366e-09
159.4	751.98	6.5593e-09
159.4	751.98	6.986e-09
159.4	751.98	7.4298e-09
159.4	751.98	7.8761e-09
159.4	751.98	8.3385e-09
159.4	751.98	8.8094e-09
159.4	751.98	9.28e-09
159.4	751.98	9.7652e-09
159.4	751.98	1.0248e-08
159.4	751.98	1.0745e-08
159.4	751.98	1.1238e-08
159.4	751.98	1.1735e-08
159.4	751.98	1.2242e-08
159.4	751.98	1.2745e-08
159.4	751.98	1.3256e-08
159.4	751.98	1.3759e-08
159.4	751.98	1.4271e-08
159.4	751.98	1.4781e-08
159.4	751.98	1.5282e-08
159.4	751.98	1.5787e-08
159.4	751.98	1.6282e-08
159.4	751.98	1.6771e-08
159.4	751.98	1.7264e-08
159.4	751.98	1.7743e-08
159.4	751.98	1.8224e-08
159.4	751.98	1.8689e-08
159.4	751.98	1.9153e-08
159.4	751.98	1.9608e-08
159.4	751.98	2.0047e-08
159.4	751.98	2.0482e-08
159.4	751.98	2.0899e-08
159.4	751.98	2.1312e-08
159.4	751.98	2.1706e-08
159.4	751.98	2.2087e-08
159.4	751.98	2.246e-08
159.4	751.98	2.2814e-08
159.4	751.98	2.3157e-08
159.4	751.98	2.3481e-08
159.4	751.98	2.3795e-08
159.4	751.98	2.4091e-08
159.4	751.98	2.4366e-08
159.4	751.98	2.4628e-08
159.4	751.98	2.4868e-08
159.4	751.98	2.5095e-08
159.4	751.98	2.5299e-08
159.4	751.98	2.5486e-08
159.4	751.98	2.5656e-08
159.4	751.98	2.5804e-08
159.4	751.98	2.5935e-08
159.4	751.98	2.6045e-08
159.4	751.98	2.6136e-08
159.4	751.98	2.6208e-08
159.4	751.98	2.6257e-08
159.4	751.98	2.6288e-08
159.4	751.98	2.6298e-08
