40000	41.118	-0.38947
39258	37.104	-0.40442
38523	33.529	-0.41987
37795	32.86	-0.43625
37073	32.577	-0.45326
36357	32.635	-0.47124
35648	32.804	-0.49001
34945	33.14	-0.50986
34249	33.504	-0.53062
33559	34.015	-0.55255
32876	34.516	-0.57557
32199	35.143	-0.5999
31529	35.767	-0.62545
30865	36.505	-0.65249
30207	37.193	-0.68095
29556	38.023	-0.71107
28912	38.831	-0.74285
28274	39.757	-0.77652
27643	40.619	-0.81206
27018	41.609	-0.84978
26400	42.567	-0.88964
25788	43.7	-0.932
25183	44.753	-0.97688
24585	45.939	-1.0246
23993	47.079	-1.0752
23408	48.42	-1.1291
22830	49.673	-1.1865
22258	51.097	-1.2476
21693	52.462	-1.3126
21135	54.045	-1.3821
20583	55.557	-1.4563
20039	57.259	-1.5356
19501	58.874	-1.6204
18970	60.737	-1.7111
18446	62.518	-1.8084
17929	64.58	-1.9128
17419	66.554	-2.0249
16916	68.823	-2.1454
16420	70.99	-2.275
15930	73.479	-2.4146
15448	75.813	-2.5652
14973	78.485	-2.7277
14505	81.091	-2.9034
14045	84.123	-3.0934
13591	87.034	-3.2993
13145	90.367	-3.5227
12706	93.574	-3.7652
12274	97.272	-4.0291
11849	100.84	-4.3163
11432	104.96	-4.6295
11022	108.93	-4.9714
10620	113.52	-5.3451
10225	117.98	-5.7546
9837.6	123.14	-6.2034
9457.7	128.14	-6.6965
9085.4	133.92	-7.2387
8720.7	139.55	-7.8359
8363.6	146.06	-8.495
8014.2	152.42	-9.2235
7672.5	159.82	-10.03
7338.6	167.05	-10.924
7012.5	175.46	-11.917
6694.2	183.68	-13.021
6383.8	193.25	-14.252
6081.3	202.67	-15.625
5786.8	213.62	-17.161
5500.2	224.42	-18.881
5221.6	237.02	-20.808
4951.1	249.5	-22.973
4688.6	264.03	-25.408
4434.2	278.42	-28.149
4187.9	295.16	-31.24
3949.7	311.77	-34.727
3719.6	330.98	-38.663
3497.6	350.03	-43.11
3283.8	371.9	-48.132
3078	393.29	-53.803
2880.4	417.25	-60.197
2690.8	440.22	-67.392
2509.4	465.46	-75.47
2336	488.97	-84.499
2170.8	513.68	-94.536
2013.6	535.57	-105.61
1864.7	557.5	-117.7
1723.8	576.32	-130.73
1591.2	594.56	-144.54
1466.7	610.48	-158.86
1350.4	625.73	-173.36
1242	640.32	-187.45
1141.5	654.33	-200.71
1048.6	669.26	-212.31
963	683.26	-221.9
884.32	699.06	-228.66
812.16	713.57	-232.66
746.08	730.5	-233.3
685.61	745.92	-231.33
630.31	757.81	-226.44
579.74	761.75	-219.93
533.48	761.75	-211.64
491.17	761.75	-203.04
452.44	761.75	-193.78
416.99	761.75	-185.04
384.52	761.75	-176.13
354.79	761.75	-167.96
327.56	761.75	-159.62
302.63	761.75	-151.92
279.79	761.75	-144.08
258.88	761.75	-136.65
239.73	761.75	-129.1
222.21	761.75	-121.77
206.18	761.75	-114.38
191.51	761.75	-107.13
178.09	761.75	-99.874
165.82	761.75	-92.748
154.61	761.75	-85.711
144.36	761.75	-78.844
135	761.75	-72.145
126.46	761.75	-65.681
118.65	761.75	-59.461
111.53	761.75	-53.536
105.04	761.75	-47.919
99.114	761.75	-42.646
93.713	761.75	-37.721
88.789	761.75	-33.165
84.302	761.75	-28.981
80.215	761.75	-25.17
76.493	761.75	-21.725
73.104	761.75	-18.638
70.019	761.75	-15.891
67.211	761.75	-13.469
64.657	761.75	-11.348
62.333	761.75	-9.5051
60.22	761.75	-7.9159
58.299	761.75	-6.5569
56.552	761.75	-5.4015
54.965	761.75	-4.4268
53.522	761.75	-3.6097
52.212	761.75	-2.9294
51.021	761.75	-2.3662
49.94	761.75	-1.9029
48.958	761.75	-1.5238
48.066	761.75	-1.2155
47.256	761.75	-0.96582
46.521	761.75	-0.76468
45.854	761.75	-0.60339
45.248	761.75	-0.4746
44.699	761.75	-0.37219
44.2	761.75	-0.29105
43.748	761.75	-0.22698
43.337	761.75	-0.17656
42.965	761.75	-0.137
42.627	761.75	-0.10606
42.321	761.75	-0.081961
42.043	761.75	-0.063222
41.791	761.75	-0.048681
41.562	761.75	-0.037427
41.355	761.75	-0.028733
41.167	761.75	-0.022031
40.997	761.75	-0.016873
40.842	761.75	-0.012911
40.702	761.75	-0.0098703
40.575	761.75	-0.007524
40.46	761.75	-0.0057573
40.356	761.75	-0.0043841
40.261	761.75	-0.0033521
40.176	761.75	-0.0025624
40.098	761.75	-0.0019498
40.027	761.75	-0.0014835
39.964	761.75	-0.0011337
39.906	761.75	-0.00086261
39.853	761.75	-0.00065929
39.806	761.75	-0.00050395
39.762	761.75	-0.00038361
39.723	761.75	-0.00029214
39.688	761.75	-0.00022382
39.656	761.75	-0.00017518
39.627	761.75	-0.00013515
39.6	761.75	-0.00010457
39.577	761.75	-8.0732e-05
39.555	761.75	-6.2498e-05
39.535	761.75	-4.8749e-05
39.518	761.75	-3.8186e-05
39.501	761.75	-2.9956e-05
39.487	761.75	-2.3746e-05
39.474	761.75	-1.8905e-05
39.462	761.75	-1.52e-05
39.451	761.75	-1.2403e-05
39.441	761.75	-1.0251e-05
39.432	761.75	-8.5736e-06
39.424	761.75	-7.306e-06
39.416	761.75	-6.3162e-06
39.41	761.75	-5.5563e-06
39.404	761.75	-4.9798e-06
39.398	761.75	-4.5365e-06
39.393	761.75	-4.1867e-06
39.389	761.75	-3.9116e-06
39.385	761.75	-3.6963e-06
39.381	761.75	-3.5203e-06
39.377	761.75	-3.3809e-06
39.374	761.75	-3.2706e-06
39.372	761.75	-3.1784e-06
39.369	761.75	-3.0972e-06
39.367	761.75	-3.0181e-06
39.365	761.75	-2.9368e-06
39.363	761.75	-2.8565e-06
39.361	761.75	-2.7758e-06
39.36	761.75	-2.6936e-06
39.358	761.75	-2.6116e-06
39.357	761.75	-2.5311e-06
39.356	761.75	-2.45e-06
39.355	761.75	-2.3706e-06
39.354	761.75	-2.2921e-06
39.353	761.75	-2.2132e-06
39.352	761.75	-2.1355e-06
39.351	761.75	-2.0599e-06
39.351	761.75	-1.9846e-06
39.35	761.75	-1.9119e-06
39.349	761.75	-1.8405e-06
39.349	761.75	-1.7695e-06
39.348	761.75	-1.7001e-06
39.348	761.75	-1.6335e-06
39.348	761.75	-1.5685e-06
39.347	761.75	-1.5041e-06
39.347	761.75	-1.4425e-06
39.347	761.75	-1.3817e-06
39.346	761.75	-1.3226e-06
39.346	761.75	-1.2663e-06
39.346	761.75	-1.2116e-06
39.346	761.75	-1.1578e-06
39.345	761.75	-1.1066e-06
39.345	761.75	-1.0563e-06
39.345	761.75	-1.0078e-06
39.345	761.75	-9.6162e-07
39.345	761.75	-9.171e-07
39.345	761.75	-8.7347e-07
39.344	761.75	-8.3209e-07
39.344	761.75	-7.9162e-07
39.344	761.75	-7.5267e-07
39.344	761.75	-7.158e-07
39.344	761.75	-6.8034e-07
39.344	761.75	-6.4572e-07
39.344	761.75	-6.1247e-07
39.344	761.75	-5.8107e-07
39.344	761.75	-5.5044e-07
39.344	761.75	-5.2154e-07
39.344	761.75	-4.9383e-07
39.343	761.75	-4.6684e-07
39.343	761.75	-4.4101e-07
39.343	761.75	-4.1668e-07
39.343	761.75	-3.9303e-07
39.343	761.75	-3.7077e-07
39.343	761.75	-3.495e-07
39.343	761.75	-3.2886e-07
39.343	761.75	-3.0915e-07
39.343	761.75	-2.9065e-07
39.343	761.75	-2.7274e-07
39.343	761.75	-2.5594e-07
39.343	761.75	-2.3993e-07
39.343	761.75	-2.2447e-07
39.343	761.75	-2.0978e-07
39.343	761.75	-1.9603e-07
39.343	761.75	-1.8298e-07
39.343	761.75	-1.7039e-07
39.343	761.75	-1.5866e-07
39.343	761.75	-1.4738e-07
39.343	761.75	-1.3671e-07
39.343	761.75	-1.2678e-07
39.343	761.75	-1.1741e-07
39.342	761.75	-1.0842e-07
39.342	761.75	-1.0009e-07
39.342	761.75	-9.2131e-08
39.342	761.75	-8.465e-08
39.342	761.75	-7.7741e-08
39.342	761.75	-7.1262e-08
39.342	761.75	-6.5097e-08
39.342	761.75	-5.9428e-08
39.342	761.75	-5.4053e-08
39.342	761.75	-4.9044e-08
39.342	761.75	-4.4461e-08
39.342	761.75	-4.0203e-08
39.342	761.75	-3.6192e-08
39.342	761.75	-3.2485e-08
39.342	761.75	-2.9117e-08
39.342	761.75	-2.5967e-08
39.342	761.75	-2.3118e-08
39.342	761.75	-2.0505e-08
39.342	761.75	-1.8077e-08
39.342	761.75	-1.5868e-08
39.342	761.75	-1.3893e-08
39.342	761.75	-1.2075e-08
39.342	761.75	-1.0461e-08
39.342	761.75	-9.01e-09
39.342	761.75	-7.6905e-09
39.342	761.75	-6.5166e-09
39.342	761.75	-5.4928e-09
39.342	761.75	-4.5764e-09
39.342	761.75	-3.7869e-09
39.342	761.75	-3.0997e-09
39.342	761.75	-2.4974e-09
39.342	761.75	-1.9834e-09
39.342	761.75	-1.5554e-09
39.342	761.75	-1.1918e-09
39.342	761.75	-8.9678e-10
39.342	761.75	-6.5713e-10
39.342	761.75	-4.635e-10
39.341	761.75	-3.1358e-10
39.341	761.75	-2.0261e-10
39.341	761.75	-1.222e-10
39.341	761.75	-6.6261e-11
39.341	761.75	-3.14e-11
39.341	761.75	-1.2206e-11
39.341	761.75	-3.9698e-12
39.341	761.75	-1.9544e-12
39.341	761.75	-2.0145e-12
39.341	761.75	-4.002e-13
39.341	761.75	6.3255e-12
39.341	761.75	2.1693e-11
39.341	761.75	4.8756e-11
39.341	761.75	8.9599e-11
39.341	761.75	1.4813e-10
39.341	761.75	2.2484e-10
39.341	761.75	3.2436e-10
39.341	761.75	4.455e-10
39.341	761.75	5.9135e-10
39.341	761.75	7.6643e-10
39.341	761.75	9.6653e-10
39.341	761.75	1.1993e-09
39.341	761.75	1.4627e-09
39.341	761.75	1.7527e-09
39.341	761.75	2.0794e-09
39.341	761.75	2.4328e-09
39.341	761.75	2.8249e-09
39.341	761.75	3.2435e-09
39.341	761.75	3.6943e-09
39.341	761.75	4.1855e-09
39.341	761.75	4.7015e-09
39.341	761.75	5.2585e-09
39.341	761.75	5.8383e-09
39.341	761.75	6.4591e-09
39.341	761.75	7.1115e-09
39.341	761.75	7.7833e-09
39.341	761.75	8.4956e-09
39.341	761.75	9.2247e-09
39.341	761.75	9.9932e-09
39.341	761.75	1.0776e-08
39.341	761.75	1.1583e-08
39.341	761.75	1.2428e-08
39.341	761.75	1.3282e-08
39.341	761.75	1.4172e-08
39.341	761.75	1.5067e-08
39.341	761.75	1.5996e-08
39.341	761.75	1.6942e-08
39.341	761.75	1.7888e-08
39.341	761.75	1.8865e-08
39.341	761.75	1.9839e-08
39.341	761.75	2.0839e-08
39.341	761.75	2.1834e-08
39.341	761.75	2.2836e-08
39.341	761.75	2.386e-08
39.341	761.75	2.4872e-08
39.341	761.75	2.5905e-08
39.341	761.75	2.6921e-08
39.341	761.75	2.7954e-08
39.341	761.75	2.8983e-08
39.341	761.75	2.9995e-08
39.341	761.75	3.1016e-08
39.341	761.75	3.2014e-08
39.341	761.75	3.3003e-08
39.341	761.75	3.3998e-08
39.341	761.75	3.4965e-08
39.341	761.75	3.5934e-08
39.341	761.75	3.6874e-08
39.341	761.75	3.7811e-08
39.341	761.75	3.873e-08
39.341	761.75	3.9615e-08
39.341	761.75	4.0494e-08
39.341	761.75	4.1336e-08
39.341	761.75	4.2168e-08
39.341	761.75	4.2962e-08
39.341	761.75	4.373e-08
39.341	761.75	4.4484e-08
39.341	761.75	4.5197e-08
39.341	761.75	4.589e-08
39.341	761.75	4.6542e-08
39.341	761.75	4.7173e-08
39.341	761.75	4.777e-08
39.341	761.75	4.8325e-08
39.341	761.75	4.8853e-08
39.341	761.75	4.9338e-08
39.341	761.75	4.9793e-08
39.341	761.75	5.0205e-08
39.341	761.75	5.0581e-08
39.341	761.75	5.0924e-08
39.341	761.75	5.1223e-08
39.341	761.75	5.1487e-08
39.341	761.75	5.1706e-08
39.341	761.75	5.1891e-08
39.341	761.75	5.2034e-08
39.341	761.75	5.2135e-08
39.341	761.75	5.2196e-08
39.341	761.75	5.2217e-08
