5000	296.49	-2.8222e-15
4760.9	297.67	-1.6648e-05
4530.7	299.87	-3.2495e-05
4309.2	307.8	-4.7626e-05
4096.1	316.04	-6.1527e-05
3891.3	325.05	-7.4348e-05
3694.6	334.26	-8.5804e-05
3506	344.17	-9.6046e-05
3325.1	354.21	-0.00010488
3152	364.85	-0.00011243
2986.2	375.53	-0.00011854
2827.8	386.75	-0.00012331
2676.4	397.91	-0.00012663
2532.1	409.39	-0.00012862
2394.4	420.62	-0.00012917
2263.3	432.06	-0.00012844
2138.5	443.21	-0.00012637
2019.8	454.41	-0.00012316
1907.1	465.14	-0.00011881
1800.1	475.74	-0.00011353
1698.6	485.77	-0.0001074
1602.4	495.54	-0.00010066
1511.3	504.67	-9.3389e-05
1425.1	513.35	-8.5834e-05
1343.5	521.35	-7.8117e-05
1266.5	528.87	-7.0429e-05
1193.6	535.72	-6.2883e-05
1124.8	542	-5.5628e-05
1059.9	547.59	-4.8741e-05
998.59	552.63	-4.2315e-05
940.79	557.11	-3.6389e-05
886.31	561.07	-3.1004e-05
834.95	564.43	-2.6164e-05
786.56	567.32	-2.1868e-05
740.97	569.78	-1.8096e-05
698.05	571.79	-1.482e-05
657.63	573.28	-1.2002e-05
619.59	574.67	-9.6058e-06
583.79	576.07	-7.5862e-06
550.11	577.54	-5.9018e-06
518.44	579.05	-4.5112e-06
488.65	580.55	-3.3755e-06
460.65	582.01	-2.4581e-06
434.33	583.42	-1.7259e-06
409.6	584.76	-1.1492e-06
386.37	586.03	-7.0184e-07
364.56	587.22	-3.6078e-07
344.09	588.33	-1.0636e-07
324.88	589.36	7.8353e-08
306.86	590.3	2.0758e-07
289.97	591.17	2.9324e-07
274.14	591.97	3.4521e-07
259.31	592.7	3.7156e-07
245.44	593.36	3.7888e-07
232.46	593.96	3.7242e-07
220.33	594.5	3.5637e-07
209	595	3.3402e-07
198.43	595.44	3.079e-07
188.57	595.84	2.7993e-07
179.39	596.2	2.5153e-07
170.85	596.52	2.2372e-07
162.91	596.82	1.9723e-07
155.55	597.08	1.7252e-07
148.72	597.31	1.4986e-07
142.41	597.52	1.2939e-07
136.57	597.7	1.111e-07
131.19	597.87	9.4967e-08
126.23	598.02	8.0865e-08
121.67	598.15	6.8647e-08
117.48	598.27	5.8148e-08
113.65	598.37	4.9192e-08
110.14	598.47	4.1598e-08
106.94	598.55	3.5197e-08
104.03	598.63	2.9827e-08
101.38	598.69	2.5337e-08
98.97	598.75	2.1593e-08
96.789	598.8	1.8473e-08
94.816	598.85	1.5875e-08
93.034	598.89	1.3706e-08
91.427	598.93	1.189e-08
89.981	598.96	1.0363e-08
88.681	598.99	9.0708e-09
87.513	599.01	7.9692e-09
86.467	599.04	7.0226e-09
85.529	599.06	6.2027e-09
84.691	599.07	5.486e-09
83.941	599.09	4.8546e-09
83.272	599.1	4.2937e-09
82.675	599.11	3.7926e-09
82.142	599.13	3.3418e-09
81.668	599.14	2.9348e-09
81.246	599.14	2.566e-09
80.87	599.15	2.2311e-09
80.536	599.16	1.9267e-09
80.239	599.16	1.65e-09
79.976	599.17	1.3986e-09
79.741	599.17	1.1707e-09
79.533	599.18	9.6467e-10
79.348	599.18	7.7896e-10
79.184	599.19	6.1235e-10
79.039	599.19	4.6357e-10
78.91	599.19	3.3153e-10
78.795	599.19	2.1516e-10
78.694	599.2	1.1342e-10
78.604	599.2	2.531e-11
78.524	599.2	-5.0168e-11
78.453	599.2	-1.1397e-10
78.39	599.2	-1.6704e-10
78.334	599.2	-2.103e-10
78.285	599.2	-2.4466e-10
78.241	599.2	-2.7099e-10
78.202	599.2	-2.9015e-10
78.168	599.21	-3.0293e-10
78.137	599.21	-3.1012e-10
78.11	599.21	-3.1246e-10
78.085	599.21	-3.1063e-10
78.064	599.21	-3.053e-10
78.045	599.21	-2.9706e-10
78.028	599.21	-2.8646e-10
78.013	599.21	-2.74e-10
77.999	599.21	-2.6015e-10
77.987	599.21	-2.4529e-10
77.976	599.21	-2.2981e-10
77.967	599.21	-2.14e-10
77.958	599.21	-1.9813e-10
77.95	599.21	-1.8242e-10
77.944	599.21	-1.6707e-10
77.937	599.21	-1.5223e-10
77.932	599.21	-1.3802e-10
77.927	599.21	-1.2453e-10
77.922	599.21	-1.1182e-10
77.918	599.21	-9.9944e-11
77.914	599.21	-8.8909e-11
77.911	599.21	-7.8731e-11
77.908	599.21	-6.9401e-11
77.905	599.21	-6.0892e-11
77.903	599.21	-5.3183e-11
77.9	599.21	-4.6232e-11
77.898	599.21	-4.0001e-11
77.896	599.21	-3.4442e-11
77.895	599.21	-2.951e-11
77.893	599.21	-2.5155e-11
77.891	599.21	-2.133e-11
77.89	599.21	-1.7987e-11
77.888	599.21	-1.508e-11
77.887	599.21	-1.2566e-11
77.886	599.21	-1.0403e-11
77.885	599.21	-8.5515e-12
77.884	599.21	-6.9766e-12
77.883	599.21	-5.6451e-12
77.882	599.21	-4.5264e-12
77.881	599.21	-3.5928e-12
77.88	599.21	-2.8197e-12
77.879	599.21	-2.1849e-12
77.878	599.21	-1.6684e-12
77.878	599.21	-1.2527e-12
77.877	599.21	-9.2211e-13
77.876	599.21	-6.6296e-13
77.876	599.21	-4.6333e-13
77.875	599.21	-3.1263e-13
77.874	599.21	-2.0183e-13
77.874	599.21	-1.2248e-13
77.873	599.21	-6.9343e-14
77.872	599.21	-3.4732e-14
77.872	599.21	-1.4826e-14
77.871	599.21	-4.695e-15
77.871	599.21	-7.4347e-16
77.87	599.21	-6.203e-18
77.87	599.21	1.5484e-16
77.869	599.21	1.9604e-15
77.869	599.21	7.1305e-15
77.868	599.21	1.7113e-14
77.868	599.21	3.3354e-14
77.867	599.21	5.6679e-14
77.867	599.21	8.72e-14
77.867	599.21	1.257e-13
77.866	599.21	1.7327e-13
77.866	599.21	2.285e-13
77.865	599.21	2.9313e-13
77.865	599.21	3.6617e-13
77.865	599.21	4.4595e-13
77.864	599.21	5.3321e-13
77.864	599.21	6.29e-13
77.864	599.21	7.2973e-13
77.863	599.21	8.3799e-13
77.863	599.21	9.5156e-13
77.863	599.21	1.0677e-12
77.862	599.21	1.1874e-12
77.862	599.21	1.3119e-12
77.862	599.21	1.4365e-12
77.861	599.21	1.5643e-12
77.861	599.21	1.6926e-12
77.861	599.21	1.8183e-12
77.861	599.21	1.9429e-12
77.86	599.21	2.0676e-12
77.86	599.21	2.1896e-12
77.86	599.21	2.3063e-12
77.86	599.21	2.4209e-12
77.859	599.21	2.5291e-12
77.859	599.21	2.6322e-12
77.859	599.21	2.7314e-12
77.859	599.21	2.8245e-12
77.859	599.21	2.9096e-12
77.858	599.21	2.9893e-12
77.858	599.21	3.0609e-12
77.858	599.21	3.1253e-12
77.858	599.21	3.1833e-12
77.858	599.21	3.2337e-12
77.857	599.21	3.2759e-12
77.857	599.21	3.3112e-12
77.857	599.21	3.3385e-12
77.857	599.21	3.3585e-12
77.857	599.21	3.3715e-12
77.857	599.21	3.3772e-12
77.856	599.21	3.3761e-12
77.856	599.21	3.3682e-12
77.856	599.21	3.3541e-12
77.856	599.21	3.3339e-12
77.856	599.21	3.3074e-12
77.856	599.21	3.2754e-12
77.856	599.21	3.2387e-12
77.856	599.21	3.1972e-12
77.855	599.21	3.1505e-12
77.855	599.21	3.1003e-12
77.855	599.21	3.0455e-12
77.855	599.21	2.9871e-12
77.855	599.21	2.9265e-12
77.855	599.21	2.8632e-12
77.855	599.21	2.7963e-12
77.855	599.21	2.7284e-12
77.855	599.21	2.6575e-12
77.855	599.21	2.5852e-12
77.854	599.21	2.5127e-12
77.854	599.21	2.4393e-12
77.854	599.21	2.364e-12
77.854	599.21	2.2895e-12
77.854	599.21	2.2137e-12
77.854	599.21	2.1379e-12
77.854	599.21	2.0635e-12
77.854	599.21	1.9896e-12
77.854	599.21	1.9151e-12
77.854	599.21	1.8415e-12
77.854	599.21	1.7699e-12
77.854	599.21	1.6983e-12
77.854	599.21	1.6291e-12
77.854	599.21	1.5612e-12
77.854	599.21	1.4936e-12
77.854	599.21	1.4276e-12
77.853	599.21	1.3641e-12
77.853	599.21	1.3014e-12
77.853	599.21	1.2413e-12
77.853	599.21	1.183e-12
77.853	599.21	1.1255e-12
77.853	599.21	1.0699e-12
77.853	599.21	1.017e-12
77.853	599.21	9.6506e-13
77.853	599.21	9.1578e-13
77.853	599.21	8.683e-13
77.853	599.21	8.2191e-13
77.853	599.21	7.7735e-13
77.853	599.21	7.3532e-13
77.853	599.21	6.9498e-13
77.853	599.21	6.5575e-13
77.853	599.21	6.1881e-13
77.853	599.21	5.8299e-13
77.853	599.21	5.4879e-13
77.853	599.21	5.1671e-13
77.853	599.21	4.862e-13
77.853	599.21	4.5666e-13
77.853	599.21	4.2904e-13
77.853	599.21	4.0239e-13
77.853	599.21	3.7713e-13
77.853	599.21	3.5357e-13
77.853	599.21	3.3125e-13
77.853	599.21	3.098e-13
77.853	599.21	2.8985e-13
77.853	599.21	2.7071e-13
77.853	599.21	2.5266e-13
77.853	599.21	2.3592e-13
77.853	599.21	2.2014e-13
77.853	599.21	2.0505e-13
77.853	599.21	1.9087e-13
77.853	599.21	1.7775e-13
77.853	599.21	1.6525e-13
77.853	599.21	1.537e-13
77.853	599.21	1.4288e-13
77.853	599.21	1.3257e-13
77.853	599.21	1.2293e-13
77.853	599.21	1.1406e-13
77.853	599.21	1.0564e-13
77.853	599.21	9.7894e-14
77.853	599.21	9.0666e-14
77.853	599.21	8.3818e-14
77.853	599.21	7.7442e-14
77.853	599.21	7.1598e-14
77.853	599.21	6.6077e-14
77.853	599.21	6.1021e-14
77.853	599.21	5.6322e-14
77.853	599.21	5.1885e-14
77.853	599.21	4.7775e-14
77.853	599.21	4.402e-14
77.853	599.21	4.0487e-14
77.853	599.21	3.7266e-14
77.853	599.21	3.4284e-14
77.853	599.21	3.1481e-14
77.853	599.21	2.8892e-14
77.853	599.21	2.6538e-14
77.853	599.21	2.4363e-14
77.853	599.21	2.2325e-14
77.853	599.21	2.0475e-14
77.853	599.21	1.8743e-14
77.853	599.21	1.7149e-14
77.853	599.21	1.5705e-14
77.853	599.21	1.4376e-14
77.853	599.21	1.3134e-14
77.853	599.21	1.2012e-14
77.853	599.21	1.0964e-14
77.853	599.21	1.0004e-14
77.853	599.21	9.1366e-15
77.853	599.21	8.3285e-15
77.853	599.21	7.6003e-15
77.853	599.21	6.9223e-15
77.853	599.21	6.3115e-15
77.853	599.21	5.7524e-15
77.853	599.21	5.2332e-15
77.853	599.21	4.7662e-15
77.853	599.21	4.3326e-15
77.853	599.21	3.937e-15
77.853	599.21	3.582e-15
77.853	599.21	3.2527e-15
77.853	599.21	2.9574e-15
77.853	599.21	2.6838e-15
77.853	599.21	2.4387e-15
77.853	599.21	2.2154e-15
77.853	599.21	2.0088e-15
77.853	599.21	1.824e-15
77.853	599.21	1.653e-15
77.853	599.21	1.5003e-15
77.853	599.21	1.3592e-15
77.853	599.21	1.2312e-15
77.853	599.21	1.1168e-15
77.853	599.21	1.0113e-15
77.853	599.21	9.1709e-16
77.853	599.21	8.303e-16
77.853	599.21	7.5293e-16
77.853	599.21	6.8267e-16
77.853	599.21	6.1802e-16
77.853	599.21	5.6041e-16
77.853	599.21	5.074e-16
77.853	599.21	4.6012e-16
77.853	599.21	4.167e-16
77.853	599.21	3.7742e-16
77.853	599.21	3.4247e-16
77.853	599.21	3.1031e-16
77.853	599.21	2.8172e-16
77.853	599.21	2.5542e-16
77.853	599.21	2.3206e-16
77.853	599.21	2.1092e-16
77.853	599.21	1.9148e-16
77.853	599.21	1.742e-16
77.853	599.21	1.5837e-16
77.853	599.21	1.4423e-16
77.853	599.21	1.3129e-16
77.853	599.21	1.196e-16
77.853	599.21	1.0919e-16
77.853	599.21	9.9644e-17
77.853	599.21	9.1153e-17
77.853	599.21	8.3472e-17
77.853	599.21	7.6421e-17
77.853	599.21	7.015e-17
77.853	599.21	6.4398e-17
77.853	599.21	5.9275e-17
77.853	599.21	5.4568e-17
77.853	599.21	5.0315e-17
77.853	599.21	4.6523e-17
77.853	599.21	4.3045e-17
77.853	599.21	3.9967e-17
77.853	599.21	3.7125e-17
77.853	599.21	3.4597e-17
77.853	599.21	3.2305e-17
77.853	599.21	3.0224e-17
77.853	599.21	2.8343e-17
77.853	599.21	2.6649e-17
77.853	599.21	2.5122e-17
77.853	599.21	2.3743e-17
77.853	599.21	2.2488e-17
77.853	599.21	2.1401e-17
77.853	599.21	2.0384e-17
77.853	599.21	1.9518e-17
77.853	599.21	1.8721e-17
77.853	599.21	1.8023e-17
77.853	599.21	1.7414e-17
77.853	599.21	1.6877e-17
77.853	599.21	1.6418e-17
77.853	599.21	1.6024e-17
77.853	599.21	1.5701e-17
77.853	599.21	1.5437e-17
77.853	599.21	1.5234e-17
77.853	599.21	1.5094e-17
77.853	599.21	1.5006e-17
77.853	599.21	1.4978e-17
