50000	47.384	-0.43246
49034	38.354	-0.44988
48077	36.981	-0.4678
47129	35.988	-0.48703
46190	35.984	-0.50692
45260	35.743	-0.52805
44338	36.186	-0.55013
43426	36.301	-0.57356
42522	37.008	-0.5981
41627	37.262	-0.62413
40741	38.163	-0.65148
39864	38.567	-0.6805
38995	39.59	-0.71105
38136	40.091	-0.74348
37285	41.227	-0.77768
36444	41.814	-0.81404
35611	43.151	-0.85244
34787	43.806	-0.89329
33972	45.206	-0.93656
33166	45.941	-0.9826
32369	47.519	-1.0314
31581	48.347	-1.0835
30802	50.052	-1.1389
30032	50.904	-1.1979
29271	52.796	-1.2608
28520	53.806	-1.3281
27777	55.816	-1.3998
27044	56.919	-1.4767
26320	59.159	-1.5588
25605	60.368	-1.6468
24900	62.818	-1.7411
24204	64.086	-1.8425
23517	66.712	-1.9513
22840	68.232	-2.0685
22172	71.182	-2.1945
21514	72.73	-2.3305
20865	75.913	-2.4771
20225	77.699	-2.6357
19596	81.214	-2.8071
18976	83.12	-2.9928
18365	87.108	-3.1941
17765	89.226	-3.4128
17174	93.481	-3.6503
16593	95.954	-3.9091
16022	100.69	-4.1912
15461	103.37	-4.4991
14910	108.79	-4.8357
14369	111.69	-5.2043
13838	117.53	-5.6083
13317	120.94	-6.0521
12806	127.5	-6.5402
12306	131.41	-7.078
11816	138.82	-7.6713
11336	142.95	-8.3273
10867	151.18	-9.0536
10408	156.01	-9.8589
9960.2	165.42	-10.754
9522.7	170.89	-11.75
9095.8	181.44	-12.86
8679.8	187.66	-14.099
8274.5	199.6	-15.486
7880.2	206.75	-17.04
7496.7	220.28	-18.785
7124.4	228.46	-20.745
6763	243.81	-22.952
6412.9	253.16	-25.44
6073.8	270.6	-28.247
5746.1	281.38	-31.419
5429.6	301.01	-35.003
5124.6	313.37	-39.056
4830.8	335.44	-43.638
4548.5	349.46	-48.814
4277.5	373.76	-54.654
4018.1	389.27	-61.225
3770	415.21	-68.597
3533.4	431.89	-76.823
3308.1	458.23	-85.944
3094.3	475.26	-95.966
2891.7	499.79	-106.84
2700.5	515.87	-118.46
2520.4	535.63	-130.63
2351.4	549.15	-143.02
2193.3	560.94	-155.21
2045.8	570.54	-166.68
1908.5	571.18	-176.77
1781.2	574.55	-184.93
1663.4	563.41	-190.48
1554.5	559.78	-193.29
1453.9	539.71	-192.93
1361.1	530.26	-189.99
1275.5	508.03	-184.38
1196.4	496.09	-177.32
1123.3	477.65	-168.72
1055.7	466.74	-159.93
993.04	453.88	-150.57
934.96	446.01	-141.64
881.06	438.8	-132.58
830.98	434.77	-124.02
784.43	432.02	-115.47
741.1	431.75	-107.35
700.77	432.81	-99.33
663.19	434.86	-91.692
628.17	438.27	-84.239
595.52	441.9	-77.153
565.06	446.24	-70.32
536.65	450.38	-63.869
510.13	455	-57.719
485.39	459.09	-51.973
462.29	463.27	-46.565
440.73	466.69	-41.564
420.6	469.98	-36.917
401.82	472.24	-32.663
384.29	474.02	-28.762
367.92	474.82	-25.226
352.65	475.11	-22.022
338.41	474.2	-19.146
325.12	472.7	-16.572
312.72	470.1	-14.286
301.16	466.76	-12.262
290.39	462.41	-10.482
280.34	457.33	-8.9224
270.98	451.41	-7.5654
262.25	444.9	-6.3881
254.13	437.43	-5.3735
246.56	429.27	-4.5026
239.51	420.69	-3.7585
232.95	411.67	-3.1257
226.84	402	-2.5901
221.15	392.08	-2.1387
215.86	381.72	-1.76
210.94	371.25	-1.4434
206.36	360.62	-1.18
202.1	349.86	-0.96157
198.14	339.01	-0.78122
194.46	328.21	-0.63283
191.03	317.44	-0.51118
187.85	306.75	-0.41178
184.89	296.24	-0.33085
182.14	285.88	-0.26515
179.58	275.67	-0.21198
177.21	265.72	-0.16908
175	256	-0.13457
172.95	246.53	-0.10687
171.05	237.34	-0.084696
169.28	228.43	-0.066994
167.64	219.8	-0.052894
166.11	211.42	-0.041687
164.69	203.34	-0.032799
163.38	195.57	-0.025764
162.15	188.06	-0.020207
161.02	180.79	-0.015825
159.97	173.86	-0.012376
158.99	167.14	-0.0096654
158.08	160.68	-0.0075389
157.23	154.54	-0.005873
156.45	148.54	-0.0045698
155.72	142.79	-0.0035518
155.05	137.33	-0.0027576
154.42	132.03	-0.0021387
153.84	126.93	-0.001657
153.3	122.58	-0.0012826
152.8	117.47	-0.00098973
152.33	112.93	-0.00076632
151.9	108.65	-0.00059036
151.5	103.72	-0.00045639
151.13	100.55	-0.00035255
150.78	97.463	-0.00027098
150.46	93.055	-0.00020813
150.16	89.512	-0.00016044
149.89	86.153	-0.00012306
149.63	82.268	-9.473e-05
149.39	79.798	-7.2878e-05
149.17	77.394	-5.5793e-05
148.97	73.905	-4.2687e-05
148.78	70.579	-3.2781e-05
148.6	68.472	-2.516e-05
148.43	65.935	-1.9215e-05
148.28	63.45	-1.473e-05
148.14	61.561	-1.1237e-05
148.01	58.822	-8.5664e-06
147.89	56.187	-6.5547e-06
147.78	54.515	-5.012e-06
147.67	52.503	-3.8131e-06
147.57	50.553	-2.9112e-06
147.48	49.064	-2.2113e-06
147.4	46.867	-1.678e-06
147.32	44.773	-1.2775e-06
147.25	43.468	-9.7165e-07
147.18	41.888	-7.348e-07
147.12	40.324	-5.574e-07
147.06	39.138	-4.2031e-07
147.01	37.409	-3.1638e-07
146.96	35.746	-2.3879e-07
146.91	34.701	-1.7986e-07
146.87	33.69	-1.3454e-07
146.83	32.198	-1.004e-07
146.79	31.009	-7.5079e-08
146.76	29.878	-5.5729e-08
146.73	28.552	-4.1451e-08
146.7	27.727	-3.0753e-08
146.67	26.923	-2.2657e-08
146.64	25.73	-1.6669e-08
146.62	24.78	-1.2323e-08
146.6	23.881	-9.0846e-09
146.58	22.824	-6.7674e-09
146.56	22.168	-5.0929e-09
146.54	21.528	-3.88e-09
146.53	20.572	-3.0307e-09
146.51	19.813	-2.4545e-09
146.5	19.101	-2.0607e-09
146.48	18.255	-1.8091e-09
146.47	17.724	-1.653e-09
146.46	17.215	-1.5628e-09
146.45	16.456	-1.5192e-09
146.44	15.849	-1.5064e-09
146.43	15.275	-1.5122e-09
146.42	14.597	-1.528e-09
146.42	14.172	-1.5475e-09
146.41	13.762	-1.5666e-09
146.4	13.155	-1.5821e-09
146.4	12.576	-1.5931e-09
146.39	12.211	-1.6002e-09
146.38	11.765	-1.6032e-09
146.38	11.333	-1.6021e-09
146.37	11.003	-1.5972e-09
146.37	10.514	-1.5886e-09
146.37	10.046	-1.5767e-09
146.36	9.7545	-1.5614e-09
146.36	9.3985	-1.5428e-09
146.36	9.0484	-1.5215e-09
146.35	8.7832	-1.4972e-09
146.35	8.3916	-1.4702e-09
146.35	8.0164	-1.4413e-09
146.35	7.782	-1.4104e-09
146.34	7.4961	-1.3772e-09
146.34	7.2142	-1.3429e-09
146.34	7.0006	-1.3064e-09
146.34	6.6864	-1.2688e-09
146.34	6.3853	-1.2307e-09
146.33	6.1943	-1.1917e-09
146.33	6.0107	-1.1515e-09
146.33	5.7391	-1.1108e-09
146.33	5.522	-1.0704e-09
146.33	5.3147	-1.0293e-09
146.33	5.0725	-9.8875e-10
146.33	4.9196	-9.4837e-10
146.33	4.7697	-9.0761e-10
146.32	4.5516	-8.6724e-10
146.32	4.3759	-8.2801e-10
146.32	4.2121	-7.8873e-10
146.32	4.0175	-7.5077e-10
146.32	3.8919	-7.1354e-10
146.32	3.7717	-6.7658e-10
146.32	3.5978	-6.4051e-10
146.32	3.458	-6.0595e-10
146.32	3.323	-5.7185e-10
146.32	3.1678	-5.3932e-10
146.32	3.0682	-5.0781e-10
146.32	2.971	-4.7691e-10
146.32	2.8314	-4.4713e-10
146.32	2.6976	-4.1893e-10
146.32	2.6111	-3.9183e-10
146.32	2.5079	-3.6543e-10
146.32	2.4067	-3.4057e-10
146.32	2.3287	-3.1642e-10
146.32	2.2173	-2.9341e-10
146.32	2.1108	-2.7184e-10
146.31	2.0416	-2.5135e-10
146.31	1.9591	-2.3159e-10
146.31	1.8783	-2.1317e-10
146.31	1.816	-1.9549e-10
146.31	1.7274	-1.7881e-10
146.31	1.6429	-1.6336e-10
146.31	1.5879	-1.4883e-10
146.31	1.5227	-1.35e-10
146.31	1.459	-1.2226e-10
146.31	1.4086	-1.1018e-10
146.31	1.3391	-9.8941e-11
146.31	1.2732	-8.8668e-11
146.31	1.2295	-7.9148e-11
146.31	1.1868	-7.0217e-11
146.31	1.1278	-6.1999e-11
146.31	1.0799	-5.458e-11
146.31	1.0344	-4.7687e-11
146.31	0.98208	-4.1511e-11
146.31	0.94874	-3.5907e-11
146.31	0.91564	-3.0766e-11
146.31	0.86971	-2.6154e-11
146.31	0.83248	-2.2099e-11
146.31	0.79714	-1.8442e-11
146.31	0.7575	-1.5271e-11
146.31	0.73148	-1.2494e-11
146.31	0.70613	-1.0047e-11
146.31	0.67109	-7.9492e-12
146.31	0.64266	-6.1978e-12
146.31	0.61611	-4.7078e-12
146.31	0.58578	-3.5001e-12
146.31	0.56618	-2.5654e-12
146.31	0.54721	-1.8381e-12
146.31	0.52079	-1.2893e-12
146.31	0.49952	-8.986e-13
146.31	0.47981	-6.2867e-13
146.31	0.45706	-4.6458e-13
146.31	0.44284	-3.7815e-13
146.31	0.42905	-3.4734e-13
146.31	0.40938	-3.5135e-13
146.31	0.39079	-3.6784e-13
146.31	0.37943	-3.766e-13
146.31	0.36581	-3.5737e-13
146.31	0.35271	-2.9162e-13
146.31	0.34303	-1.5838e-13
146.31	0.3287	6.0011e-14
146.31	0.31525	3.7495e-13
146.31	0.30758	8.0515e-13
146.31	0.29776	1.3758e-12
146.31	0.28858	2.0834e-12
146.31	0.28239	2.9644e-12
146.31	0.27212	4.0219e-12
146.31	0.26437	5.2471e-12
146.31	0.25748	6.6903e-12
146.31	0.25091	8.3163e-12
146.31	0.24484	1.0187e-11
146.31	0.2373	1.2251e-11
146.31	0.23392	1.4542e-11
146.31	0.22906	1.7113e-11
146.31	0.22449	1.9885e-11
146.31	0.22202	2.2952e-11
146.31	0.21646	2.6278e-11
146.31	0.21281	2.9804e-11
146.31	0.20952	3.3647e-11
146.31	0.20674	3.7687e-11
146.31	0.20418	4.2054e-11
146.31	0.1999	4.6609e-11
146.31	0.19942	5.1417e-11
146.31	0.19761	5.6562e-11
146.31	0.19584	6.1875e-11
146.31	0.19442	6.7525e-11
146.31	0.19324	7.3329e-11
146.31	0.19358	7.9468e-11
146.31	0.19098	8.5846e-11
146.31	0.19045	9.2346e-11
146.31	0.18987	9.9175e-11
146.31	0.1893	1.061e-10
146.31	0.18908	1.1335e-10
146.31	0.18735	1.2067e-10
146.31	0.18883	1.2819e-10
146.31	0.18881	1.36e-10
146.31	0.18899	1.4384e-10
146.31	0.18941	1.5197e-10
146.31	0.18984	1.6012e-10
146.31	0.19183	1.6853e-10
146.31	0.19079	1.7705e-10
146.31	0.19133	1.8555e-10
146.31	0.19209	1.943e-10
146.31	0.19284	2.0298e-10
146.31	0.19357	2.1187e-10
146.31	0.19295	2.2069e-10
146.31	0.19543	2.2954e-10
146.31	0.19638	2.3857e-10
146.31	0.1974	2.4746e-10
146.31	0.1984	2.5651e-10
146.31	0.19945	2.654e-10
146.31	0.20211	2.7442e-10
146.31	0.20162	2.834e-10
146.31	0.20272	2.9219e-10
146.31	0.20383	3.0106e-10
146.31	0.20332	3.0971e-10
146.31	0.20612	3.1826e-10
146.31	0.20724	3.2686e-10
146.31	0.20836	3.3521e-10
146.31	0.20943	3.4356e-10
146.31	0.21062	3.5165e-10
146.31	0.21338	3.597e-10
146.31	0.21276	3.676e-10
146.31	0.21388	3.7519e-10
146.31	0.21492	3.8272e-10
146.31	0.21589	3.8992e-10
146.31	0.21696	3.9703e-10
146.31	0.21614	4.0382e-10
146.31	0.21885	4.1038e-10
146.31	0.21978	4.168e-10
146.31	0.22064	4.2287e-10
146.31	0.22151	4.2878e-10
146.31	0.22236	4.3434e-10
146.31	0.22486	4.3969e-10
146.31	0.22382	4.4477e-10
146.31	0.22448	4.4948e-10
146.31	0.22516	4.5397e-10
146.31	0.22576	4.5808e-10
146.31	0.22635	4.6196e-10
146.31	0.22501	4.6544e-10
146.31	0.22734	4.6862e-10
146.31	0.22774	4.7152e-10
146.31	0.22813	4.7406e-10
146.31	0.22844	4.7629e-10
146.31	0.22874	4.7816e-10
146.31	0.23077	4.7972e-10
146.31	0.22915	4.8093e-10
146.31	0.22927	4.8178e-10
146.31	0.22935-2.8028e-08i	4.8231e-10
146.31	0.2256-8.4083e-08i	4.8247e-10
