50000	45.709	-0.43246
49034	41.152	-0.44988
48077	37.087	-0.4678
47129	36.271	-0.48703
46190	35.915	-0.50692
45260	35.94	-0.52805
44338	36.092	-0.55013
43426	36.472	-0.57356
42522	36.879	-0.5981
41627	37.45	-0.62413
40741	38.022	-0.65148
39864	38.747	-0.6805
38995	39.442	-0.71105
38136	40.276	-0.74348
37285	41.072	-0.77768
36444	42.033	-0.81404
35611	42.958	-0.85244
34787	44.024	-0.89329
33972	45.018	-0.93656
33166	46.187	-0.9826
32369	47.307	-1.0314
31581	48.604	-1.0835
30802	49.811	-1.1389
30032	51.208	-1.1979
29271	52.547	-1.2608
28520	54.099	-1.3281
27777	55.56	-1.3998
27044	57.253	-1.4767
26320	58.868	-1.5588
25605	60.732	-1.6468
24900	62.484	-1.7411
24204	64.485	-1.8425
23517	66.402	-1.9513
22840	68.653	-2.0685
22172	70.787	-2.1945
21514	73.211	-2.3305
20865	75.521	-2.4771
20225	78.209	-2.6357
19596	80.762	-2.8071
18976	83.734	-2.9928
18365	86.582	-3.1941
17765	89.858	-3.4128
17174	92.983	-3.6503
16593	96.626	-3.9091
16022	100.12	-4.1912
15461	104.18	-4.4991
14910	108.09	-4.8357
14369	112.56	-5.2043
13838	116.85	-5.6083
13317	121.88	-6.0521
12806	126.77	-6.5402
12306	132.46	-7.078
11816	137.91	-7.6713
11336	144.18	-8.3273
10867	150.24	-9.0536
10408	157.38	-9.8589
9960.2	164.33	-10.754
9522.7	172.42	-11.75
9095.8	180.25	-12.86
8679.8	189.39	-14.099
8274.5	198.29	-15.486
7880.2	208.68	-17.04
7496.7	218.82	-18.785
7124.4	230.65	-20.745
6763	242.19	-22.952
6412.9	255.64	-25.44
6073.8	268.81	-28.247
5746.1	284.11	-31.419
5429.6	299.08	-35.003
5124.6	316.39	-39.056
4830.8	333.32	-43.638
4548.5	352.69	-48.814
4277.5	371.47	-54.654
4018.1	392.59	-61.225
3770	412.82	-68.597
3533.4	435.03	-76.823
3308.1	455.85	-85.944
3094.3	477.79	-95.966
2891.7	497.65	-106.84
2700.5	517.25	-118.46
2520.4	534.05	-130.63
2351.4	548.86	-143.02
2193.3	560.38	-155.21
2045.8	567.95	-166.68
1908.5	572.01	-176.77
1781.2	573.55	-184.93
1663.4	574.55	-190.48
1554.5	574.55	-193.29
1453.9	574.55	-192.93
1361.1	574.55	-189.99
1275.5	574.55	-184.38
1196.4	574.55	-177.32
1123.3	574.55	-168.72
1055.7	574.55	-159.93
993.04	574.55	-150.57
934.96	574.55	-141.64
881.06	574.55	-132.58
830.98	574.55	-124.02
784.43	574.55	-115.47
741.1	574.55	-107.35
700.77	574.55	-99.33
663.19	574.55	-91.692
628.17	574.55	-84.239
595.52	574.55	-77.153
565.06	574.55	-70.32
536.65	574.55	-63.869
510.13	574.55	-57.719
485.39	574.55	-51.973
462.29	574.55	-46.565
440.73	574.55	-41.564
420.6	574.55	-36.917
401.82	574.55	-32.663
384.29	574.55	-28.762
367.92	574.55	-25.226
352.65	574.55	-22.022
338.41	574.55	-19.146
325.12	574.55	-16.572
312.72	574.55	-14.286
301.16	574.55	-12.262
290.39	574.55	-10.482
280.34	574.55	-8.9224
270.98	574.55	-7.5654
262.25	574.55	-6.3881
254.13	574.55	-5.3735
246.56	574.55	-4.5026
239.51	574.55	-3.7585
232.95	574.55	-3.1257
226.84	574.55	-2.5901
221.15	574.55	-2.1387
215.86	574.55	-1.76
210.94	574.55	-1.4434
206.36	574.55	-1.18
202.1	574.55	-0.96157
198.14	574.55	-0.78122
194.46	574.55	-0.63283
191.03	574.55	-0.51118
187.85	574.55	-0.41178
184.89	574.55	-0.33085
182.14	574.55	-0.26515
179.58	574.55	-0.21198
177.21	574.55	-0.16908
175	574.55	-0.13457
172.95	574.55	-0.10687
171.05	574.55	-0.084696
169.28	574.55	-0.066994
167.64	574.55	-0.052894
166.11	574.55	-0.041687
164.69	574.55	-0.032799
163.38	574.55	-0.025764
162.15	574.55	-0.020207
161.02	574.55	-0.015825
159.97	574.55	-0.012376
158.99	574.55	-0.0096654
158.08	574.55	-0.0075389
157.23	574.55	-0.005873
156.45	574.55	-0.0045698
155.72	574.55	-0.0035518
155.05	574.55	-0.0027576
154.42	574.55	-0.0021387
153.84	574.55	-0.001657
153.3	574.55	-0.0012826
152.8	574.55	-0.00098973
152.33	574.55	-0.00076632
151.9	574.55	-0.00059036
151.5	574.55	-0.00045639
151.13	574.55	-0.00035255
150.78	574.55	-0.00027098
150.46	574.55	-0.00020813
150.16	574.55	-0.00016044
149.89	574.55	-0.00012306
149.63	574.55	-9.473e-05
149.39	574.55	-7.2878e-05
149.17	574.55	-5.5793e-05
148.97	574.55	-4.2687e-05
148.78	574.55	-3.2781e-05
148.6	574.55	-2.516e-05
148.43	574.55	-1.9215e-05
148.28	574.55	-1.473e-05
148.14	574.55	-1.1237e-05
148.01	574.55	-8.5664e-06
147.89	574.55	-6.5547e-06
147.78	574.55	-5.012e-06
147.67	574.55	-3.8131e-06
147.57	574.55	-2.9112e-06
147.48	574.55	-2.2113e-06
147.4	574.55	-1.678e-06
147.32	574.55	-1.2775e-06
147.25	574.55	-9.7165e-07
147.18	574.55	-7.348e-07
147.12	574.55	-5.574e-07
147.06	574.55	-4.2031e-07
147.01	574.55	-3.1638e-07
146.96	574.55	-2.3879e-07
146.91	574.55	-1.7986e-07
146.87	574.55	-1.3454e-07
146.83	574.55	-1.004e-07
146.79	574.55	-7.5079e-08
146.76	574.55	-5.5729e-08
146.73	574.55	-4.1451e-08
146.7	574.55	-3.0753e-08
146.67	574.55	-2.2657e-08
146.64	574.55	-1.6669e-08
146.62	574.55	-1.2323e-08
146.6	574.55	-9.0846e-09
146.58	574.55	-6.7674e-09
146.56	574.55	-5.0929e-09
146.54	574.55	-3.88e-09
146.53	574.55	-3.0307e-09
146.51	574.55	-2.4545e-09
146.5	574.55	-2.0607e-09
146.48	574.55	-1.8091e-09
146.47	574.55	-1.653e-09
146.46	574.55	-1.5628e-09
146.45	574.55	-1.5192e-09
146.44	574.55	-1.5064e-09
146.43	574.55	-1.5122e-09
146.42	574.55	-1.528e-09
146.42	574.55	-1.5475e-09
146.41	574.55	-1.5666e-09
146.4	574.55	-1.5821e-09
146.4	574.55	-1.5931e-09
146.39	574.55	-1.6002e-09
146.38	574.55	-1.6032e-09
146.38	574.55	-1.6021e-09
146.37	574.55	-1.5972e-09
146.37	574.55	-1.5886e-09
146.37	574.55	-1.5767e-09
146.36	574.55	-1.5614e-09
146.36	574.55	-1.5428e-09
146.36	574.55	-1.5215e-09
146.35	574.55	-1.4972e-09
146.35	574.55	-1.4702e-09
146.35	574.55	-1.4413e-09
146.35	574.55	-1.4104e-09
146.34	574.55	-1.3772e-09
146.34	574.55	-1.3429e-09
146.34	574.55	-1.3064e-09
146.34	574.55	-1.2688e-09
146.34	574.55	-1.2307e-09
146.33	574.55	-1.1917e-09
146.33	574.55	-1.1515e-09
146.33	574.55	-1.1108e-09
146.33	574.55	-1.0704e-09
146.33	574.55	-1.0293e-09
146.33	574.55	-9.8875e-10
146.33	574.55	-9.4837e-10
146.33	574.55	-9.0761e-10
146.32	574.55	-8.6724e-10
146.32	574.55	-8.2801e-10
146.32	574.55	-7.8873e-10
146.32	574.55	-7.5077e-10
146.32	574.55	-7.1354e-10
146.32	574.55	-6.7658e-10
146.32	574.55	-6.4051e-10
146.32	574.55	-6.0595e-10
146.32	574.55	-5.7185e-10
146.32	574.55	-5.3932e-10
146.32	574.55	-5.0781e-10
146.32	574.55	-4.7691e-10
146.32	574.55	-4.4713e-10
146.32	574.55	-4.1893e-10
146.32	574.55	-3.9183e-10
146.32	574.55	-3.6543e-10
146.32	574.55	-3.4057e-10
146.32	574.55	-3.1642e-10
146.32	574.55	-2.9341e-10
146.32	574.55	-2.7184e-10
146.31	574.55	-2.5135e-10
146.31	574.55	-2.3159e-10
146.31	574.55	-2.1317e-10
146.31	574.55	-1.9549e-10
146.31	574.55	-1.7881e-10
146.31	574.55	-1.6336e-10
146.31	574.55	-1.4883e-10
146.31	574.55	-1.35e-10
146.31	574.55	-1.2226e-10
146.31	574.55	-1.1018e-10
146.31	574.55	-9.8941e-11
146.31	574.55	-8.8668e-11
146.31	574.55	-7.9148e-11
146.31	574.55	-7.0217e-11
146.31	574.55	-6.1999e-11
146.31	574.55	-5.458e-11
146.31	574.55	-4.7687e-11
146.31	574.55	-4.1511e-11
146.31	574.55	-3.5907e-11
146.31	574.55	-3.0766e-11
146.31	574.55	-2.6154e-11
146.31	574.55	-2.2099e-11
146.31	574.55	-1.8442e-11
146.31	574.55	-1.5271e-11
146.31	574.55	-1.2494e-11
146.31	574.55	-1.0047e-11
146.31	574.55	-7.9492e-12
146.31	574.55	-6.1978e-12
146.31	574.55	-4.7078e-12
146.31	574.55	-3.5001e-12
146.31	574.55	-2.5654e-12
146.31	574.55	-1.8381e-12
146.31	574.55	-1.2893e-12
146.31	574.55	-8.986e-13
146.31	574.55	-6.2867e-13
146.31	574.55	-4.6458e-13
146.31	574.55	-3.7815e-13
146.31	574.55	-3.4734e-13
146.31	574.55	-3.5135e-13
146.31	574.55	-3.6784e-13
146.31	574.55	-3.766e-13
146.31	574.55	-3.5737e-13
146.31	574.55	-2.9162e-13
146.31	574.55	-1.5838e-13
146.31	574.55	6.0011e-14
146.31	574.55	3.7495e-13
146.31	574.55	8.0515e-13
146.31	574.55	1.3758e-12
146.31	574.55	2.0834e-12
146.31	574.55	2.9644e-12
146.31	574.55	4.0219e-12
146.31	574.55	5.2471e-12
146.31	574.55	6.6903e-12
146.31	574.55	8.3163e-12
146.31	574.55	1.0187e-11
146.31	574.55	1.2251e-11
146.31	574.55	1.4542e-11
146.31	574.55	1.7113e-11
146.31	574.55	1.9885e-11
146.31	574.55	2.2952e-11
146.31	574.55	2.6278e-11
146.31	574.55	2.9804e-11
146.31	574.55	3.3647e-11
146.31	574.55	3.7687e-11
146.31	574.55	4.2054e-11
146.31	574.55	4.6609e-11
146.31	574.55	5.1417e-11
146.31	574.55	5.6562e-11
146.31	574.55	6.1875e-11
146.31	574.55	6.7525e-11
146.31	574.55	7.3329e-11
146.31	574.55	7.9468e-11
146.31	574.55	8.5846e-11
146.31	574.55	9.2346e-11
146.31	574.55	9.9175e-11
146.31	574.55	1.061e-10
146.31	574.55	1.1335e-10
146.31	574.55	1.2067e-10
146.31	574.55	1.2819e-10
146.31	574.55	1.36e-10
146.31	574.55	1.4384e-10
146.31	574.55	1.5197e-10
146.31	574.55	1.6012e-10
146.31	574.55	1.6853e-10
146.31	574.55	1.7705e-10
146.31	574.55	1.8555e-10
146.31	574.55	1.943e-10
146.31	574.55	2.0298e-10
146.31	574.55	2.1187e-10
146.31	574.55	2.2069e-10
146.31	574.55	2.2954e-10
146.31	574.55	2.3857e-10
146.31	574.55	2.4746e-10
146.31	574.55	2.5651e-10
146.31	574.55	2.654e-10
146.31	574.55	2.7442e-10
146.31	574.55	2.834e-10
146.31	574.55	2.9219e-10
146.31	574.55	3.0106e-10
146.31	574.55	3.0971e-10
146.31	574.55	3.1826e-10
146.31	574.55	3.2686e-10
146.31	574.55	3.3521e-10
146.31	574.55	3.4356e-10
146.31	574.55	3.5165e-10
146.31	574.55	3.597e-10
146.31	574.55	3.676e-10
146.31	574.55	3.7519e-10
146.31	574.55	3.8272e-10
146.31	574.55	3.8992e-10
146.31	574.55	3.9703e-10
146.31	574.55	4.0382e-10
146.31	574.55	4.1038e-10
146.31	574.55	4.168e-10
146.31	574.55	4.2287e-10
146.31	574.55	4.2878e-10
146.31	574.55	4.3434e-10
146.31	574.55	4.3969e-10
146.31	574.55	4.4477e-10
146.31	574.55	4.4948e-10
146.31	574.55	4.5397e-10
146.31	574.55	4.5808e-10
146.31	574.55	4.6196e-10
146.31	574.55	4.6544e-10
146.31	574.55	4.6862e-10
146.31	574.55	4.7152e-10
146.31	574.55	4.7406e-10
146.31	574.55	4.7629e-10
146.31	574.55	4.7816e-10
146.31	574.55	4.7972e-10
146.31	574.55	4.8093e-10
146.31	574.55	4.8178e-10
146.31	574.55	4.8231e-10
146.31	574.55	4.8247e-10
