55000	40.014	-0.29946
54028	31.922	-0.31055
53064	30.635	-0.32178
52108	29.771	-0.3339
51160	29.705	-0.34626
50221	29.467	-0.35943
49289	29.769	-0.37304
48366	29.818	-0.38749
47450	30.335	-0.40248
46542	30.511	-0.41839
45643	31.17	-0.43494
44751	31.456	-0.45249
43868	32.212	-0.47079
42993	32.58	-0.49019
42125	33.451	-0.51048
41266	33.834	-0.53198
40415	34.783	-0.55451
39572	35.24	-0.57841
38737	36.31	-0.6035
37910	36.824	-0.63011
37091	37.968	-0.6581
36280	38.55	-0.68784
35478	39.776	-0.71916
34684	40.4	-0.75244
33898	41.753	-0.78758
33121	42.423	-0.82495
32351	43.883	-0.86448
31590	44.647	-0.90656
30838	46.224	-0.95116
30093	47.054	-0.9987
29358	48.761	-1.0492
28630	49.665	-1.103
27911	51.519	-1.1603
27201	52.507	-1.2216
26499	54.524	-1.2869
25805	55.548	-1.3567
25121	57.81	-1.4313
24444	58.987	-1.5114
23777	61.343	-1.597
23118	62.641	-1.6889
22468	65.287	-1.7875
21826	66.65	-1.8937
21194	69.564	-2.0078
20570	71.145	-2.1307
19955	74.284	-2.2633
19349	75.96	-2.4065
18752	79.426	-2.5611
18164	81.386	-2.7286
17585	85.129	-2.9099
17015	87.23	-3.1068
16454	91.49	-3.3205
15902	93.847	-3.5531
15359	98.613	-3.8062
14826	101.14	-4.0826
14302	106.23	-4.3843
13787	109.22	-4.7144
13282	115.05	-5.0759
12786	118.31	-5.4726
12300	124.91	-5.9087
11823	128.62	-6.3886
11355	135.79	-6.9177
10898	139.91	-7.5021
10450	148.16	-8.1486
10012	152.88	-8.8649
9583	162.13	-9.6602
9164.4	167.56	-10.545
8755.7	178.04	-11.53
8357	184.17	-12.63
7968.2	196.12	-13.86
7589.5	203.21	-15.238
7220.9	216.78	-16.784
6862.5	224.96	-18.522
6514.3	240.44	-20.48
6176.5	249.88	-22.688
5848.8	267.58	-25.183
5531.6	278.51	-28.004
5224.8	298.63	-31.201
4928.4	311.14	-34.823
4642.5	333.88	-38.933
4367.1	347.95	-43.597
4102.2	372.93	-48.886
3848	388.22	-54.878
3604.4	414.95	-61.652
3371.5	430.7	-69.289
3149.3	457.5	-77.855
2938	473.05	-87.397
2737.6	498.3	-97.933
2548.1	513.13	-109.42
2369.7	535.25	-121.74
2202.3	549.92	-134.66
2045.9	567.46	-147.84
1900.3	582.03	-160.79
1765.4	593.38	-172.88
1640.8	606.55	-183.45
1526.2	609.22	-191.7
1421	617.66	-197.17
1324.7	610.49	-199.21
1236.5	611.65	-198.04
1156	597.54	-193.41
1082.3	592.07	-186.39
1014.9	576.73	-177.02
953.23	567.97	-166.84
896.7	555.49	-155.76
844.84	546.88	-145.11
797.21	537.65	-134.41
753.42	530.35	-124.51
713.12	523.28	-114.8
676.01	517.19	-105.76
641.82	511.75	-96.948
610.29	506.4	-88.671
581.2	501.78	-80.656
554.36	496.47	-73.115
529.58	491.55	-65.898
506.69	485.59	-59.138
485.55	479.7	-52.76
466.02	472.77	-46.847
447.97	465.72	-41.351
431.29	457.58	-36.319
415.87	449.3	-31.714
401.62	440	-27.555
388.45	430.68	-23.803
376.28	420.52	-20.463
365.02	410.34	-17.493
354.62	399.38	-14.883
345.01	388.46	-12.596
336.13	377.1	-10.611
327.92	365.65	-8.895
320.33	353.96	-7.4235
313.32	342.41	-6.167
306.85	330.79	-5.1018
300.87	319.3	-4.2024
295.34	307.78	-3.4484
290.24	296.58	-2.8183
285.54	285.54	-2.2951
281.19	274.64	-1.8623
277.17	263.97	-1.5061
273.47	253.71	-1.214
270.05	243.67	-0.97561
266.89	233.94	-0.78169
263.98	224.52	-0.62459
261.29	215.44	-0.49774
258.82	206.66	-0.39565
256.53	198.19	-0.31373
254.42	190.03	-0.24822
252.48	182.2	-0.19596
250.68	174.68	-0.15439
249.03	167.47	-0.1214
247.5	160.53	-0.095281
246.09	153.87	-0.074653
244.8	147.49	-0.058391
243.6	141.4	-0.045601
242.5	135.55	-0.03556
241.48	129.92	-0.02769
240.55	124.54	-0.021533
239.68	119.39	-0.016723
238.89	114.5	-0.012972
238.15	109.75	-0.010051
237.48	105.23	-0.0077786
236.85	100.91	-0.0060135
236.28	96.748	-0.0046444
235.75	93.142	-0.0035836
235.26	88.972	-0.0027564
234.81	85.292	-0.0021272
234.4	81.844	-0.0016333
234.01	77.887	-0.0012585
233.66	75.297	-0.00096916
233.34	72.791	-0.00074261
233.04	69.28	-0.00056867
232.76	66.438	-0.00043709
232.51	63.755	-0.00033432
232.28	60.684	-0.0002567
232.06	58.684	-0.000197
231.86	56.748	-0.00015048
231.68	54.016	-0.0001149
231.51	51.418	-8.808e-05
231.35	49.731	-6.7498e-05
231.21	47.736	-5.1491e-05
231.08	45.79	-3.9441e-05
230.96	44.289	-3.0074e-05
230.85	42.174	-2.2927e-05
230.74	40.142	-1.755e-05
230.65	38.829	-1.3432e-05
230.56	37.282	-1.0234e-05
230.48	35.76	-7.8286e-06
230.4	34.591	-5.9616e-06
230.34	32.95	-4.5382e-06
230.27	31.372	-3.4684e-06
230.21	30.343	-2.6497e-06
230.16	29.131	-2.0145e-06
230.11	27.958	-1.5375e-06
230.07	27.042	-1.1689e-06
230.02	25.756	-8.8798e-07
229.99	24.533	-6.7702e-07
229.95	23.732	-5.1591e-07
229.92	22.961	-3.9129e-07
229.89	21.865	-2.968e-07
229.86	20.984	-2.2624e-07
229.83	20.15	-1.7195e-07
229.81	19.188	-1.316e-07
229.79	18.568	-1.0114e-07
229.77	17.965	-7.7906e-08
229.75	17.112	-6.0596e-08
229.73	16.423	-4.7948e-08
229.72	15.768	-3.8464e-08
229.7	15.015	-3.1637e-08
229.69	14.533	-2.6681e-08
229.68	14.062	-2.3081e-08
229.67	13.394	-2.0556e-08
229.65	12.855	-1.8845e-08
229.65	12.34	-1.7679e-08
229.64	11.755	-1.6938e-08
229.63	11.375	-1.6482e-08
229.62	11.003	-1.6222e-08
229.61	10.483	-1.6098e-08
229.61	10.059	-1.6055e-08
229.6	9.6584	-1.6045e-08
229.6	9.1979	-1.6037e-08
229.59	8.8999	-1.6006e-08
229.59	8.6093	-1.5942e-08
229.58	8.1995	-1.5846e-08
229.58	7.8082	-1.5723e-08
229.57	7.5526	-1.5572e-08
229.57	7.2518	-1.5393e-08
229.57	6.9566	-1.5193e-08
229.57	6.7293	-1.4967e-08
229.56	6.4069	-1.4721e-08
229.56	6.0987	-1.446e-08
229.56	5.8986	-1.4182e-08
229.56	5.6621	-1.3886e-08
229.55	5.4308	-1.3581e-08
229.55	5.2516	-1.3259e-08
229.55	4.9977	-1.2928e-08
229.55	4.7561	-1.2593e-08
229.55	4.5991	-1.2253e-08
229.55	4.4122	-1.19e-08
229.55	4.2302	-1.155e-08
229.54	4.0898	-1.1192e-08
229.54	3.8902	-1.0832e-08
229.54	3.6998	-1.0476e-08
229.54	3.5764	-1.0122e-08
229.54	3.4568	-9.7641e-09
229.54	3.2866	-9.408e-09
229.54	3.1488	-9.0613e-09
229.54	3.0191	-8.713e-09
229.54	2.8708	-8.3749e-09
229.54	2.7729	-8.042e-09
229.54	2.6788	-7.7101e-09
229.54	2.5463	-7.384e-09
229.54	2.4376	-7.0702e-09
229.54	2.3357	-6.7582e-09
229.54	2.2192	-6.4587e-09
229.53	2.1423	-6.1664e-09
229.53	2.0679	-5.8775e-09
229.53	1.9641	-5.597e-09
229.53	1.8796	-5.3285e-09
229.53	1.7998	-5.0639e-09
229.53	1.7088	-4.8122e-09
229.53	1.6484	-4.5683e-09
229.53	1.5899	-4.3288e-09
229.53	1.5092	-4.0977e-09
229.53	1.4316	-3.8784e-09
229.53	1.3805	-3.6671e-09
229.53	1.3206	-3.4604e-09
229.53	1.262	-3.2648e-09
229.53	1.2163	-3.0739e-09
229.53	1.1535	-2.8908e-09
229.53	1.0933	-2.7181e-09
229.53	1.0529	-2.5526e-09
229.53	1.0065	-2.3917e-09
229.53	0.96099	-2.2404e-09
229.53	0.92484	-2.0936e-09
229.53	0.87609	-1.9536e-09
229.53	0.8293	-1.8224e-09
229.53	0.79774	-1.6974e-09
229.53	0.76151	-1.5767e-09
229.53	0.72559	-1.4639e-09
229.53	0.69711	-1.3552e-09
229.53	0.6597	-1.2523e-09
229.53	0.62373	-1.1565e-09
229.53	0.59893	-1.0659e-09
229.53	0.5747	-9.7909e-10
229.53	0.54282	-8.9741e-10
229.53	0.51634	-8.2178e-10
229.53	0.49142	-7.4963e-10
229.53	0.46343	-6.8312e-10
229.53	0.4442	-6.2086e-10
229.53	0.42541	-5.6177e-10
229.53	0.40089	-5.0677e-10
229.53	0.3804	-4.5644e-10
229.53	0.3613	-4.09e-10
229.53	0.33995	-3.6581e-10
229.53	0.32507	-3.2593e-10
229.53	0.31064	-2.8863e-10
229.53	0.29212	-2.5445e-10
229.53	0.27665	-2.2368e-10
229.53	0.2622	-1.9519e-10
229.53	0.24626	-1.6975e-10
229.53	0.23519	-1.4672e-10
229.53	0.22439	-1.2566e-10
229.53	0.21078	-1.0682e-10
229.53	0.19952	-9.0295e-11
229.53	0.1891	-7.5428e-11
229.53	0.17771	-6.2557e-11
229.53	0.16975	-5.1304e-11
229.53	0.16222	-4.1398e-11
229.53	0.15269	-3.2908e-11
229.53	0.14379	-2.5817e-11
229.53	0.13772	-1.9861e-11
229.53	0.13113	-1.4861e-11
229.53	0.12482	-1.0862e-11
229.53	0.12	-7.738e-12
229.53	0.11383	-5.3513e-12
229.53	0.10798	-3.5999e-12
229.53	0.1044	-2.3487e-12
229.53	0.10036	-1.4978e-12
229.53	0.096521	-9.8768e-13
229.53	0.093985	-7.177e-13
229.53	0.090269	-6.1677e-13
229.53	0.087632	-6.0716e-13
229.53	0.085263	-6.1602e-13
229.53	0.083134	-5.7591e-13
229.53	0.081288	-4.2092e-13
229.53	0.079083	-9.656e-14
229.53	0.078548	4.5314e-13
229.53	0.077589	1.2951e-12
229.53	0.076683	2.4503e-12
229.53	0.076614	4.0008e-12
229.53	0.07553	5.9721e-12
229.53	0.075406	8.3602e-12
229.53	0.075377	1.1275e-11
229.53	0.075488	1.4653e-11
229.53	0.075698	1.8629e-11
229.53	0.075445	2.31e-11
229.53	0.076651	2.8142e-11
229.53	0.077277	3.3866e-11
229.53	0.078037	4.0102e-11
229.53	0.078954	4.7061e-11
229.53	0.079764	5.4528e-11
229.53	0.081519	6.2745e-11
229.53	0.082125	7.1602e-11
229.53	0.083187	8.0934e-11
229.53	0.084377	9.1037e-11
229.53	0.085789	1.0158e-10
229.53	0.087202	1.1291e-10
229.53	0.087854	1.2464e-10
229.53	0.090099	1.3694e-10
229.53	0.091563	1.5e-10
229.53	0.092939	1.6338e-10
229.53	0.094669	1.775e-10
229.53	0.096319	1.919e-10
229.53	0.098542	2.07e-10
229.53	0.099392	2.2255e-10
229.53	0.10099	2.3827e-10
229.53	0.10265	2.5465e-10
229.53	0.10433	2.7112e-10
229.53	0.10592	2.8819e-10
229.53	0.10669	3.0529e-10
229.53	0.10918	3.2265e-10
229.53	0.11076	3.4054e-10
229.53	0.11241	3.5834e-10
229.53	0.11397	3.766e-10
229.53	0.11554	3.947e-10
229.53	0.11803	4.132e-10
229.53	0.11864	4.3176e-10
229.53	0.12014	4.5005e-10
229.53	0.12164	4.6864e-10
229.53	0.12209	4.8686e-10
229.53	0.12453	5.0504e-10
229.53	0.12592	5.2341e-10
229.53	0.12732	5.4134e-10
229.53	0.12862	5.5937e-10
229.53	0.12996	5.7688e-10
229.53	0.13224	5.9442e-10
229.53	0.13247	6.1167e-10
229.53	0.13367	6.2837e-10
229.53	0.13482	6.4499e-10
229.53	0.13596	6.6096e-10
229.53	0.13705	6.7676e-10
229.53	0.13695	6.9188e-10
229.53	0.13909	7.0652e-10
229.53	0.14001	7.2097e-10
229.53	0.14094	7.3461e-10
229.53	0.14182	7.4794e-10
229.53	0.1427	7.6049e-10
229.53	0.14455	7.7266e-10
229.53	0.14415	7.8419e-10
229.53	0.14489	7.9492e-10
229.53	0.14555	8.0514e-10
229.53	0.14611	8.1453e-10
229.53	0.14669	8.234e-10
229.53	0.14599	8.3141e-10
229.53	0.14766	8.3871e-10
229.53	0.14805	8.4535e-10
229.53	0.14844	8.5118e-10
229.53	0.14874	8.5632e-10
229.53	0.14902	8.6066e-10
229.53	0.1504	8.6425e-10
229.53	0.14941	8.6701e-10
229.53	0.14953	8.6901e-10
229.53	0.14961-1.6702e-08i	8.7017e-10
229.53	0.14716-5.0105e-08i	8.706e-10
