55000	27.254	-0.16648
54175	24.425	-0.17173
53356	21.897	-0.17696
52543	21.387	-0.18257
51735	21.136	-0.18823
50933	21.085	-0.19423
50138	21.105	-0.20035
49347	21.231	-0.20684
48563	21.384	-0.21348
47784	21.616	-0.2205
47012	21.838	-0.22772
46245	22.12	-0.23533
45483	22.39	-0.24317
44728	22.725	-0.25145
43978	23.048	-0.25999
43234	23.436	-0.269
42496	23.802	-0.27832
41763	24.226	-0.28813
41037	24.613	-0.29831
40316	25.063	-0.30902
39601	25.494	-0.32017
38892	25.996	-0.33188
38188	26.466	-0.34408
37491	27.014	-0.35695
36799	27.516	-0.37032
36114	28.075	-0.38444
35434	28.609	-0.39918
34760	29.237	-0.4147
34092	29.828	-0.43094
33430	30.497	-0.44804
32774	31.114	-0.46597
32123	31.823	-0.48488
31479	32.503	-0.50467
30841	33.281	-0.52561
30209	33.988	-0.54757
29583	34.8	-0.57079
28962	35.581	-0.59519
28348	36.476	-0.62104
27740	37.29	-0.6482
27138	38.21	-0.677
26542	39.105	-0.70734
25953	40.149	-0.73952
25369	41.113	-0.77346
24792	42.204	-0.8095
24220	43.258	-0.84761
23655	44.446	-0.88809
23096	45.546	-0.93097
22544	46.837	-0.97658
21998	48.075	-1.025
21457	49.438	-1.0765
20924	50.714	-1.1312
20396	52.239	-1.1897
19875	53.705	-1.2518
19360	55.325	-1.3182
18852	56.848	-1.3891
18350	58.636	-1.4648
17854	60.311	-1.5459
17365	62.207	-1.6326
16882	64.051	-1.7255
16406	66.221	-1.8252
15936	68.269	-1.9322
15473	70.58	-2.0472
15017	72.774	-2.1709
14567	75.305	-2.3042
14123	77.735	-2.4478
13687	80.537	-2.6028
13256	83.22	-2.7702
12833	86.304	-2.9514
12416	89.267	-3.1476
12006	92.69	-3.3604
11603	95.983	-3.5914
11207	99.777	-3.8423
10817	103.43	-4.1157
10434	107.65	-4.4134
10059	111.74	-4.7384
9689.5	116.47	-5.0935
9327.4	121.04	-5.4821
8972.3	126.31	-5.908
8624.1	131.45	-6.3756
8282.9	137.43	-6.8894
7948.8	143.24	-7.4548
7621.7	149.96	-8.0788
7301.6	156.52	-8.7674
6988.7	164.17	-9.5297
6682.8	171.67	-10.374
6384.1	180.37	-11.311
6092.5	188.92	-12.353
5808.2	198.88	-13.513
5530.9	208.67	-14.808
5261	220.03	-16.254
4998.1	231.23	-17.873
4742.6	244.26	-19.688
4494.2	257.02	-21.727
4253.1	271.68	-24.021
4019.3	285.91	-26.604
3792.7	302.17	-29.518
3573.5	317.72	-32.807
3361.6	335.21	-36.526
3157.1	351.47	-40.731
2960	369.45	-45.484
2770.5	385.85	-50.85
2588.7	403.86	-56.903
2414.6	420.07	-63.709
2248.5	438.14	-71.332
2090.3	455.06	-79.813
1940.4	474.75	-89.173
1798.7	494.77	-99.399
1665.4	518.55	-110.43
1540.3	543.93	-122.1
1423.6	573.18	-134.23
1314.9	604.39	-146.46
1214.2	637.77	-158.44
1121.1	671.81	-169.64
1035.3	705.08	-179.63
956.3	737.16	-187.81
883.72	765.67	-193.93
817.07	791.75	-197.47
755.85	813.15	-198.65
699.59	832.5	-197.22
647.84	848.23	-193.96
600.18	863.62	-188.84
556.21	877.38	-183.05
515.6	887.53	-176.48
478.01	891.4	-170.22
443.2	891.4	-163.88
410.91	891.4	-158.23
380.93	891.4	-152.7
353.08	891.4	-147.74
327.2	891.4	-142.83
303.14	891.4	-138.29
280.76	891.4	-133.66
259.97	891.4	-129.29
240.64	891.4	-124.77
222.69	891.4	-120.41
206.03	891.4	-115.9
190.57	891.4	-111.46
176.24	891.4	-106.9
162.97	891.4	-102.37
150.69	891.4	-97.727
139.34	891.4	-93.096
128.86	891.4	-88.394
119.19	891.4	-83.698
110.29	891.4	-78.971
102.09	891.4	-74.268
94.549	891.4	-69.574
87.624	891.4	-64.933
81.269	891.4	-60.343
75.444	891.4	-55.843
70.108	891.4	-51.44
65.226	891.4	-47.165
60.762	891.4	-43.028
56.684	891.4	-39.055
52.962	891.4	-35.259
49.568	891.4	-31.659
46.474	891.4	-28.263
43.656	891.4	-25.088
41.091	891.4	-22.135
38.758	891.4	-19.414
36.637	891.4	-16.92
34.71	891.4	-14.656
32.96	891.4	-12.615
31.371	891.4	-10.768
29.93	891.4	-9.1707
28.622	891.4	-7.7299
27.437	891.4	-6.502
26.363	891.4	-5.4358
25.389	891.4	-4.4985
24.508	891.4	-3.7005
23.71	891.4	-3.0394
22.988	891.4	-2.4718
22.334	891.4	-2.0078
21.743	891.4	-1.6225
21.208	891.4	-1.2992
20.725	891.4	-1.0353
20.287	891.4	-0.82489
19.892	891.4	-0.65439
19.535	891.4	-0.51475
19.212	891.4	-0.40513
18.92	891.4	-0.31632
18.657	891.4	-0.24615
18.419	891.4	-0.19179
18.204	891.4	-0.14899
18.01	891.4	-0.11491
17.834	891.4	-0.08878
17.676	891.4	-0.06812
17.533	891.4	-0.05214
17.404	891.4	-0.039994
17.288	891.4	-0.030609
17.183	891.4	-0.023264
17.088	891.4	-0.017721
17.002	891.4	-0.013404
16.925	891.4	-0.01012
16.855	891.4	-0.0076976
16.792	891.4	-0.0058118
16.735	891.4	-0.0043541
16.684	891.4	-0.0032511
16.637	891.4	-0.0024302
16.596	891.4	-0.0018008
16.558	891.4	-0.0013351
16.524	891.4	-0.00098539
16.493	891.4	-0.00072008
16.465	891.4	-0.00052356
16.44	891.4	-0.00038086
16.418	891.4	-0.00027461
16.397	891.4	-0.00019874
16.379	891.4	-0.00014415
16.362	891.4	-0.00010495
16.347	891.4	-7.7902e-05
16.333	891.4	-6.0039e-05
16.321	891.4	-4.867e-05
16.31	891.4	-4.3442e-05
16.3	891.4	-4.2152e-05
16.291	891.4	-4.1882e-05
16.283	891.4	-4.1557e-05
16.275	891.4	-4.1183e-05
16.269	891.4	-4.0747e-05
16.263	891.4	-4.0269e-05
16.257	891.4	-3.9741e-05
16.252	891.4	-3.9155e-05
16.248	891.4	-3.8525e-05
16.243	891.4	-3.7863e-05
16.24	891.4	-3.7161e-05
16.236	891.4	-3.641e-05
16.233	891.4	-3.5639e-05
16.23	891.4	-3.4823e-05
16.228	891.4	-3.3981e-05
16.226	891.4	-3.3127e-05
16.223	891.4	-3.2253e-05
16.221	891.4	-3.1345e-05
16.22	891.4	-3.0438e-05
16.218	891.4	-2.9505e-05
16.217	891.4	-2.8561e-05
16.215	891.4	-2.7628e-05
16.214	891.4	-2.6691e-05
16.213	891.4	-2.5739e-05
16.212	891.4	-2.4803e-05
16.211	891.4	-2.3858e-05
16.21	891.4	-2.2919e-05
16.209	891.4	-2.2003e-05
16.208	891.4	-2.1099e-05
16.207	891.4	-2.0192e-05
16.207	891.4	-1.93e-05
16.206	891.4	-1.8438e-05
16.205	891.4	-1.7579e-05
16.205	891.4	-1.6751e-05
16.204	891.4	-1.5944e-05
16.204	891.4	-1.5142e-05
16.203	891.4	-1.4364e-05
16.203	891.4	-1.3619e-05
16.202	891.4	-1.2884e-05
16.202	891.4	-1.2183e-05
16.202	891.4	-1.1506e-05
16.201	891.4	-1.0841e-05
16.201	891.4	-1.0201e-05
16.2	891.4	-9.593e-06
16.2	891.4	-8.9996e-06
16.2	891.4	-8.4391e-06
16.199	891.4	-7.9015e-06
16.199	891.4	-7.3787e-06
16.199	891.4	-6.8791e-06
16.199	891.4	-6.4098e-06
16.198	891.4	-5.9626e-06
16.198	891.4	-5.53e-06
16.198	891.4	-5.1256e-06
16.197	891.4	-4.7358e-06
16.197	891.4	-4.3668e-06
16.197	891.4	-4.0234e-06
16.197	891.4	-3.6991e-06
16.197	891.4	-3.3887e-06
16.196	891.4	-3.1012e-06
16.196	891.4	-2.8271e-06
16.196	891.4	-2.5703e-06
16.196	891.4	-2.3339e-06
16.195	891.4	-2.1133e-06
16.195	891.4	-1.9045e-06
16.195	891.4	-1.7136e-06
16.195	891.4	-1.5339e-06
16.195	891.4	-1.3678e-06
16.194	891.4	-1.2172e-06
16.194	891.4	-1.0787e-06
16.194	891.4	-9.4969e-07
16.194	891.4	-8.3197e-07
16.194	891.4	-7.2655e-07
16.193	891.4	-6.2943e-07
16.193	891.4	-5.4317e-07
16.193	891.4	-4.6557e-07
16.193	891.4	-3.9506e-07
16.193	891.4	-3.3241e-07
16.193	891.4	-2.7789e-07
16.192	891.4	-2.2925e-07
16.192	891.4	-1.8752e-07
16.192	891.4	-1.5141e-07
16.192	891.4	-1.1999e-07
16.192	891.4	-9.3418e-08
16.192	891.4	-7.1552e-08
16.191	891.4	-5.325e-08
16.191	891.4	-3.8677e-08
16.191	891.4	-2.7115e-08
16.191	891.4	-1.8056e-08
16.191	891.4	-1.1325e-08
16.191	891.4	-6.611e-09
16.191	891.4	-3.4331e-09
16.19	891.4	-2.5777e-09
16.19	891.4	-2.4019e-09
16.19	891.4	-2.6424e-09
16.19	891.4	-3.0345e-09
16.19	891.4	-3.315e-09
16.19	891.4	-3.2537e-09
16.19	891.4	-2.6109e-09
16.19	891.4	-1.1926e-09
16.19	891.4	1.2533e-09
16.189	891.4	4.9072e-09
16.189	891.4	9.8608e-09
16.189	891.4	1.6326e-08
16.189	891.4	2.4599e-08
16.189	891.4	3.456e-08
16.189	891.4	4.6662e-08
16.189	891.4	6.0881e-08
16.189	891.4	7.7052e-08
16.189	891.4	9.5789e-08
16.189	891.4	1.1659e-07
16.188	891.4	1.4017e-07
16.188	891.4	1.6588e-07
16.188	891.4	1.9414e-07
16.188	891.4	2.2551e-07
16.188	891.4	2.5906e-07
16.188	891.4	2.9587e-07
16.188	891.4	3.3544e-07
16.188	891.4	3.7711e-07
16.188	891.4	4.2221e-07
16.188	891.4	4.6934e-07
16.188	891.4	5.1998e-07
16.188	891.4	5.7251e-07
16.188	891.4	6.2766e-07
16.188	891.4	6.8637e-07
16.188	891.4	7.467e-07
16.188	891.4	8.1056e-07
16.187	891.4	8.7586e-07
16.187	891.4	9.4463e-07
16.187	891.4	1.0158e-06
16.187	891.4	1.088e-06
16.187	891.4	1.1635e-06
16.187	891.4	1.24e-06
16.187	891.4	1.3197e-06
16.187	891.4	1.3999e-06
16.187	891.4	1.4819e-06
16.187	891.4	1.567e-06
16.187	891.4	1.6521e-06
16.187	891.4	1.7401e-06
16.187	891.4	1.828e-06
16.187	891.4	1.9186e-06
16.187	891.4	2.0102e-06
16.187	891.4	2.1013e-06
16.187	891.4	2.1948e-06
16.187	891.4	2.2874e-06
16.187	891.4	2.382e-06
16.187	891.4	2.4756e-06
16.187	891.4	2.5695e-06
16.187	891.4	2.6651e-06
16.187	891.4	2.7592e-06
16.187	891.4	2.8547e-06
16.187	891.4	2.9484e-06
16.187	891.4	3.0433e-06
16.187	891.4	3.1377e-06
16.187	891.4	3.2299e-06
16.187	891.4	3.3229e-06
16.187	891.4	3.4134e-06
16.187	891.4	3.503e-06
16.187	891.4	3.5928e-06
16.187	891.4	3.68e-06
16.187	891.4	3.767e-06
16.187	891.4	3.8512e-06
16.187	891.4	3.9351e-06
16.187	891.4	4.0172e-06
16.187	891.4	4.0961e-06
16.187	891.4	4.1742e-06
16.187	891.4	4.2491e-06
16.187	891.4	4.3229e-06
16.187	891.4	4.3932e-06
16.187	891.4	4.4612e-06
16.187	891.4	4.5277e-06
16.187	891.4	4.5906e-06
16.187	891.4	4.6517e-06
16.187	891.4	4.7092e-06
16.187	891.4	4.7646e-06
16.187	891.4	4.8171e-06
16.187	891.4	4.8658e-06
16.187	891.4	4.9122e-06
16.187	891.4	4.9547e-06
16.187	891.4	4.9946e-06
16.187	891.4	5.0307e-06
16.187	891.4	5.0636e-06
16.187	891.4	5.0935e-06
16.187	891.4	5.1196e-06
16.187	891.4	5.1427e-06
16.187	891.4	5.162e-06
16.187	891.4	5.1781e-06
16.187	891.4	5.1906e-06
16.187	891.4	5.1994e-06
16.187	891.4	5.2047e-06
16.187	891.4	5.2064e-06
