65000	44.467	-0.63664
63712	41.615	-0.66271
62437	39.098	-0.69006
61174	38.768	-0.7189
59925	38.675	-0.74912
58688	38.848	-0.78103
57464	39.117	-0.81465
56253	39.56	-0.85011
55054	40.032	-0.88745
53868	40.643	-0.92696
52695	41.268	-0.96861
51534	42.025	-1.0127
50386	42.767	-1.0593
49251	43.636	-1.1087
48128	44.496	-1.1609
47018	45.486	-1.2164
45921	46.449	-1.2751
44837	47.55	-1.3374
43765	48.62	-1.4037
42706	49.826	-1.474
41660	50.997	-1.5488
40627	52.32	-1.6284
39607	53.604	-1.7132
38600	55.051	-1.8036
37605	56.46	-1.9001
36624	58.048	-2.0031
35655	59.59	-2.1132
34700	61.309	-2.2307
33758	62.968	-2.3568
32829	64.846	-2.4918
31913	66.686	-2.6364
31010	68.742	-2.7916
30121	70.73	-2.9583
29245	72.968	-3.1376
28382	75.145	-3.3306
27533	77.575	-3.5382
26697	79.945	-3.7625
25875	82.63	-4.0043
25067	85.251	-4.2656
24272	88.169	-4.5483
23490	91.002	-4.854
22723	94.205	-5.1855
21969	97.355	-5.5448
21229	100.89	-5.9357
20503	104.32	-6.3598
19792	108.17	-6.8217
19094	111.95	-7.3253
18410	116.2	-7.8742
17740	120.34	-8.4734
17085	124.99	-9.128
16444	129.57	-9.845
15818	134.73	-10.629
15205	139.78	-11.489
14608	145.44	-12.432
14025	150.98	-13.468
13456	157.19	-14.606
12902	163.28	-15.858
12363	170.06	-17.235
11839	176.69	-18.75
11330	184.19	-20.419
10835	191.61	-22.259
10355	199.78	-24.281
9890.6	207.67	-26.51
9440.9	216.44	-28.962
9006.1	225.08	-31.654
8586.4	234.58	-34.608
8181.6	243.8	-37.844
7791.9	253.81	-41.379
7417	263.5	-45.226
7056.9	273.88	-49.394
6711.6	283.84	-53.886
6381	294.23	-58.696
6064.8	304.07	-63.802
5763	313.98	-69.168
5475.3	323.1	-74.736
5201.5	331.71	-80.426
4941.3	339.27	-86.13
4694.4	345.57	-91.719
4460.4	350.5	-97.029
4239	353.43	-101.9
4029.6	354.83	-106.13
3831.9	355.12	-109.58
3645.3	355.36	-112.07
3469.4	355.36	-113.54
3303.4	355.36	-113.89
3146.9	355.36	-113.22
2999.4	355.36	-111.49
2860.1	355.36	-108.96
2728.7	355.36	-105.61
2604.6	355.36	-101.8
2487.2	355.36	-97.434
2376.2	355.36	-92.874
2271	355.36	-87.997
2171.3	355.36	-83.122
2076.7	355.36	-78.104
1986.9	355.36	-73.205
1901.5	355.36	-68.295
1820.3	355.36	-63.563
1743	355.36	-58.908
1669.4	355.36	-54.468
1599.3	355.36	-50.171
1532.4	355.36	-46.104
1468.6	355.36	-42.219
1407.8	355.36	-38.568
1349.7	355.36	-35.119
1294.2	355.36	-31.901
1241.3	355.36	-28.893
1190.8	355.36	-26.108
1142.5	355.36	-23.528
1096.5	355.36	-21.153
1052.5	355.36	-18.969
1010.6	355.36	-16.974
970.53	355.36	-15.151
932.33	355.36	-13.495
895.9	355.36	-11.993
861.17	355.36	-10.635
828.06	355.36	-9.4094
796.52	355.36	-8.3081
766.47	355.36	-7.3196
737.86	355.36	-6.4355
710.62	355.36	-5.6461
684.71	355.36	-4.9436
660.06	355.36	-4.3194
636.62	355.36	-3.7664
614.35	355.36	-3.2773
593.18	355.36	-2.846
573.08	355.36	-2.4663
554	355.36	-2.1329
535.88	355.36	-1.8408
518.69	355.36	-1.5855
502.39	355.36	-1.3627
486.93	355.36	-1.1689
472.27	355.36	-1.0006
458.38	355.36	-0.85476
445.22	355.36	-0.7287
432.76	355.36	-0.61997
420.96	355.36	-0.52639
409.78	355.36	-0.44605
399.21	355.36	-0.37721
389.2	355.36	-0.31836
379.73	355.36	-0.26815
370.78	355.36	-0.22544
362.31	355.36	-0.18915
354.3	355.36	-0.1584
346.73	355.36	-0.1324
339.57	355.36	-0.11047
332.81	355.36	-0.091999
326.42	355.36	-0.07648
320.39	355.36	-0.063467
314.68	355.36	-0.052579
309.3	355.36	-0.043482
304.21	355.36	-0.035903
299.41	355.36	-0.029596
294.87	355.36	-0.024358
290.59	355.36	-0.020016
286.55	355.36	-0.016424
282.74	355.36	-0.013457
279.14	355.36	-0.011011
275.74	355.36	-0.0089966
272.53	355.36	-0.0073413
269.51	355.36	-0.0059827
266.65	355.36	-0.0048607
263.96	355.36	-0.0039588
261.42	355.36	-0.0032087
259.02	355.36	-0.0026074
256.76	355.36	-0.0021164
254.63	355.36	-0.0017098
252.62	355.36	-0.0013799
250.72	355.36	-0.0011167
248.93	355.36	-0.00089949
247.24	355.36	-0.00072657
245.65	355.36	-0.00058639
244.15	355.36	-0.00047108
242.74	355.36	-0.00037817
241.4	355.36	-0.00030445
240.14	355.36	-0.00024492
238.96	355.36	-0.00019616
237.84	355.36	-0.00015757
236.79	355.36	-0.00012602
235.79	355.36	-0.00010071
234.86	355.36	-8.0729e-05
233.97	355.36	-6.4663e-05
233.14	355.36	-5.1569e-05
232.36	355.36	-4.1251e-05
231.62	355.36	-3.2857e-05
230.92	355.36	-2.6158e-05
230.26	355.36	-2.0889e-05
229.64	355.36	-1.6672e-05
229.06	355.36	-1.3249e-05
228.51	355.36	-1.0562e-05
227.99	355.36	-8.3842e-06
227.5	355.36	-6.6513e-06
227.04	355.36	-5.2938e-06
226.61	355.36	-4.2107e-06
226.2	355.36	-3.3348e-06
225.81	355.36	-2.6396e-06
225.45	355.36	-2.0961e-06
225.11	355.36	-1.6572e-06
224.78	355.36	-1.3144e-06
224.48	355.36	-1.0419e-06
224.19	355.36	-8.2222e-07
223.92	355.36	-6.4843e-07
223.67	355.36	-5.1297e-07
223.43	355.36	-4.0399e-07
223.2	355.36	-3.1914e-07
222.99	355.36	-2.5191e-07
222.79	355.36	-1.9792e-07
222.6	355.36	-1.5537e-07
222.42	355.36	-1.2232e-07
222.25	355.36	-9.5834e-08
222.09	355.36	-7.5299e-08
221.94	355.36	-5.9103e-08
221.8	355.36	-4.6152e-08
221.67	355.36	-3.5996e-08
221.55	355.36	-2.8149e-08
221.43	355.36	-2.1894e-08
221.32	355.36	-1.7072e-08
221.21	355.36	-1.3284e-08
221.12	355.36	-1.0279e-08
221.02	355.36	-7.9481e-09
220.94	355.36	-6.169e-09
220.85	355.36	-4.7886e-09
220.78	355.36	-3.7058e-09
220.7	355.36	-2.8859e-09
220.63	355.36	-2.2469e-09
220.57	355.36	-1.7601e-09
220.51	355.36	-1.3959e-09
220.45	355.36	-1.12e-09
220.4	355.36	-9.0913e-10
220.35	355.36	-7.5427e-10
220.3	355.36	-6.3766e-10
220.25	355.36	-5.5212e-10
220.21	355.36	-4.9093e-10
220.17	355.36	-4.467e-10
220.13	355.36	-4.1467e-10
220.1	355.36	-3.9241e-10
220.06	355.36	-3.7656e-10
220.03	355.36	-3.655e-10
220	355.36	-3.5781e-10
219.97	355.36	-3.5219e-10
219.95	355.36	-3.4777e-10
219.92	355.36	-3.4399e-10
219.9	355.36	-3.405e-10
219.88	355.36	-3.3688e-10
219.85	355.36	-3.3306e-10
219.83	355.36	-3.2886e-10
219.82	355.36	-3.2413e-10
219.8	355.36	-3.1892e-10
219.78	355.36	-3.133e-10
219.77	355.36	-3.0712e-10
219.75	355.36	-3.0062e-10
219.74	355.36	-2.9374e-10
219.73	355.36	-2.8643e-10
219.71	355.36	-2.7885e-10
219.7	355.36	-2.7116e-10
219.69	355.36	-2.6316e-10
219.68	355.36	-2.5516e-10
219.67	355.36	-2.4705e-10
219.66	355.36	-2.3875e-10
219.65	355.36	-2.3041e-10
219.64	355.36	-2.222e-10
219.64	355.36	-2.1402e-10
219.63	355.36	-2.0576e-10
219.62	355.36	-1.977e-10
219.62	355.36	-1.8962e-10
219.61	355.36	-1.8164e-10
219.61	355.36	-1.7393e-10
219.6	355.36	-1.6636e-10
219.59	355.36	-1.5884e-10
219.59	355.36	-1.516e-10
219.59	355.36	-1.4443e-10
219.58	355.36	-1.3745e-10
219.58	355.36	-1.3078e-10
219.57	355.36	-1.2431e-10
219.57	355.36	-1.1794e-10
219.57	355.36	-1.1187e-10
219.56	355.36	-1.0593e-10
219.56	355.36	-1.002e-10
219.56	355.36	-9.4773e-11
219.56	355.36	-8.9556e-11
219.55	355.36	-8.4462e-11
219.55	355.36	-7.9586e-11
219.55	355.36	-7.4985e-11
219.55	355.36	-7.0511e-11
219.54	355.36	-6.6311e-11
219.54	355.36	-6.2297e-11
219.54	355.36	-5.8414e-11
219.54	355.36	-5.4718e-11
219.54	355.36	-5.1258e-11
219.54	355.36	-4.7918e-11
219.53	355.36	-4.4797e-11
219.53	355.36	-4.184e-11
219.53	355.36	-3.8994e-11
219.53	355.36	-3.6303e-11
219.53	355.36	-3.3799e-11
219.53	355.36	-3.1398e-11
219.53	355.36	-2.917e-11
219.53	355.36	-2.7069e-11
219.53	355.36	-2.5061e-11
219.52	355.36	-2.3173e-11
219.52	355.36	-2.143e-11
219.52	355.36	-1.9767e-11
219.52	355.36	-1.8232e-11
219.52	355.36	-1.6795e-11
219.52	355.36	-1.543e-11
219.52	355.36	-1.4155e-11
219.52	355.36	-1.2984e-11
219.52	355.36	-1.1893e-11
219.52	355.36	-1.086e-11
219.52	355.36	-9.9143e-12
219.52	355.36	-9.0228e-12
219.52	355.36	-8.196e-12
219.52	355.36	-7.4428e-12
219.52	355.36	-6.7454e-12
219.52	355.36	-6.0908e-12
219.52	355.36	-5.4967e-12
219.52	355.36	-4.9438e-12
219.52	355.36	-4.4379e-12
219.52	355.36	-3.9817e-12
219.52	355.36	-3.5571e-12
219.51	355.36	-3.1754e-12
219.51	355.36	-2.8215e-12
219.51	355.36	-2.5044e-12
219.51	355.36	-2.217e-12
219.51	355.36	-1.9519e-12
219.51	355.36	-1.7168e-12
219.51	355.36	-1.5015e-12
219.51	355.36	-1.3082e-12
219.51	355.36	-1.1381e-12
219.51	355.36	-9.8428e-13
219.51	355.36	-8.4929e-13
219.51	355.36	-7.2827e-13
219.51	355.36	-6.2361e-13
219.51	355.36	-5.3168e-13
219.51	355.36	-4.5029e-13
219.51	355.36	-3.8084e-13
219.51	355.36	-3.2031e-13
219.51	355.36	-2.6954e-13
219.51	355.36	-2.259e-13
219.51	355.36	-1.8922e-13
219.51	355.36	-1.5952e-13
219.51	355.36	-1.3468e-13
219.51	355.36	-1.1517e-13
219.51	355.36	-9.9395e-14
219.51	355.36	-8.7327e-14
219.51	355.36	-7.8342e-14
219.51	355.36	-7.1635e-14
219.51	355.36	-6.6868e-14
219.51	355.36	-6.3577e-14
219.51	355.36	-6.1607e-14
219.51	355.36	-6.0396e-14
219.51	355.36	-5.957e-14
219.51	355.36	-5.8814e-14
219.51	355.36	-5.8203e-14
219.51	355.36	-5.7053e-14
219.51	355.36	-5.5376e-14
219.51	355.36	-5.2979e-14
219.51	355.36	-4.9764e-14
219.51	355.36	-4.5457e-14
219.51	355.36	-4.0101e-14
219.51	355.36	-3.3567e-14
219.51	355.36	-2.5676e-14
219.51	355.36	-1.6445e-14
219.51	355.36	-5.9375e-15
219.51	355.36	5.7947e-15
219.51	355.36	1.9135e-14
219.51	355.36	3.3435e-14
219.51	355.36	4.8969e-14
219.51	355.36	6.6027e-14
219.51	355.36	8.4004e-14
219.51	355.36	1.032e-13
219.51	355.36	1.232e-13
219.51	355.36	1.4433e-13
219.51	355.36	1.6627e-13
219.51	355.36	1.8845e-13
219.51	355.36	2.1178e-13
219.51	355.36	2.3503e-13
219.51	355.36	2.5905e-13
219.51	355.36	2.8281e-13
219.51	355.36	3.0668e-13
219.51	355.36	3.3094e-13
219.51	355.36	3.5461e-13
219.51	355.36	3.784e-13
219.51	355.36	4.0128e-13
219.51	355.36	4.2397e-13
219.51	355.36	4.46e-13
219.51	355.36	4.6689e-13
219.51	355.36	4.8727e-13
219.51	355.36	5.0617e-13
219.51	355.36	5.2435e-13
219.51	355.36	5.4099e-13
219.51	355.36	5.5632e-13
219.51	355.36	5.7053e-13
219.51	355.36	5.8305e-13
219.51	355.36	5.9434e-13
219.51	355.36	6.0369e-13
219.51	355.36	6.1153e-13
219.51	355.36	6.1778e-13
219.51	355.36	6.2205e-13
219.51	355.36	6.2474e-13
219.51	355.36	6.2557e-13
