60000	13.415	-0.051588
59347	12.773	-0.052743
58697	12.196	-0.053915
58051	12.058	-0.055131
57409	11.969	-0.056361
56770	11.929	-0.057635
56135	11.911	-0.058934
55504	11.923	-0.060276
54876	11.949	-0.061649
54252	11.987	-0.063067
53631	12.03	-0.06452
53014	12.101	-0.066019
52401	12.179	-0.067557
51792	12.264	-0.069144
51186	12.35	-0.070774
50583	12.455	-0.072455
49984	12.561	-0.074183
49389	12.666	-0.075965
48797	12.768	-0.077798
48209	12.898	-0.079691
47625	13.028	-0.081636
47044	13.155	-0.083645
46467	13.274	-0.085713
45893	13.418	-0.087848
45323	13.564	-0.090046
44756	13.721	-0.092316
44193	13.871	-0.094655
43634	14.022	-0.097072
43078	14.172	-0.099562
42526	14.355	-0.10214
41977	14.53	-0.10479
41432	14.696	-0.10753
40891	14.86	-0.11036
40353	15.067	-0.11329
39818	15.266	-0.11631
39288	15.463	-0.11944
38760	15.652	-0.12267
38237	15.861	-0.12601
37717	16.07	-0.12946
37201	16.288	-0.13303
36688	16.49	-0.13672
36179	16.709	-0.14055
35673	16.941	-0.1445
35171	17.205	-0.1486
34672	17.446	-0.15284
34178	17.683	-0.15724
33686	17.928	-0.16179
33199	18.207	-0.1665
32715	18.478	-0.17139
32234	18.744	-0.17646
31758	19.01	-0.18172
31285	19.306	-0.18717
30815	19.592	-0.19282
30349	19.891	-0.19869
29887	20.195	-0.20479
29428	20.533	-0.21111
28973	20.847	-0.21768
28522	21.178	-0.22451
28074	21.506	-0.2316
27630	21.861	-0.23897
27189	22.207	-0.24664
26753	22.58	-0.25461
26320	22.944	-0.2629
25890	23.332	-0.27153
25464	23.714	-0.28051
25042	24.125	-0.28987
24623	24.529	-0.29961
24209	24.962	-0.30976
23797	25.386	-0.32033
23390	25.839	-0.33136
22986	26.282	-0.34285
22586	26.759	-0.35484
22189	27.227	-0.36736
21797	27.728	-0.38042
21407	28.222	-0.39405
21022	28.755	-0.40829
20640	29.276	-0.42317
20262	29.831	-0.43873
19888	30.373	-0.45498
19517	30.962	-0.47199
19151	31.546	-0.48978
18787	32.169	-0.5084
18428	32.775	-0.52789
18072	33.427	-0.5483
17720	34.073	-0.56969
17372	34.77	-0.5921
17027	35.45	-0.61561
16687	36.175	-0.64025
16350	36.892	-0.66611
16016	37.668	-0.69325
15687	38.434	-0.72176
15361	39.259	-0.75169
15039	40.067	-0.78315
14721	40.93	-0.81622
14406	41.783	-0.85099
14095	42.703	-0.88757
13788	43.61	-0.92608
13485	44.58	-0.96661
13186	45.54	-1.0093
12890	46.574	-1.0543
12598	47.596	-1.1017
12310	48.691	-1.1517
12026	49.771	-1.2044
11745	50.94	-1.2601
11468	52.097	-1.3189
11195	53.332	-1.3809
10926	54.548	-1.4465
10661	55.868	-1.5158
10399	57.181	-1.5891
10141	58.583	-1.6666
9887.3	59.96	-1.7487
9637.1	61.451	-1.8355
9390.7	62.929	-1.9275
9148.1	64.508	-2.0249
8909.3	66.075	-2.1282
8674.3	67.772	-2.2376
8443	69.45	-2.3536
8215.6	71.25	-2.4767
7992	73.038	-2.6073
7772.2	74.952	-2.7459
7556.1	76.848	-2.8931
7343.8	78.902	-3.0493
7135.4	80.925	-3.2153
6930.6	83.075	-3.3916
6729.7	85.221	-3.5789
6532.5	87.559	-3.7779
6339.1	89.876	-3.9894
6149.5	92.331	-4.2142
5963.5	94.737	-4.4531
5781.4	97.329	-4.7069
5602.9	99.934	-4.9766
5428.1	102.7	-5.2632
5257.1	105.4	-5.5676
5089.8	108.31	-5.8908
4926.1	111.23	-6.2339
4766.1	114.29	-6.5978
4609.7	117.29	-6.9838
4457	120.49	-7.3927
4307.9	123.63	-7.8257
4162.4	126.9	-8.2835
4020.5	130.09	-8.7674
3882.1	133.48	-9.2778
3747.3	136.8	-9.8155
3616.1	140.25	-10.381
3488.3	143.58	-10.975
3364	147.03	-11.597
3243.2	150.38	-12.247
3125.9	153.83	-12.924
3011.9	157.14	-13.626
2901.4	160.52	-14.354
2794.2	163.76	-15.103
2690.3	167.05	-15.872
2589.8	170.22	-16.656
2492.5	173.42	-17.452
2398.4	176.49	-18.254
2307.6	179.53	-19.056
2219.9	182.43	-19.853
2135.2	185.29	-20.637
2053.7	188.04	-21.4
1975.1	190.98	-22.135
1899.4	193.63	-22.833
1826.6	195.94	-23.476
1756.5	197.92	-24.087
1689.2	199.49	-24.62
1624.5	201.31	-25.109
1562.4	203.92	-25.533
1502.7	206.3	-25.858
1445.4	207.49	-26.116
1390.5	208.29	-26.328
1337.8	208.92	-26.447
1287.2	209.81	-26.53
1238.6	211.5	-26.558
1192.1	213	-26.49
1147.5	213	-26.374
1104.6	213	-26.237
1063.6	213	-26.058
1024.2	213	-25.796
986.37	213	-25.528
950.11	213	-25.179
915.32	213	-24.794
881.94	213	-24.401
849.91	213	-23.976
819.16	213	-23.475
789.66	213	-22.979
761.34	213	-22.412
734.16	213	-21.817
708.06	213	-21.228
683.01	213	-20.614
658.96	213	-19.943
635.88	213	-19.286
613.71	213	-18.579
592.44	213	-17.861
572.01	213	-17.161
552.41	213	-16.455
533.59	213	-15.713
515.54	213	-14.972
498.22	213	-14.258
481.6	213	-13.524
465.66	213	-12.822
450.38	213	-12.128
435.73	213	-11.422
421.69	213	-10.733
408.24	213	-10.08
395.36	213	-9.4261
383.04	213	-8.8109
371.24	213	-8.2166
359.96	213	-7.6264
349.18	213	-7.0615
338.87	213	-6.5358
329.03	213	-6.021
319.64	213	-5.5448
310.68	213	-5.0938
302.14	213	-4.6563
294	213	-4.2454
286.26	213	-3.8699
278.88	213	-3.5099
271.87	213	-3.1828
265.21	213	-2.8787
258.88	213	-2.5905
252.87	213	-2.3251
247.18	213	-2.0865
241.78	213	-1.8677
236.66	213	-1.6633
231.82	213	-1.4812
227.24	213	-1.3123
222.91	213	-1.1598
218.82	213	-1.0251
214.95	213	-0.90384
211.3	213	-0.79294
207.86	213	-0.6958
204.62	213	-0.60758
201.57	213	-0.52927
198.69	213	-0.46128
195.98	213	-0.40114
193.43	213	-0.34716
191.04	213	-0.30063
188.79	213	-0.25909
186.67	213	-0.22286
184.68	213	-0.19184
182.82	213	-0.16482
181.07	213	-0.14095
179.43	213	-0.12032
177.89	213	-0.10281
176.45	213	-0.087457
175.1	213	-0.074481
173.83	213	-0.063327
172.65	213	-0.053604
171.54	213	-0.045301
170.5	213	-0.038336
169.53	213	-0.032298
168.62	213	-0.027249
167.77	213	-0.022955
166.97	213	-0.019252
166.23	213	-0.016123
165.53	213	-0.013522
164.88	213	-0.01129
164.28	213	-0.0094404
163.71	213	-0.0078811
163.18	213	-0.0065493
162.69	213	-0.0054333
162.23	213	-0.0045136
161.8	213	-0.0037429
161.39	213	-0.0030886
161.02	213	-0.0025519
160.67	213	-0.0020973
160.34	213	-0.0017198
160.03	213	-0.0014114
159.75	213	-0.0011553
159.48	213	-0.00093986
159.24	213	-0.00076504
159	213	-0.0006186
158.79	213	-0.00049802
158.59	213	-0.00040066
158.4	213	-0.00032082
158.22	213	-0.00025459
158.06	213	-0.00020157
157.91	213	-0.00015789
157.77	213	-0.00012268
157.63	213	-9.4854e-05
157.51	213	-7.2571e-05
157.4	213	-5.4586e-05
157.29	213	-4.0436e-05
157.19	213	-2.956e-05
157.1	213	-2.1017e-05
157.01	213	-1.461e-05
156.93	213	-9.7965e-06
156.85	213	-6.2136e-06
156.78	213	-3.6781e-06
156.72	213	-1.9896e-06
156.65	213	-9.1376e-07
156.6	213	-3.4404e-07
156.54	213	-1.6951e-07
156.5	213	-1.6376e-07
156.45	213	-1.5848e-07
156.41	213	-1.5346e-07
156.37	213	-1.4844e-07
156.33	213	-1.4361e-07
156.29	213	-1.3888e-07
156.26	213	-1.3418e-07
156.23	213	-1.2956e-07
156.2	213	-1.2513e-07
156.18	213	-1.207e-07
156.15	213	-1.1644e-07
156.13	213	-1.1227e-07
156.11	213	-1.0811e-07
156.09	213	-1.0405e-07
156.07	213	-1.0013e-07
156.05	213	-9.6294e-08
156.03	213	-9.2482e-08
156.02	213	-8.8813e-08
156.01	213	-8.517e-08
155.99	213	-8.1613e-08
155.98	213	-7.8196e-08
155.97	213	-7.4864e-08
155.96	213	-7.1564e-08
155.95	213	-6.8401e-08
155.94	213	-6.5273e-08
155.93	213	-6.2233e-08
155.92	213	-5.9326e-08
155.91	213	-5.6461e-08
155.91	213	-5.3727e-08
155.9	213	-5.1035e-08
155.9	213	-4.8473e-08
155.89	213	-4.5995e-08
155.88	213	-4.3564e-08
155.88	213	-4.1255e-08
155.87	213	-3.8996e-08
155.87	213	-3.6822e-08
155.87	213	-3.4765e-08
155.86	213	-3.2757e-08
155.86	213	-3.0863e-08
155.86	213	-2.9019e-08
155.85	213	-2.7282e-08
155.85	213	-2.5621e-08
155.85	213	-2.4011e-08
155.84	213	-2.2499e-08
155.84	213	-2.1037e-08
155.84	213	-1.9668e-08
155.84	213	-1.8348e-08
155.84	213	-1.7096e-08
155.83	213	-1.5928e-08
155.83	213	-1.4807e-08
155.83	213	-1.4321e-08
155.83	213	-1.4487e-08
155.83	213	-1.4757e-08
155.83	213	-1.5125e-08
155.83	213	-1.5593e-08
155.82	213	-1.6136e-08
155.82	213	-1.676e-08
155.82	213	-1.7438e-08
155.82	213	-1.8182e-08
155.82	213	-1.897e-08
155.82	213	-1.9781e-08
155.82	213	-2.0631e-08
155.82	213	-2.1488e-08
155.82	213	-2.2368e-08
155.82	213	-2.324e-08
155.82	213	-2.4109e-08
155.82	213	-2.4987e-08
155.82	213	-2.5839e-08
155.82	213	-2.669e-08
155.81	213	-2.7509e-08
155.81	213	-2.8319e-08
155.81	213	-2.9108e-08
155.81	213	-2.986e-08
155.81	213	-3.0598e-08
155.81	213	-3.13e-08
155.81	213	-3.1977e-08
155.81	213	-3.2641e-08
155.81	213	-3.327e-08
155.81	213	-3.3887e-08
155.81	213	-3.4475e-08
155.81	213	-3.5051e-08
155.81	213	-3.5609e-08
155.81	213	-3.6142e-08
155.81	213	-3.6669e-08
155.81	213	-3.7174e-08
155.81	213	-3.7675e-08
155.81	213	-3.8155e-08
155.81	213	-3.8626e-08
155.81	213	-3.9093e-08
155.81	213	-3.9543e-08
155.81	213	-3.9989e-08
155.81	213	-4.0416e-08
155.81	213	-4.0838e-08
155.81	213	-4.1247e-08
155.81	213	-4.1634e-08
155.81	213	-4.2013e-08
155.81	213	-4.2367e-08
155.81	213	-4.2706e-08
155.81	213	-4.3019e-08
155.81	213	-4.3309e-08
155.81	213	-4.3578e-08
155.81	213	-4.3816e-08
155.81	213	-4.403e-08
155.81	213	-4.421e-08
155.81	213	-4.4361e-08
155.81	213	-4.4481e-08
155.81	213	-4.4565e-08
155.81	213	-4.4616e-08
155.81	213	-4.4634e-08
