60000	46.389	-0.74563
58785	43.444	-0.77684
57582	40.85	-0.80963
56392	40.542	-0.84416
55215	40.478	-0.88055
54050	40.697	-0.91892
52897	41.01	-0.95933
51756	41.501	-1.0021
50628	42.023	-1.0472
49512	42.693	-1.095
48408	43.366	-1.1454
47316	44.179	-1.1988
46237	44.985	-1.2553
45170	45.929	-1.3153
44116	46.853	-1.3788
43073	47.916	-1.4464
42043	48.951	-1.518
41026	50.132	-1.5942
40020	51.277	-1.6752
39027	52.582	-1.7613
38047	53.853	-1.8531
37079	55.285	-1.9511
36123	56.665	-2.0555
35180	58.228	-2.167
34250	59.746	-2.2861
33332	61.446	-2.4135
32427	63.093	-2.5497
31534	64.961	-2.6958
30654	66.787	-2.8525
29787	68.828	-3.0205
28932	70.79	-3.2012
28091	72.999	-3.3952
27262	75.158	-3.6041
26446	77.59	-3.8291
25644	79.961	-4.0719
24854	82.635	-4.3335
24077	85.222	-4.6163
23314	88.117	-4.9227
22563	90.933	-5.2536
21826	94.12	-5.6129
21102	97.223	-6.0023
20392	100.72	-6.4254
19695	104.15	-6.8851
19011	107.98	-7.3857
18341	111.72	-7.9308
17684	115.94	-8.5257
17041	120.08	-9.175
16412	124.7	-9.8844
15797	129.21	-10.661
15195	134.34	-11.51
14607	139.37	-12.442
14034	144.98	-13.465
13474	150.43	-14.587
12928	156.58	-15.82
12397	162.65	-17.176
11880	169.44	-18.669
11376	176.03	-20.311
10888	183.41	-22.118
10413	190.63	-24.109
9953.3	198.64	-26.302
9507.6	206.44	-28.714
9076.5	215.13	-31.368
8659.7	223.6	-34.281
8257.5	232.89	-37.476
7869.6	241.88	-40.974
7496.3	251.64	-44.79
7137.3	261.04	-48.939
6792.6	271.1	-53.429
6462.2	280.69	-58.261
6145.9	290.69	-63.424
5843.6	300.09	-68.893
5555.2	309.46	-74.622
5280.4	318.02	-80.545
5019.1	325.98	-86.572
4770.8	332.87	-92.579
4535.4	338.43	-98.424
4312.5	342.63	-103.93
4101.7	345.08	-108.92
3902.4	346.1	-113.2
3714.4	346.1	-116.61
3537.1	346.1	-118.98
3369.9	346.1	-120.28
3212.3	346.1	-120.38
3063.7	346.1	-119.45
2923.7	346.1	-117.42
2791.5	346.1	-114.61
2666.8	346.1	-110.96
2548.9	346.1	-106.84
2437.4	346.1	-102.15
2331.8	346.1	-97.273
2231.7	346.1	-92.068
2136.8	346.1	-86.869
2046.5	346.1	-81.531
1960.7	346.1	-76.324
1879	346.1	-71.117
1801.2	346.1	-66.11
1726.9	346.1	-61.202
1656	346.1	-56.533
1588.2	346.1	-52.031
1523.4	346.1	-47.782
1461.4	346.1	-43.738
1402	346.1	-39.949
1345.2	346.1	-36.383
1290.7	346.1	-33.066
1238.5	346.1	-29.975
1188.4	346.1	-27.119
1140.4	346.1	-24.481
1094.3	346.1	-22.058
1050.1	346.1	-19.832
1007.8	346.1	-17.801
967.17	346.1	-15.948
928.22	346.1	-14.265
890.87	346.1	-12.738
855.07	346.1	-11.357
820.76	346.1	-10.109
787.88	346.1	-8.9862
756.38	346.1	-7.9761
726.21	346.1	-7.07
697.32	346.1	-6.2579
669.66	346.1	-5.5325
643.19	346.1	-4.8845
617.86	346.1	-4.3072
593.62	346.1	-3.7932
570.44	346.1	-3.3367
548.27	346.1	-2.9316
527.08	346.1	-2.5726
506.82	346.1	-2.2549
487.46	346.1	-1.9741
468.96	346.1	-1.7264
451.29	346.1	-1.5079
434.4	346.1	-1.3157
418.28	346.1	-1.1466
402.87	346.1	-0.99809
388.17	346.1	-0.86783
374.12	346.1	-0.7537
360.72	346.1	-0.65385
347.92	346.1	-0.56655
335.7	346.1	-0.49036
324.04	346.1	-0.42391
312.9	346.1	-0.36605
302.28	346.1	-0.31573
292.14	346.1	-0.27198
282.46	346.1	-0.23403
273.22	346.1	-0.20113
264.41	346.1	-0.17265
256	346.1	-0.14802
247.98	346.1	-0.12675
240.33	346.1	-0.10841
233.02	346.1	-0.092603
226.06	346.1	-0.079002
219.41	346.1	-0.067317
213.07	346.1	-0.057288
207.03	346.1	-0.048689
201.27	346.1	-0.041328
195.77	346.1	-0.035036
190.53	346.1	-0.029662
185.54	346.1	-0.025079
180.78	346.1	-0.021178
176.24	346.1	-0.017859
171.92	346.1	-0.01504
167.8	346.1	-0.012649
163.88	346.1	-0.010605
160.14	346.1	-0.0089116
156.59	346.1	-0.0074516
153.2	346.1	-0.0062447
149.98	346.1	-0.0052262
146.91	346.1	-0.0043525
143.99	346.1	-0.00362
141.22	346.1	-0.0030175
138.58	346.1	-0.0025031
136.06	346.1	-0.0020809
133.68	346.1	-0.0017278
131.41	346.1	-0.0014276
129.25	346.1	-0.0011781
127.2	346.1	-0.00097439
125.25	346.1	-0.00080492
123.4	346.1	-0.00066173
121.64	346.1	-0.00054528
119.98	346.1	-0.00044719
118.39	346.1	-0.00036632
116.89	346.1	-0.00030078
115.46	346.1	-0.00024671
114.11	346.1	-0.00020139
112.82	346.1	-0.0001648
111.61	346.1	-0.00013422
110.45	346.1	-0.00010919
109.35	346.1	-8.9048e-05
108.31	346.1	-7.2544e-05
107.33	346.1	-5.8823e-05
106.4	346.1	-4.7822e-05
105.51	346.1	-3.8702e-05
104.67	346.1	-3.1291e-05
103.88	346.1	-2.5365e-05
103.12	346.1	-2.0543e-05
102.41	346.1	-1.6561e-05
101.73	346.1	-1.3339e-05
101.09	346.1	-1.0773e-05
100.49	346.1	-8.6605e-06
99.913	346.1	-6.982e-06
99.37	346.1	-5.6236e-06
98.855	346.1	-4.5091e-06
98.368	346.1	-3.6122e-06
97.906	346.1	-2.9018e-06
97.469	346.1	-2.3204e-06
97.056	346.1	-1.8608e-06
96.665	346.1	-1.4908e-06
96.294	346.1	-1.1889e-06
95.944	346.1	-9.4728e-07
95.612	346.1	-7.5686e-07
95.299	346.1	-6.0187e-07
95.002	346.1	-4.7995e-07
94.721	346.1	-3.8234e-07
94.455	346.1	-3.0311e-07
94.204	346.1	-2.4004e-07
93.966	346.1	-1.906e-07
93.741	346.1	-1.5059e-07
93.528	346.1	-1.193e-07
93.327	346.1	-9.4382e-08
93.136	346.1	-7.4291e-08
92.956	346.1	-5.8395e-08
92.786	346.1	-4.6014e-08
92.625	346.1	-3.6201e-08
92.472	346.1	-2.8322e-08
92.328	346.1	-2.2201e-08
92.192	346.1	-1.7289e-08
92.063	346.1	-1.3451e-08
91.941	346.1	-1.0505e-08
91.826	346.1	-8.207e-09
91.717	346.1	-6.3946e-09
91.614	346.1	-5.0163e-09
91.517	346.1	-3.9384e-09
91.425	346.1	-3.1148e-09
91.338	346.1	-2.4979e-09
91.255	346.1	-2.0306e-09
91.178	346.1	-1.6744e-09
91.104	346.1	-1.4142e-09
91.034	346.1	-1.2202e-09
90.969	346.1	-1.0801e-09
90.907	346.1	-9.8216e-10
90.848	346.1	-9.1392e-10
90.792	346.1	-8.6704e-10
90.74	346.1	-8.3671e-10
90.69	346.1	-8.1839e-10
90.643	346.1	-8.0798e-10
90.599	346.1	-8.031e-10
90.557	346.1	-8.0145e-10
90.517	346.1	-8.0152e-10
90.48	346.1	-8.0231e-10
90.444	346.1	-8.0303e-10
90.411	346.1	-8.0306e-10
90.379	346.1	-8.0214e-10
90.349	346.1	-7.9997e-10
90.321	346.1	-7.9638e-10
90.294	346.1	-7.9133e-10
90.269	346.1	-7.8496e-10
90.245	346.1	-7.7709e-10
90.222	346.1	-7.6803e-10
90.201	346.1	-7.5774e-10
90.18	346.1	-7.4619e-10
90.161	346.1	-7.3362e-10
90.143	346.1	-7.2034e-10
90.126	346.1	-7.0632e-10
90.11	346.1	-6.9136e-10
90.095	346.1	-6.7605e-10
90.08	346.1	-6.5997e-10
90.067	346.1	-6.4346e-10
90.054	346.1	-6.2691e-10
90.042	346.1	-6.1003e-10
90.03	346.1	-5.9274e-10
90.019	346.1	-5.7555e-10
90.009	346.1	-5.5803e-10
89.999	346.1	-5.405e-10
89.99	346.1	-5.2327e-10
89.981	346.1	-5.0611e-10
89.973	346.1	-4.8882e-10
89.965	346.1	-4.7196e-10
89.958	346.1	-4.5506e-10
89.951	346.1	-4.3837e-10
89.944	346.1	-4.2223e-10
89.938	346.1	-4.0635e-10
89.932	346.1	-3.9052e-10
89.926	346.1	-3.7504e-10
89.921	346.1	-3.6013e-10
89.916	346.1	-3.4539e-10
89.911	346.1	-3.3123e-10
89.907	346.1	-3.1743e-10
89.903	346.1	-3.0382e-10
89.899	346.1	-2.906e-10
89.895	346.1	-2.7799e-10
89.891	346.1	-2.6557e-10
89.888	346.1	-2.5376e-10
89.885	346.1	-2.4233e-10
89.882	346.1	-2.3113e-10
89.879	346.1	-2.2033e-10
89.876	346.1	-2.1008e-10
89.873	346.1	-2.0005e-10
89.871	346.1	-1.9055e-10
89.869	346.1	-1.8143e-10
89.867	346.1	-1.7252e-10
89.864	346.1	-1.6398e-10
89.862	346.1	-1.5591e-10
89.861	346.1	-1.4806e-10
89.859	346.1	-1.4065e-10
89.857	346.1	-1.3357e-10
89.856	346.1	-1.2669e-10
89.854	346.1	-1.2011e-10
89.853	346.1	-1.1392e-10
89.851	346.1	-1.0802e-10
89.85	346.1	-1.0229e-10
89.849	346.1	-9.6923e-11
89.848	346.1	-9.1718e-11
89.847	346.1	-8.6759e-11
89.846	346.1	-8.2124e-11
89.845	346.1	-7.7704e-11
89.844	346.1	-7.3428e-11
89.843	346.1	-6.9432e-11
89.842	346.1	-6.5576e-11
89.841	346.1	-6.1912e-11
89.84	346.1	-5.8492e-11
89.84	346.1	-5.5185e-11
89.839	346.1	-5.2104e-11
89.838	346.1	-4.9131e-11
89.838	346.1	-4.6362e-11
89.837	346.1	-4.3734e-11
89.837	346.1	-4.1203e-11
89.836	346.1	-3.8846e-11
89.836	346.1	-3.6581e-11
89.835	346.1	-3.4434e-11
89.835	346.1	-3.2439e-11
89.834	346.1	-3.0523e-11
89.834	346.1	-2.8738e-11
89.834	346.1	-2.7025e-11
89.833	346.1	-2.5433e-11
89.833	346.1	-2.3928e-11
89.833	346.1	-2.2483e-11
89.832	346.1	-2.1145e-11
89.832	346.1	-1.986e-11
89.832	346.1	-1.867e-11
89.831	346.1	-1.7533e-11
89.831	346.1	-1.6464e-11
89.831	346.1	-1.5471e-11
89.831	346.1	-1.4521e-11
89.831	346.1	-1.3641e-11
89.83	346.1	-1.28e-11
89.83	346.1	-1.2021e-11
89.83	346.1	-1.1288e-11
89.83	346.1	-1.0588e-11
89.83	346.1	-9.9402e-12
89.83	346.1	-9.3215e-12
89.829	346.1	-8.7506e-12
89.829	346.1	-8.2043e-12
89.829	346.1	-7.6935e-12
89.829	346.1	-7.2206e-12
89.829	346.1	-6.7714e-12
89.829	346.1	-6.3567e-12
89.829	346.1	-5.9616e-12
89.829	346.1	-5.5971e-12
89.829	346.1	-5.2551e-12
89.829	346.1	-4.931e-12
89.829	346.1	-4.6313e-12
89.829	346.1	-4.3483e-12
89.828	346.1	-4.0861e-12
89.828	346.1	-3.8382e-12
89.828	346.1	-3.6067e-12
89.828	346.1	-3.3931e-12
89.828	346.1	-3.1919e-12
89.828	346.1	-3.0067e-12
89.828	346.1	-2.8336e-12
89.828	346.1	-2.6696e-12
89.828	346.1	-2.5196e-12
89.828	346.1	-2.3769e-12
89.828	346.1	-2.2473e-12
89.828	346.1	-2.1245e-12
89.828	346.1	-2.0113e-12
89.828	346.1	-1.9062e-12
89.828	346.1	-1.8081e-12
89.828	346.1	-1.7179e-12
89.828	346.1	-1.6336e-12
89.828	346.1	-1.5563e-12
89.828	346.1	-1.4852e-12
89.828	346.1	-1.4188e-12
89.828	346.1	-1.3588e-12
89.828	346.1	-1.3014e-12
89.828	346.1	-1.2505e-12
89.828	346.1	-1.2024e-12
89.828	346.1	-1.1588e-12
89.828	346.1	-1.1195e-12
89.828	346.1	-1.0838e-12
89.828	346.1	-1.0517e-12
89.828	346.1	-1.0216e-12
89.828	346.1	-9.9559e-13
89.828	346.1	-9.7263e-13
89.828	346.1	-9.5193e-13
89.828	346.1	-9.3417e-13
89.828	346.1	-9.1834e-13
89.828	346.1	-9.061e-13
89.828	346.1	-8.9498e-13
89.828	346.1	-8.8771e-13
89.828	346.1	-8.8139e-13
89.828	346.1	-8.7843e-13
89.828	346.1	-8.769e-13
