65000	23.671	-0.11942
64098	21.066	-0.12299
63201	18.735	-0.1264
62311	18.251	-0.13017
61426	18.011	-0.13386
60547	17.947	-0.13783
59674	17.949	-0.1418
58807	18.032	-0.14606
57946	18.131	-0.15035
57090	18.3	-0.15493
56240	18.466	-0.15957
55396	18.676	-0.16449
54558	18.882	-0.1695
53725	19.143	-0.17482
52899	19.387	-0.18024
52078	19.676	-0.18599
51263	19.947	-0.19185
50454	20.268	-0.19808
49651	20.56	-0.20445
48853	20.901	-0.21119
48062	21.22	-0.2181
47276	21.599	-0.22542
46496	21.957	-0.23294
45722	22.368	-0.2409
44954	22.736	-0.24909
44192	23.161	-0.25774
43435	23.567	-0.26669
42685	24.036	-0.27613
41940	24.47	-0.28589
41202	24.963	-0.2962
40469	25.418	-0.3069
39743	25.941	-0.31819
39022	26.427	-0.3299
38308	26.988	-0.34227
37599	27.522	-0.35513
36897	28.133	-0.36873
36200	28.685	-0.38288
35510	29.31	-0.39783
34825	29.899	-0.41344
34147	30.595	-0.42994
33475	31.242	-0.44715
32809	31.968	-0.46537
32149	32.642	-0.48446
31495	33.44	-0.50463
30847	34.182	-0.52577
30206	35.017	-0.54817
29571	35.794	-0.57166
28941	36.699	-0.5966
28319	37.55	-0.62278
27702	38.508	-0.65055
27092	39.401	-0.67981
26488	40.435	-0.71088
25890	41.425	-0.74363
25299	42.56	-0.77844
24714	43.614	-0.8152
24135	44.814	-0.85432
23563	45.936	-0.89573
22997	47.237	-0.93983
22437	48.455	-0.98659
21884	49.869	-1.0364
21338	51.22	-1.0894
20798	52.745	-1.1459
20264	54.17	-1.2061
19737	55.839	-1.2704
19216	57.42	-1.339
18702	59.218	-1.4125
18195	60.925	-1.491
17694	62.91	-1.5751
17200	64.769	-1.6653
16712	66.921	-1.762
16232	68.969	-1.8659
15758	71.333	-1.9778
15290	73.594	-2.0979
14829	76.201	-2.2276
14376	78.677	-2.3673
13929	81.529	-2.5184
13488	84.263	-2.6815
13055	87.429	-2.8582
12628	90.462	-3.0497
12209	93.968	-3.2575
11796	97.325	-3.4831
11390	101.22	-3.7286
10991	104.97	-3.9962
10599	109.31	-4.288
10215	113.51	-4.6068
9836.9	118.4	-4.9554
9466.2	123.11	-5.3375
9102.6	128.59	-5.7569
8746	133.91	-6.2176
8396.7	140.1	-6.7249
8054.4	146.13	-7.2844
7719.4	153.15	-7.9019
7391.5	160.01	-8.5856
7070.9	168.01	-9.3428
6757.5	175.84	-10.184
6451.3	184.97	-11.12
6152.4	193.91	-12.163
5860.8	204.33	-13.328
5576.4	214.53	-14.631
5299.4	226.41	-16.093
5029.7	237.95	-17.735
4767.3	251.28	-19.582
4512.3	264.1	-21.667
4264.7	278.75	-24.022
4024.5	292.55	-26.687
3791.9	308.16	-29.708
3566.8	322.54	-33.137
3349.5	338.66	-37.031
3139.9	353.12	-41.458
2938.3	369.34	-46.484
2744.9	383.96	-52.184
2559.8	400.91	-58.635
2383.2	417.02	-65.909
2215.3	436.67	-74.069
2056.2	457	-83.145
1906.1	482.16	-93.155
1765.1	509.5	-104.05
1633	542.07	-115.73
1510	577.04	-127.98
1395.7	615.69	-140.56
1289.9	655.33	-153.04
1192.3	695.42	-165
1102.5	733.96	-175.83
1020.1	769.09	-185.1
944.44	800.45	-192.14
875.11	825.78	-196.79
811.56	846.64	-198.57
753.26	861.24	-197.86
699.75	872.68	-194.5
650.55	879.85	-189.52
605.25	886.24	-182.93
563.47	891.27	-176.08
524.88	895.27	-168.7
489.17	896.63	-161.92
456.1	896.63	-155.17
425.42	896.63	-149.09
396.94	896.63	-143.09
370.47	896.63	-137.52
345.86	896.63	-131.82
322.95	896.63	-126.42
301.63	896.63	-120.87
281.78	896.63	-115.47
263.28	896.63	-109.95
246.03	896.63	-104.51
229.96	896.63	-98.993
214.98	896.63	-93.547
201.01	896.63	-88.087
187.99	896.63	-82.71
175.84	896.63	-77.387
164.52	896.63	-72.18
153.98	896.63	-67.077
144.15	896.63	-62.125
135	896.63	-57.323
126.48	896.63	-52.703
118.56	896.63	-48.266
111.19	896.63	-44.032
104.36	896.63	-40.004
98.011	896.63	-36.194
92.128	896.63	-32.604
86.681	896.63	-29.241
81.641	896.63	-26.101
76.984	896.63	-23.144
72.686	896.63	-20.497
68.723	896.63	-17.993
65.073	896.63	-15.772
61.715	896.63	-13.752
58.631	896.63	-11.878
55.8	896.63	-10.202
53.204	896.63	-8.7465
50.827	896.63	-7.4262
48.652	896.63	-6.2941
46.664	896.63	-5.3039
44.849	896.63	-4.425
43.193	896.63	-3.6704
41.683	896.63	-3.0398
40.308	896.63	-2.5034
39.056	896.63	-2.0414
37.917	896.63	-1.6626
36.882	896.63	-1.341
35.942	896.63	-1.0759
35.088	896.63	-0.8626
34.313	896.63	-0.68832
33.61	896.63	-0.54428
32.973	896.63	-0.43031
32.395	896.63	-0.33724
31.872	896.63	-0.26318
31.398	896.63	-0.20546
30.969	896.63	-0.15979
30.581	896.63	-0.12326
30.229	896.63	-0.095164
29.911	896.63	-0.072887
29.624	896.63	-0.055629
29.363	896.63	-0.04251
29.128	896.63	-0.032375
28.916	896.63	-0.024457
28.723	896.63	-0.018409
28.55	896.63	-0.013869
28.392	896.63	-0.010358
28.25	896.63	-0.0077395
28.122	896.63	-0.005773
28.006	896.63	-0.0042532
27.901	896.63	-0.003115
27.807	896.63	-0.0022778
27.721	896.63	-0.0016444
27.643	896.63	-0.001183
27.574	896.63	-0.00084258
27.51	896.63	-0.0005896
27.453	896.63	-0.00040668
27.401	896.63	-0.00027753
27.355	896.63	-0.00018449
27.312	896.63	-0.00012066
27.274	896.63	-7.6954e-05
27.239	896.63	-4.7535e-05
27.208	896.63	-2.8997e-05
27.179	896.63	-1.8796e-05
27.154	896.63	-1.507e-05
27.13	896.63	-1.4888e-05
27.109	896.63	-1.4942e-05
27.09	896.63	-1.4975e-05
27.072	896.63	-1.4984e-05
27.056	896.63	-1.4972e-05
27.042	896.63	-1.4936e-05
27.029	896.63	-1.4875e-05
27.017	896.63	-1.4793e-05
27.006	896.63	-1.4685e-05
26.996	896.63	-1.4552e-05
26.987	896.63	-1.44e-05
26.979	896.63	-1.4225e-05
26.971	896.63	-1.4025e-05
26.964	896.63	-1.3808e-05
26.958	896.63	-1.3567e-05
26.952	896.63	-1.3306e-05
26.947	896.63	-1.3033e-05
26.942	896.63	-1.2743e-05
26.937	896.63	-1.2433e-05
26.933	896.63	-1.2114e-05
26.929	896.63	-1.1778e-05
26.925	896.63	-1.143e-05
26.922	896.63	-1.1079e-05
26.918	896.63	-1.0719e-05
26.915	896.63	-1.0348e-05
26.913	896.63	-9.9708e-06
26.91	896.63	-9.5962e-06
26.908	896.63	-9.2132e-06
26.905	896.63	-8.8351e-06
26.903	896.63	-8.4574e-06
26.901	896.63	-8.0752e-06
26.899	896.63	-7.6957e-06
26.897	896.63	-7.3255e-06
26.895	896.63	-6.9545e-06
26.893	896.63	-6.5951e-06
26.892	896.63	-6.2418e-06
26.89	896.63	-5.8905e-06
26.889	896.63	-5.5476e-06
26.887	896.63	-5.2184e-06
26.886	896.63	-4.8936e-06
26.884	896.63	-4.5834e-06
26.883	896.63	-4.2834e-06
26.882	896.63	-3.9894e-06
26.88	896.63	-3.7065e-06
26.879	896.63	-3.4392e-06
26.878	896.63	-3.183e-06
26.877	896.63	-2.9343e-06
26.876	896.63	-2.701e-06
26.874	896.63	-2.4757e-06
26.873	896.63	-2.2621e-06
26.872	896.63	-2.0633e-06
26.871	896.63	-1.8757e-06
26.87	896.63	-1.6965e-06
26.869	896.63	-1.531e-06
26.868	896.63	-1.3739e-06
26.867	896.63	-1.2276e-06
26.866	896.63	-1.0938e-06
26.865	896.63	-9.6996e-07
26.864	896.63	-8.5394e-07
26.863	896.63	-7.4905e-07
26.863	896.63	-6.5165e-07
26.862	896.63	-5.6305e-07
26.861	896.63	-4.8406e-07
26.86	896.63	-4.1291e-07
26.859	896.63	-3.4814e-07
26.858	896.63	-2.906e-07
26.858	896.63	-2.4059e-07
26.857	896.63	-1.9609e-07
26.856	896.63	-1.5809e-07
26.855	896.63	-1.254e-07
26.855	896.63	-9.7224e-08
26.854	896.63	-7.3676e-08
26.853	896.63	-5.4603e-08
26.852	896.63	-3.8967e-08
26.852	896.63	-2.6852e-08
26.851	896.63	-1.7581e-08
26.85	896.63	-1.0665e-08
26.85	896.63	-5.8665e-09
26.849	896.63	-3.1147e-09
26.848	896.63	-4.6015e-09
26.848	896.63	-6.4242e-09
26.847	896.63	-8.3098e-09
26.847	896.63	-9.9836e-09
26.846	896.63	-1.1113e-08
26.845	896.63	-1.1408e-08
26.845	896.63	-1.06e-08
26.844	896.63	-8.4502e-09
26.844	896.63	-4.7038e-09
26.843	896.63	9.864e-10
26.843	896.63	8.8159e-09
26.842	896.63	1.8834e-08
26.842	896.63	3.1356e-08
26.841	896.63	4.6849e-08
26.841	896.63	6.5013e-08
26.841	896.63	8.6608e-08
26.84	896.63	1.1154e-07
26.84	896.63	1.3949e-07
26.839	896.63	1.7096e-07
26.839	896.63	2.0668e-07
26.838	896.63	2.4563e-07
26.838	896.63	2.8917e-07
26.838	896.63	3.3679e-07
26.837	896.63	3.877e-07
26.837	896.63	4.4364e-07
26.837	896.63	5.0277e-07
26.836	896.63	5.6715e-07
26.836	896.63	6.3479e-07
26.836	896.63	7.0677e-07
26.835	896.63	7.8431e-07
26.835	896.63	8.6492e-07
26.835	896.63	9.5118e-07
26.835	896.63	1.0419e-06
26.834	896.63	1.1355e-06
26.834	896.63	1.2349e-06
26.834	896.63	1.3371e-06
26.834	896.63	1.445e-06
26.833	896.63	1.5553e-06
26.833	896.63	1.6695e-06
26.833	896.63	1.7895e-06
26.833	896.63	1.9114e-06
26.833	896.63	2.039e-06
26.832	896.63	2.168e-06
26.832	896.63	2.3027e-06
26.832	896.63	2.4406e-06
26.832	896.63	2.5795e-06
26.832	896.63	2.7237e-06
26.832	896.63	2.8684e-06
26.831	896.63	3.018e-06
26.831	896.63	3.1678e-06
26.831	896.63	3.3199e-06
26.831	896.63	3.4766e-06
26.831	896.63	3.6327e-06
26.831	896.63	3.7931e-06
26.831	896.63	3.9526e-06
26.831	896.63	4.1161e-06
26.831	896.63	4.2807e-06
26.83	896.63	4.4438e-06
26.83	896.63	4.6102e-06
26.83	896.63	4.7743e-06
26.83	896.63	4.9417e-06
26.83	896.63	5.1065e-06
26.83	896.63	5.2713e-06
26.83	896.63	5.4384e-06
26.83	896.63	5.6024e-06
26.83	896.63	5.7685e-06
26.83	896.63	5.9308e-06
26.83	896.63	6.0947e-06
26.83	896.63	6.2575e-06
26.83	896.63	6.416e-06
26.83	896.63	6.5757e-06
26.83	896.63	6.7307e-06
26.83	896.63	6.8836e-06
26.83	896.63	7.0365e-06
26.83	896.63	7.1849e-06
26.83	896.63	7.3325e-06
26.83	896.63	7.4753e-06
26.829	896.63	7.6172e-06
26.829	896.63	7.7558e-06
26.829	896.63	7.8888e-06
26.829	896.63	8.0204e-06
26.829	896.63	8.1464e-06
26.829	896.63	8.2702e-06
26.829	896.63	8.3882e-06
26.829	896.63	8.502e-06
26.829	896.63	8.6131e-06
26.829	896.63	8.7182e-06
26.829	896.63	8.8204e-06
26.829	896.63	8.9164e-06
26.829	896.63	9.0086e-06
26.829	896.63	9.0962e-06
26.829	896.63	9.1772e-06
26.829	896.63	9.2542e-06
26.829	896.63	9.3246e-06
26.829	896.63	9.391e-06
26.829	896.63	9.451e-06
26.829	896.63	9.5055e-06
26.829	896.63	9.5551e-06
26.829	896.63	9.5985e-06
26.829	896.63	9.6368e-06
26.829	896.63	9.6686e-06
26.829	896.63	9.6952e-06
26.829	896.63	9.7158e-06
26.829	896.63	9.7304e-06
26.829	896.63	9.7392e-06
26.829	896.63	9.742e-06
