70000	31.481	-0.18497
68894	27.829	-0.19123
67795	24.556	-0.19728
66705	23.845	-0.20404
65624	23.505	-0.21066
64550	23.421	-0.21787
63484	23.424	-0.22511
62427	23.57	-0.23292
61377	23.743	-0.24082
60336	24.017	-0.24931
59303	24.285	-0.25795
58278	24.63	-0.26721
57261	24.959	-0.27667
56252	25.376	-0.28677
55251	25.764	-0.29713
54258	26.228	-0.30819
53274	26.665	-0.31957
52297	27.187	-0.3317
51329	27.668	-0.34421
50369	28.239	-0.35755
49417	28.771	-0.37132
48473	29.382	-0.386
47538	29.943	-0.40121
46611	30.609	-0.41741
45692	31.232	-0.43423
44781	31.948	-0.45214
43879	32.61	-0.47079
42985	33.387	-0.49064
42099	34.105	-0.51136
41222	34.933	-0.53342
40353	35.704	-0.55648
39492	36.605	-0.58104
38640	37.442	-0.60678
37797	38.411	-0.63422
36962	39.314	-0.66301
36135	40.359	-0.69373
35317	41.334	-0.72603
34508	42.464	-0.76053
33707	43.508	-0.79687
32915	44.716	-0.83568
32132	45.849	-0.87672
31357	47.163	-0.92055
30591	48.387	-0.96699
29833	49.818	-1.0166
29085	51.17	-1.0694
28345	52.729	-1.1258
27614	54.172	-1.1859
26892	55.841	-1.2503
26179	57.42	-1.319
25475	59.269	-1.3927
24780	61.001	-1.4715
24094	63.007	-1.5563
23417	64.895	-1.647
22749	67.084	-1.7449
22090	69.138	-1.8499
21440	71.533	-1.9632
20800	73.802	-2.0853
20168	76.475	-2.2173
19546	79.003	-2.3597
18934	81.91	-2.5141
18330	84.652	-2.6812
17736	87.876	-2.8626
17152	90.962	-3.0596
16577	94.563	-3.2741
16011	97.957	-3.5076
15455	101.9	-3.7624
14909	105.72	-4.0407
14372	110.23	-4.3454
13845	114.48	-4.6792
13328	119.42	-5.0456
12821	124.16	-5.4483
12323	129.75	-5.8919
11836	135.14	-6.3813
11358	141.47	-6.9221
10890	147.53	-7.5207
10433	154.67	-8.1846
9985.1	161.57	-8.9223
9547.8	169.71	-9.7436
9120.6	177.59	-10.659
8703.8	186.86	-11.683
8297.2	195.86	-12.829
7901	206.47	-14.116
7515.2	216.79	-15.562
7139.9	228.95	-17.191
6775.1	240.8	-19.03
6421	254.72	-21.11
6077.3	268.22	-23.467
5744.5	284	-26.142
5422.2	299.19	-29.183
5110.9	316.76	-32.646
4810.4	333.44	-36.592
4520.8	352.48	-41.09
4242.3	370.18	-46.222
3975.1	390.07	-52.069
3719.1	408.22	-58.719
3474.7	428.46	-66.26
3242	446.87	-74.769
3021.2	467.45	-84.299
2812.3	486.79	-94.877
2615.8	508.67	-106.45
2431.5	530.12	-118.91
2259.5	553.69	-132
2099.6	577.08	-145.33
1951.8	600.6	-158.4
1815.6	622.38	-170.49
1690.5	640.39	-180.9
1575.9	654.54	-188.76
1471.2	662.73	-193.57
1375.7	666.67	-194.68
1288.5	666.67	-192.36
1208.8	666.67	-186.49
1136	666.67	-178.29
1069.3	666.67	-167.97
1008.1	666.67	-157.25
951.78	666.67	-146.07
899.88	666.67	-135.79
851.97	666.67	-125.78
807.65	666.67	-116.79
766.59	666.67	-108.09
728.51	666.67	-100.06
693.14	666.67	-92.264
660.27	666.67	-84.912
629.68	666.67	-77.773
601.21	666.67	-71.004
574.69	666.67	-64.474
549.97	666.67	-58.32
526.93	666.67	-52.453
505.45	666.67	-46.98
485.41	666.67	-41.836
466.73	666.67	-37.092
449.3	666.67	-32.698
433.05	666.67	-28.694
417.9	666.67	-25.039
403.78	666.67	-21.748
390.62	666.67	-18.788
378.35	666.67	-16.154
366.93	666.67	-13.818
356.3	666.67	-11.765
346.41	666.67	-9.9665
337.2	666.67	-8.405
328.64	666.67	-7.0546
320.69	666.67	-5.8952
313.29	666.67	-4.9041
306.43	666.67	-4.0629
300.06	666.67	-3.3517
294.14	666.67	-2.7539
288.66	666.67	-2.2539
283.57	666.67	-1.8379
278.86	666.67	-1.4931
274.49	666.67	-1.2089
270.44	666.67	-0.97551
266.7	666.67	-0.78465
263.23	666.67	-0.62918
260.02	666.67	-0.50307
257.05	666.67	-0.40109
254.31	666.67	-0.31895
251.77	666.67	-0.25298
249.43	666.67	-0.20017
247.26	666.67	-0.15802
245.26	666.67	-0.12447
243.41	666.67	-0.097845
241.7	666.67	-0.076601
240.12	666.67	-0.060106
238.67	666.67	-0.046884
237.32	666.67	-0.036659
236.08	666.67	-0.028619
234.94	666.67	-0.022216
233.88	666.67	-0.01722
232.9	666.67	-0.013385
232.01	666.67	-0.010347
231.18	666.67	-0.0080225
230.41	666.67	-0.006212
229.7	666.67	-0.0047846
229.05	666.67	-0.0036812
228.45	666.67	-0.0028417
227.9	666.67	-0.0021919
227.39	666.67	-0.001682
226.92	666.67	-0.0012952
226.49	666.67	-0.00099241
226.09	666.67	-0.00075989
225.72	666.67	-0.00058399
225.38	666.67	-0.00044855
225.06	666.67	-0.00034287
224.77	666.67	-0.0002631
224.51	666.67	-0.00020094
224.26	666.67	-0.00015342
224.04	666.67	-0.0001176
223.83	666.67	-9.0116e-05
223.64	666.67	-6.8743e-05
223.46	666.67	-5.2656e-05
223.3	666.67	-4.0151e-05
223.15	666.67	-3.061e-05
223.01	666.67	-2.3433e-05
222.88	666.67	-1.7935e-05
222.76	666.67	-1.3664e-05
222.65	666.67	-1.0407e-05
222.55	666.67	-7.9585e-06
222.46	666.67	-6.0565e-06
222.38	666.67	-4.6274e-06
222.3	666.67	-3.5334e-06
222.23	666.67	-2.6852e-06
222.16	666.67	-2.0397e-06
222.1	666.67	-1.5543e-06
222.04	666.67	-1.178e-06
221.99	666.67	-8.9586e-07
221.94	666.67	-6.8055e-07
221.9	666.67	-5.1416e-07
221.86	666.67	-3.8812e-07
221.82	666.67	-2.9414e-07
221.79	666.67	-2.2195e-07
221.76	666.67	-1.6843e-07
221.73	666.67	-1.2814e-07
221.7	666.67	-9.7532e-08
221.67	666.67	-7.4832e-08
221.65	666.67	-5.8333e-08
221.63	666.67	-4.6055e-08
221.61	666.67	-3.7299e-08
221.59	666.67	-3.1016e-08
221.58	666.67	-2.6522e-08
221.56	666.67	-2.3436e-08
221.55	666.67	-2.1404e-08
221.54	666.67	-2.0095e-08
221.52	666.67	-1.9292e-08
221.51	666.67	-1.8869e-08
221.5	666.67	-1.8692e-08
221.49	666.67	-1.8656e-08
221.48	666.67	-1.8674e-08
221.48	666.67	-1.8679e-08
221.47	666.67	-1.8646e-08
221.46	666.67	-1.8577e-08
221.46	666.67	-1.8473e-08
221.45	666.67	-1.8337e-08
221.45	666.67	-1.8172e-08
221.44	666.67	-1.7979e-08
221.44	666.67	-1.7756e-08
221.43	666.67	-1.7512e-08
221.43	666.67	-1.7242e-08
221.42	666.67	-1.6951e-08
221.42	666.67	-1.6647e-08
221.42	666.67	-1.6326e-08
221.42	666.67	-1.5985e-08
221.41	666.67	-1.5631e-08
221.41	666.67	-1.5271e-08
221.41	666.67	-1.4896e-08
221.41	666.67	-1.452e-08
221.4	666.67	-1.4137e-08
221.4	666.67	-1.3744e-08
221.4	666.67	-1.3347e-08
221.4	666.67	-1.2954e-08
221.4	666.67	-1.2554e-08
221.4	666.67	-1.2161e-08
221.4	666.67	-1.1769e-08
221.4	666.67	-1.1373e-08
221.39	666.67	-1.098e-08
221.39	666.67	-1.0597e-08
221.39	666.67	-1.0213e-08
221.39	666.67	-9.8408e-09
221.39	666.67	-9.4738e-09
221.39	666.67	-9.1076e-09
221.39	666.67	-8.7482e-09
221.39	666.67	-8.4017e-09
221.39	666.67	-8.0634e-09
221.39	666.67	-7.7268e-09
221.39	666.67	-7.4038e-09
221.39	666.67	-7.084e-09
221.39	666.67	-6.773e-09
221.39	666.67	-6.4752e-09
221.39	666.67	-6.1855e-09
221.39	666.67	-5.9e-09
221.39	666.67	-5.6283e-09
221.39	666.67	-5.36e-09
221.39	666.67	-5.1009e-09
221.38	666.67	-4.8543e-09
221.38	666.67	-4.6159e-09
221.38	666.67	-4.3821e-09
221.38	666.67	-4.1602e-09
221.38	666.67	-3.9428e-09
221.38	666.67	-3.7336e-09
221.38	666.67	-3.5354e-09
221.38	666.67	-3.3448e-09
221.38	666.67	-3.1587e-09
221.38	666.67	-2.9801e-09
221.38	666.67	-2.8114e-09
221.38	666.67	-2.6471e-09
221.38	666.67	-2.4923e-09
221.38	666.67	-2.344e-09
221.38	666.67	-2.2e-09
221.38	666.67	-2.0623e-09
221.38	666.67	-1.9331e-09
221.38	666.67	-1.8078e-09
221.38	666.67	-1.6904e-09
221.38	666.67	-1.5785e-09
221.38	666.67	-1.4703e-09
221.38	666.67	-1.3677e-09
221.38	666.67	-1.2718e-09
221.38	666.67	-1.1794e-09
221.38	666.67	-1.0933e-09
221.38	666.67	-1.0119e-09
221.38	666.67	-9.3372e-10
221.38	666.67	-8.6002e-10
221.38	666.67	-7.9169e-10
221.38	666.67	-7.2638e-10
221.38	666.67	-6.6605e-10
221.38	666.67	-6.0938e-10
221.38	666.67	-5.555e-10
221.38	666.67	-5.0513e-10
221.38	666.67	-4.589e-10
221.38	666.67	-4.1581e-10
221.38	666.67	-3.7513e-10
221.38	666.67	-3.3798e-10
221.38	666.67	-3.0306e-10
221.38	666.67	-2.7084e-10
221.38	666.67	-2.4163e-10
221.38	666.67	-2.1478e-10
221.38	666.67	-1.8978e-10
221.38	666.67	-1.6732e-10
221.38	666.67	-1.4653e-10
221.38	666.67	-1.2769e-10
221.38	666.67	-1.1092e-10
221.38	666.67	-9.5582e-11
221.38	666.67	-8.2043e-11
221.38	666.67	-6.9764e-11
221.38	666.67	-5.9028e-11
221.38	666.67	-4.9543e-11
221.38	666.67	-4.1079e-11
221.38	666.67	-3.3816e-11
221.38	666.67	-2.7429e-11
221.38	666.67	-2.1955e-11
221.38	666.67	-1.7376e-11
221.38	666.67	-1.3464e-11
221.38	666.67	-1.0368e-11
221.38	666.67	-7.877e-12
221.38	666.67	-5.9142e-12
221.38	666.67	-4.3736e-12
221.38	666.67	-3.1802e-12
221.38	666.67	-2.3154e-12
221.38	666.67	-1.6971e-12
221.38	666.67	-1.2946e-12
221.38	666.67	-1.0475e-12
221.38	666.67	-9.1848e-13
221.38	666.67	-8.6617e-13
221.38	666.67	-8.5065e-13
221.38	666.67	-8.38e-13
221.38	666.67	-7.9576e-13
221.38	666.67	-6.9655e-13
221.38	666.67	-5.147e-13
221.38	666.67	-2.2176e-13
221.38	666.67	1.9336e-13
221.38	666.67	7.6234e-13
221.38	666.67	1.4824e-12
221.38	666.67	2.3901e-12
221.38	666.67	3.4861e-12
221.38	666.67	4.7572e-12
221.38	666.67	6.2504e-12
221.38	666.67	7.9232e-12
221.38	666.67	9.8319e-12
221.38	666.67	1.1916e-11
221.38	666.67	1.4203e-11
221.38	666.67	1.6731e-11
221.38	666.67	1.9417e-11
221.38	666.67	2.234e-11
221.38	666.67	2.5401e-11
221.38	666.67	2.8692e-11
221.38	666.67	3.2157e-11
221.38	666.67	3.5725e-11
221.38	666.67	3.95e-11
221.38	666.67	4.335e-11
221.38	666.67	4.7321e-11
221.38	666.67	5.1466e-11
221.38	666.67	5.564e-11
221.38	666.67	5.9964e-11
221.38	666.67	6.4276e-11
221.38	666.67	6.8714e-11
221.38	666.67	7.3179e-11
221.38	666.67	7.7593e-11
221.38	666.67	8.2079e-11
221.38	666.67	8.6473e-11
221.38	666.67	9.0906e-11
221.38	666.67	9.5223e-11
221.38	666.67	9.9473e-11
221.38	666.67	1.0371e-10
221.38	666.67	1.0779e-10
221.38	666.67	1.1182e-10
221.38	666.67	1.1567e-10
221.38	666.67	1.1943e-10
221.38	666.67	1.2305e-10
221.38	666.67	1.2643e-10
221.38	666.67	1.297e-10
221.38	666.67	1.3272e-10
221.38	666.67	1.3558e-10
221.38	666.67	1.382e-10
221.38	666.67	1.4059e-10
221.38	666.67	1.4279e-10
221.38	666.67	1.4472e-10
221.38	666.67	1.4644e-10
221.38	666.67	1.4788e-10
221.38	666.67	1.4908e-10
221.38	666.67	1.5002e-10
221.38	666.67	1.5068e-10
221.38	666.67	1.5108e-10
221.38	666.67	1.5122e-10
