80000	34.559	-0.20635
78699	30.418	-0.2136
77408	26.702	-0.22047
76127	25.843	-0.22833
74857	25.421	-0.2359
73596	25.292	-0.24427
72345	25.263	-0.2526
71104	25.402	-0.26167
69873	25.572	-0.27079
68652	25.852	-0.28068
67441	26.126	-0.29068
66240	26.501	-0.30147
65049	26.856	-0.31245
63868	27.302	-0.32427
62696	27.718	-0.33634
61535	28.225	-0.3493
60383	28.699	-0.36259
59242	29.265	-0.37685
58110	29.786	-0.3915
56989	30.407	-0.40721
55877	30.986	-0.42341
54776	31.664	-0.44076
53684	32.288	-0.45869
52603	33.021	-0.47789
51532	33.698	-0.49778
50471	34.485	-0.51908
49420	35.214	-0.54122
48379	36.07	-0.5649
47349	36.863	-0.58958
46329	37.787	-0.61598
45319	38.64	-0.64356
44319	39.633	-0.67306
43330	40.557	-0.70395
42351	41.637	-0.73703
41382	42.634	-0.77173
40424	43.79	-0.8089
39477	44.861	-0.84799
38539	46.112	-0.88987
37613	47.279	-0.93404
36697	48.639	-0.98141
35791	49.894	-1.0315
34896	51.35	-1.0852
34012	52.716	-1.1421
33138	54.315	-1.2033
32275	55.804	-1.2682
31423	57.546	-1.338
30582	59.168	-1.4124
29752	61.045	-1.4924
28932	62.802	-1.5779
28124	64.872	-1.67
27326	66.8	-1.7687
26539	69.036	-1.8751
25764	71.132	-1.9893
24999	73.595	-2.1129
24246	75.924	-2.2458
23504	78.652	-2.3899
22773	81.189	-2.5453
22054	84.145	-2.714
21345	86.944	-2.8966
20649	90.254	-3.0952
19963	93.368	-3.3108
19290	97.005	-3.5458
18627	100.43	-3.8017
17977	104.45	-4.0814
17338	108.25	-4.3868
16710	112.72	-4.7216
16095	116.99	-5.0884
15491	122.02	-5.4915
14900	126.76	-5.9346
14320	132.35	-6.4231
13753	137.69	-6.9619
13197	143.99	-7.5577
12654	149.95	-8.2173
12123	156.96	-8.9491
11604	163.7	-9.762
11098	171.65	-10.667
10604	179.23	-11.676
10123	188.17	-12.803
9654.7	196.78	-14.064
9199.1	206.94	-15.478
8756.1	216.68	-17.065
8326.2	228.13	-18.849
7909.1	239.11	-20.859
7505.2	251.99	-23.125
7114.4	264.33	-25.684
6736.9	278.73	-28.576
6372.6	292.44	-31.848
6021.8	308.31	-35.548
5684.4	323.31	-39.735
5360.7	340.44	-44.466
5050.6	356.47	-49.806
4754.4	374.54	-55.815
4471.9	391.32	-62.551
4203.4	409.94	-70.055
3948.8	427.17	-78.359
3708.3	445.83	-87.439
3481.8	463.14	-97.239
3269.2	481.05	-107.61
3070.3	497.23	-118.31
2885	512.22	-129
2712.8	524.49	-139.2
2553.3	532.82	-148.35
2405.8	537.22	-155.77
2269.8	538.61	-160.96
2144.4	539.37	-163.33
2028.8	539.37	-162.9
1922.3	539.37	-159.56
1823.9	539.37	-154.21
1733	539.37	-147.13
1648.7	539.37	-139.7
1570.4	539.37	-131.82
1497.4	539.37	-124.49
1429.4	539.37	-117.11
1365.8	539.37	-110.17
1306.2	539.37	-103.11
1250.2	539.37	-96.331
1197.6	539.37	-89.472
1148	539.37	-82.892
1101.2	539.37	-76.353
1057	539.37	-70.103
1015.1	539.37	-64.019
975.48	539.37	-58.241
937.83	539.37	-52.721
902.05	539.37	-47.539
868	539.37	-42.67
835.58	539.37	-38.159
804.68	539.37	-33.98
775.19	539.37	-30.152
747.03	539.37	-26.65
720.13	539.37	-23.476
694.42	539.37	-20.605
669.83	539.37	-18.027
646.31	539.37	-15.718
623.8	539.37	-13.664
602.26	539.37	-11.84
581.65	539.37	-10.231
561.91	539.37	-8.8134
543.03	539.37	-7.5717
524.96	539.37	-6.4864
507.66	539.37	-5.5423
491.13	539.37	-4.7226
475.31	539.37	-4.0142
460.19	539.37	-3.403
445.74	539.37	-2.8778
431.94	539.37	-2.4276
418.76	539.37	-2.0429
406.19	539.37	-1.7149
394.19	539.37	-1.4362
382.76	539.37	-1.1999
371.86	539.37	-1.0002
361.48	539.37	-0.83167
351.61	539.37	-0.68997
342.21	539.37	-0.57107
333.28	539.37	-0.47158
324.79	539.37	-0.38852
316.73	539.37	-0.31937
309.08	539.37	-0.26192
301.82	539.37	-0.21432
294.94	539.37	-0.17498
288.42	539.37	-0.14255
282.25	539.37	-0.11587
276.4	539.37	-0.093791
270.87	539.37	-0.076062
265.64	539.37	-0.061304
260.7	539.37	-0.049505
256.03	539.37	-0.039897
251.62	539.37	-0.031958
247.46	539.37	-0.025548
243.54	539.37	-0.020467
239.84	539.37	-0.016298
236.35	539.37	-0.013007
233.06	539.37	-0.010362
229.96	539.37	-0.0082064
227.04	539.37	-0.0064872
224.29	539.37	-0.0051413
221.71	539.37	-0.0040676
219.28	539.37	-0.0031997
216.99	539.37	-0.0025235
214.84	539.37	-0.0019789
212.82	539.37	-0.0015495
210.92	539.37	-0.0012166
209.13	539.37	-0.0009539
207.46	539.37	-0.00074369
205.88	539.37	-0.00058143
204.4	539.37	-0.00045204
203.01	539.37	-0.00035096
201.71	539.37	-0.0002733
200.49	539.37	-0.00021258
199.34	539.37	-0.00016446
198.26	539.37	-0.00012764
197.25	539.37	-9.8544e-05
196.31	539.37	-7.6e-05
195.42	539.37	-5.8801e-05
194.58	539.37	-4.5447e-05
193.8	539.37	-3.4939e-05
193.07	539.37	-2.6834e-05
192.38	539.37	-2.0677e-05
191.74	539.37	-1.5847e-05
191.14	539.37	-1.2186e-05
190.57	539.37	-9.3615e-06
190.04	539.37	-7.1531e-06
189.55	539.37	-5.4595e-06
189.08	539.37	-4.1804e-06
188.65	539.37	-3.1833e-06
188.24	539.37	-2.4318e-06
187.85	539.37	-1.8553e-06
187.5	539.37	-1.4073e-06
187.16	539.37	-1.0658e-06
186.85	539.37	-8.0951e-07
186.55	539.37	-6.1098e-07
186.28	539.37	-4.6238e-07
186.02	539.37	-3.492e-07
185.78	539.37	-2.6191e-07
185.55	539.37	-1.9594e-07
185.34	539.37	-1.4685e-07
185.14	539.37	-1.0919e-07
184.95	539.37	-8.1321e-08
184.78	539.37	-6.0373e-08
184.62	539.37	-4.4453e-08
184.46	539.37	-3.2619e-08
184.32	539.37	-2.3981e-08
184.19	539.37	-1.7586e-08
184.06	539.37	-1.2814e-08
183.94	539.37	-9.3866e-09
183.83	539.37	-6.8649e-09
183.73	539.37	-5.06e-09
183.64	539.37	-3.7994e-09
183.55	539.37	-2.9137e-09
183.46	539.37	-2.2933e-09
183.38	539.37	-1.8812e-09
183.31	539.37	-1.6059e-09
183.24	539.37	-1.4321e-09
183.17	539.37	-1.3292e-09
183.11	539.37	-1.2718e-09
183.06	539.37	-1.2435e-09
183	539.37	-1.234e-09
182.95	539.37	-1.2344e-09
182.91	539.37	-1.2393e-09
182.86	539.37	-1.2448e-09
182.82	539.37	-1.2484e-09
182.78	539.37	-1.2488e-09
182.75	539.37	-1.2453e-09
182.72	539.37	-1.238e-09
182.68	539.37	-1.2271e-09
182.65	539.37	-1.213e-09
182.63	539.37	-1.1959e-09
182.6	539.37	-1.1757e-09
182.58	539.37	-1.1527e-09
182.55	539.37	-1.1277e-09
182.53	539.37	-1.1002e-09
182.51	539.37	-1.0713e-09
182.49	539.37	-1.0407e-09
182.48	539.37	-1.0082e-09
182.46	539.37	-9.7446e-10
182.45	539.37	-9.4027e-10
182.43	539.37	-9.0482e-10
182.42	539.37	-8.6931e-10
182.4	539.37	-8.3348e-10
182.39	539.37	-7.9683e-10
182.38	539.37	-7.6012e-10
182.37	539.37	-7.2415e-10
182.36	539.37	-6.8843e-10
182.35	539.37	-6.5256e-10
182.34	539.37	-6.1777e-10
182.34	539.37	-5.8305e-10
182.33	539.37	-5.4909e-10
182.32	539.37	-5.1649e-10
182.31	539.37	-4.8477e-10
182.31	539.37	-4.5352e-10
182.3	539.37	-4.2377e-10
182.3	539.37	-3.9463e-10
182.29	539.37	-3.6661e-10
182.29	539.37	-3.4018e-10
182.28	539.37	-3.1488e-10
182.28	539.37	-2.9036e-10
182.27	539.37	-2.674e-10
182.27	539.37	-2.4526e-10
182.26	539.37	-2.2432e-10
182.26	539.37	-2.0487e-10
182.26	539.37	-1.8655e-10
182.26	539.37	-1.6907e-10
182.25	539.37	-1.5272e-10
182.25	539.37	-1.377e-10
182.25	539.37	-1.2349e-10
182.24	539.37	-1.1052e-10
182.24	539.37	-9.851e-11
182.24	539.37	-8.7261e-11
182.24	539.37	-7.6933e-11
182.24	539.37	-6.7623e-11
182.23	539.37	-5.9e-11
182.23	539.37	-5.1291e-11
182.23	539.37	-4.4314e-11
182.23	539.37	-3.7933e-11
182.23	539.37	-3.2223e-11
182.23	539.37	-2.7219e-11
182.22	539.37	-2.2718e-11
182.22	539.37	-1.8822e-11
182.22	539.37	-1.5419e-11
182.22	539.37	-1.2425e-11
182.22	539.37	-9.8627e-12
182.22	539.37	-7.7501e-12
182.22	539.37	-6.0318e-12
182.22	539.37	-4.6461e-12
182.22	539.37	-3.5317e-12
182.21	539.37	-2.6429e-12
182.21	539.37	-1.9685e-12
182.21	539.37	-1.4839e-12
182.21	539.37	-1.1488e-12
182.21	539.37	-9.336e-13
182.21	539.37	-8.184e-13
182.21	539.37	-7.7256e-13
182.21	539.37	-7.7515e-13
182.21	539.37	-8.0049e-13
182.21	539.37	-8.2697e-13
182.21	539.37	-8.3331e-13
182.21	539.37	-7.9977e-13
182.21	539.37	-7.0548e-13
182.21	539.37	-5.3193e-13
182.21	539.37	-2.6633e-13
182.21	539.37	1.1545e-13
182.21	539.37	6.1698e-13
182.21	539.37	1.2688e-12
182.2	539.37	2.0637e-12
182.2	539.37	3.0225e-12
182.2	539.37	4.1763e-12
182.2	539.37	5.4996e-12
182.2	539.37	7.0445e-12
182.2	539.37	8.8e-12
182.2	539.37	1.0742e-11
182.2	539.37	1.294e-11
182.2	539.37	1.533e-11
182.2	539.37	1.7995e-11
182.2	539.37	2.0855e-11
182.2	539.37	2.3953e-11
182.2	539.37	2.735e-11
182.2	539.37	3.0939e-11
182.2	539.37	3.4837e-11
182.2	539.37	3.8921e-11
182.2	539.37	4.3322e-11
182.2	539.37	4.7975e-11
182.2	539.37	5.2799e-11
182.2	539.37	5.7947e-11
182.2	539.37	6.3251e-11
182.2	539.37	6.888e-11
182.2	539.37	7.4649e-11
182.2	539.37	8.0641e-11
182.2	539.37	8.6948e-11
182.2	539.37	9.3366e-11
182.2	539.37	1.001e-10
182.2	539.37	1.0691e-10
182.2	539.37	1.1402e-10
182.2	539.37	1.2132e-10
182.2	539.37	1.2866e-10
182.2	539.37	1.3629e-10
182.2	539.37	1.4393e-10
182.2	539.37	1.5183e-10
182.2	539.37	1.5973e-10
182.2	539.37	1.6774e-10
182.2	539.37	1.7598e-10
182.2	539.37	1.8417e-10
182.2	539.37	1.9256e-10
182.2	539.37	2.0087e-10
182.2	539.37	2.0936e-10
182.2	539.37	2.1788e-10
182.2	539.37	2.2627e-10
182.2	539.37	2.348e-10
182.2	539.37	2.4317e-10
182.2	539.37	2.5152e-10
182.2	539.37	2.5995e-10
182.2	539.37	2.6817e-10
182.2	539.37	2.7646e-10
182.2	539.37	2.8451e-10
182.2	539.37	2.926e-10
182.2	539.37	3.0055e-10
182.2	539.37	3.0824e-10
182.2	539.37	3.159e-10
182.2	539.37	3.2326e-10
182.2	539.37	3.3057e-10
182.2	539.37	3.3756e-10
182.2	539.37	3.4435e-10
182.2	539.37	3.5102e-10
182.2	539.37	3.5736e-10
182.2	539.37	3.6355e-10
182.2	539.37	3.6938e-10
182.2	539.37	3.7503e-10
182.2	539.37	3.8039e-10
182.2	539.37	3.8538e-10
182.2	539.37	3.9014e-10
182.2	539.37	3.9453e-10
182.2	539.37	3.9865e-10
182.2	539.37	4.0238e-10
182.2	539.37	4.0579e-10
182.2	539.37	4.089e-10
182.2	539.37	4.1162e-10
182.2	539.37	4.1403e-10
182.2	539.37	4.1604e-10
182.2	539.37	4.1771e-10
182.2	539.37	4.1902e-10
182.2	539.37	4.1994e-10
182.2	539.37	4.205e-10
182.2	539.37	4.2068e-10
