85000	34.375	-0.1828
83656	26.558	-0.1891
82321	25.103	-0.19495
80997	24.212	-0.20176
79683	24.037	-0.20822
78379	23.739	-0.21543
77085	23.885	-0.22252
75801	23.834	-0.23032
74527	24.159	-0.23807
73263	24.221	-0.24653
72009	24.667	-0.25502
70764	24.801	-0.26423
69530	25.322	-0.27352
68306	25.521	-0.28358
67091	26.12	-0.29376
65887	26.358	-0.30476
64692	27.01	-0.31595
63508	27.282	-0.32801
62333	28.006	-0.34031
61169	28.304	-0.35355
60014	29.084	-0.36711
58870	29.425	-0.38168
57736	30.267	-0.39664
56612	30.644	-0.41271
55498	31.555	-0.42926
54394	31.956	-0.44703
53300	32.927	-0.46537
52217	33.372	-0.48505
51143	34.409	-0.50543
50080	34.885	-0.52728
49028	36.034	-0.54997
47985	36.544	-0.57428
46953	37.738	-0.5996
45932	38.308	-0.62675
44920	39.589	-0.65508
43919	40.206	-0.68545
42929	41.607	-0.71722
41949	42.251	-0.75129
40980	43.764	-0.78703
40021	44.46	-0.82535
39072	46.097	-0.86567
38135	46.879	-0.90894
37208	48.626	-0.95454
36292	49.45	-1.0035
35386	51.344	-1.0553
34491	52.243	-1.1109
33607	54.337	-1.1699
32734	55.319	-1.2333
31871	57.498	-1.3006
31020	58.576	-1.3732
30179	61.065	-1.4504
29350	62.21	-1.5337
28532	64.817	-1.6226
27724	66.165	-1.7186
26928	69.018	-1.8214
26143	70.422	-1.9325
25369	73.607	-2.0518
24606	75.161	-2.181
23855	78.622	-2.3201
23115	80.291	-2.471
22386	84.119	-2.6341
21669	86.037	-2.8112
20964	90.216	-3.0031
20270	92.297	-3.2121
19587	96.94	-3.4392
18916	99.273	-3.6871
18257	104.37	-3.9573
17610	107	-4.253
16975	112.69	-4.5764
16351	115.57	-4.9312
15739	121.85	-5.3206
15140	125.11	-5.7491
14552	132.28	-6.2207
13977	135.87	-6.7416
13414	143.73	-7.3168
12863	147.97	-7.9539
12325	156.85	-8.6602
11799	161.43	-9.4451
11286	171.36	-10.318
10785	176.8	-11.292
10297	188.11	-12.379
9821.8	194.03	-13.596
9359.3	206.53	-14.959
8909.9	213.47	-16.49
8473.4	227.73	-18.211
8050.1	235.54	-20.149
7639.9	251.5	-22.335
7243.1	260.26	-24.803
6859.6	278.06	-27.592
6489.6	287.87	-30.748
6133.1	307.39	-34.319
5790.4	318.15	-38.359
5461.3	339.24	-42.928
5146.1	350.84	-48.085
4844.9	373.08	-53.894
4557.8	385.41	-60.408
4284.8	408.36	-67.678
4026	421.7	-75.726
3781.5	444.54	-84.55
3551.2	459.24	-94.086
3335.1	480.76	-104.21
3132.9	496.14	-114.7
2944.5	513.77	-125.23
2769.4	527.9	-135.35
2607.1	536.98	-144.49
2457.1	545.49	-152.06
2318.6	541.18	-157.39
2190.9	539.25	-160.11
2073.1	520.27	-159.85
1964.5	507.13	-156.99
1864.1	479.84	-151.64
1771.2	460.84	-145.08
1684.9	435.28	-137.52
1604.7	416.29	-130.27
1529.9	394.44	-122.98
1460.1	376.47	-116.25
1394.6	358.07	-109.49
1333.2	342.29	-103.08
1275.4	328.48	-96.467
1221	317.8	-90.113
1169.7	308.28	-83.691
1121.2	299.75	-77.523
1075.2	292.51	-71.415
1031.6	286.24	-65.57
990.26	281.03	-59.902
950.91	276.33	-54.517
913.44	273.09	-49.388
877.71	269.97	-44.573
843.61	267.84	-40.063
811.03	265.8	-35.883
779.87	264.48	-32.017
750.04	263.18	-28.475
721.47	262.49	-25.237
694.09	261.78	-22.299
667.84	261.6	-19.641
642.65	261.4	-17.251
618.47	261.55	-15.107
595.26	261.61	-13.195
572.98	262.05	-11.493
551.58	262.45	-9.9877
531.02	262.98	-8.6567
511.29	263.48	-7.4868
492.34	264.18	-6.4596
474.14	264.71	-5.5619
456.68	265.45	-4.7782
439.92	266.04	-4.0969
423.84	266.66	-3.5054
408.42	267.26	-2.9935
393.64	267.86	-2.5513
379.48	268.28	-2.1704
365.91	268.75	-1.8428
352.93	269.05	-1.5618
340.51	269.32	-1.3211
328.63	269.43	-1.1155
317.27	269.45	-0.94004
306.43	269.32	-0.79076
296.08	268.96	-0.66391
286.2	268.56	-0.55639
276.79	267.95	-0.46538
267.81	267.05	-0.38851
259.27	266.8	-0.32372
251.14	264.64	-0.26867
243.41	263.23	-0.22343
236.06	261.4	-0.18471
229.09	257.95	-0.153
222.46	257.34	-0.12648
216.17	256.28	-0.10393
210.21	251.97	-0.085219
204.57	249.11	-0.070021
199.22	245.84	-0.057185
194.16	241.01	-0.046796
189.37	238.85	-0.038216
184.84	236.35	-0.03102
180.56	230.82	-0.025127
176.51	225.29	-0.020397
172.69	222.31	-0.016524
169.09	217.75	-0.013306
165.69	213.11	-0.010738
162.48	209.59	-0.0086137
159.46	203.47	-0.0068968
156.61	197.34	-0.0055349
153.93	193.65	-0.0044341
151.4	188.67	-0.0035313
149.02	183.65	-0.0028192
146.78	179.79	-0.0022378
144.68	173.66	-0.0017732
142.7	167.62	-0.0014085
140.83	163.86	-0.0011172
139.08	159.01	-0.00088102
137.44	154.24	-0.00069687
135.89	150.56	-0.00054826
134.44	144.9	-0.0004308
133.07	139.45	-0.00033953
131.79	136.02	-0.0002673
130.59	132.55	-0.00020934
129.46	127.41	-0.00016379
128.4	123.29	-0.00012857
127.41	119.29	-0.00010042
126.47	114.59	-7.8701e-05
125.6	111.63	-6.1639e-05
124.77	108.72	-4.8046e-05
124	104.37	-3.7431e-05
123.28	100.89	-2.9269e-05
122.6	97.561	-2.2781e-05
121.97	93.64	-1.7801e-05
121.37	91.19	-1.3904e-05
120.81	88.778	-1.0813e-05
120.29	85.185	-8.4082e-06
119.79	82.353	-6.5643e-06
119.33	79.604	-5.1031e-06
118.9	76.367	-3.9836e-06
118.5	74.396	-3.1095e-06
118.12	72.446	-2.4172e-06
117.76	69.495	-1.8791e-06
117.43	67.154	-1.467e-06
117.12	64.928	-1.1406e-06
116.82	62.305	-8.9047e-07
116.55	60.706	-6.9522e-07
116.29	59.13	-5.4058e-07
116.05	56.725	-4.2036e-07
115.82	54.41	-3.2818e-07
115.61	53.016	-2.5619e-07
115.41	51.273	-1.9912e-07
115.23	49.555	-1.553e-07
115.05	48.309	-1.2065e-07
114.89	46.338	-9.3781e-08
114.74	44.449	-7.3243e-08
114.59	43.335	-5.7271e-08
114.46	41.911	-4.4686e-08
114.33	40.514	-3.5104e-08
114.22	39.485	-2.758e-08
114.1	37.89	-2.1796e-08
114	36.353	-1.7426e-08
113.9	35.433	-1.4074e-08
113.81	34.275	-1.1479e-08
113.73	33.142	-9.5445e-09
113.65	32.302	-8.0654e-09
113.57	30.997	-6.9645e-09
113.5	29.741	-6.1649e-09
113.44	28.993	-5.5807e-09
113.37	28.265	-5.1549e-09
113.32	27.119	-4.8621e-09
113.26	26.223	-4.6655e-09
113.21	25.367	-4.5337e-09
113.16	24.339	-4.4528e-09
113.12	23.731	-4.4065e-09
113.08	23.134	-4.3837e-09
113.04	22.197	-4.3773e-09
113	21.461	-4.3807e-09
112.96	20.759	-4.3891e-09
112.93	19.921	-4.3989e-09
112.9	19.424	-4.4076e-09
112.87	18.928	-4.4134e-09
112.85	18.165	-4.4151e-09
112.82	17.561	-4.4116e-09
112.8	16.983	-4.4026e-09
112.77	16.301	-4.3877e-09
112.75	15.893	-4.3672e-09
112.73	15.491	-4.3404e-09
112.72	14.863	-4.3087e-09
112.7	14.256	-4.2724e-09
112.68	13.897	-4.2321e-09
112.67	13.447	-4.187e-09
112.65	12.998	-4.1391e-09
112.64	12.668	-4.0874e-09
112.63	12.154	-4.0326e-09
112.61	11.657	-3.9764e-09
112.6	11.363	-3.9181e-09
112.59	10.991	-3.857e-09
112.58	10.625	-3.7953e-09
112.57	10.356	-3.7314e-09
112.56	9.9329	-3.6665e-09
112.56	9.5274	-3.6018e-09
112.55	9.2864	-3.5366e-09
112.54	8.9818	-3.47e-09
112.53	8.6819	-3.4043e-09
112.53	8.4594	-3.3377e-09
112.52	8.1143	-3.2714e-09
112.52	7.784	-3.2064e-09
112.51	7.5868	-3.1418e-09
112.5	7.3915	-3.0769e-09
112.5	7.0904	-3.0128e-09
112.5	6.8543	-2.9505e-09
112.49	6.6276	-2.888e-09
112.49	6.3556	-2.8277e-09
112.48	6.1935	-2.7683e-09
112.48	6.0369	-2.7089e-09
112.48	5.7889	-2.6509e-09
112.47	5.5952	-2.5951e-09
112.47	5.4136	-2.5395e-09
112.47	5.1927	-2.486e-09
112.46	5.0583	-2.4339e-09
112.46	4.9298	-2.3823e-09
112.46	4.7281	-2.3319e-09
112.46	4.5709	-2.2836e-09
112.45	4.4232	-2.236e-09
112.45	4.2407	-2.1902e-09
112.45	4.1336	-2.1459e-09
112.45	4.0292	-2.1022e-09
112.45	3.8639	-2.0596e-09
112.45	3.7372	-2.019e-09
112.44	3.6162	-1.9791e-09
112.44	3.4686	-1.9409e-09
112.44	3.3822	-1.904e-09
112.44	3.2975	-1.8676e-09
112.44	3.1645	-1.8324e-09
112.44	3.0371	-1.7988e-09
112.44	2.9621	-1.7664e-09
112.44	2.8663	-1.7344e-09
112.43	2.7728	-1.704e-09
112.43	2.7051	-1.6742e-09
112.43	2.5977	-1.6453e-09
112.43	2.4941	-1.6178e-09
112.43	2.4337	-1.5912e-09
112.43	2.357	-1.565e-09
112.43	2.2812	-1.5402e-09
112.43	2.2269	-1.5158e-09
112.43	2.14	-1.4922e-09
112.43	2.0725	-1.4697e-09
112.43	2.0085	-1.4476e-09
112.43	1.946	-1.4266e-09
112.43	1.8868	-1.406e-09
112.43	1.814	-1.3864e-09
112.42	1.7732	-1.3674e-09
112.42	1.7198	-1.3487e-09
112.42	1.6681	-1.3309e-09
112.42	1.6315	-1.3134e-09
112.42	1.5706	-1.2965e-09
112.42	1.5246	-1.2804e-09
112.42	1.4805	-1.2645e-09
112.42	1.4374	-1.2494e-09
112.42	1.3974	-1.2345e-09
112.42	1.3477	-1.2204e-09
112.42	1.3206	-1.2066e-09
112.42	1.2848	-1.1931e-09
112.42	1.2504	-1.1802e-09
112.42	1.2166	-1.1675e-09
112.42	1.1847	-1.1554e-09
112.42	1.1633	-1.1434e-09
112.42	1.1249	-1.1319e-09
112.42	1.0969	-1.1208e-09
112.42	1.07	-1.1099e-09
112.42	1.0446	-1.0995e-09
112.42	1.0201	-1.0892e-09
112.42	0.9888	-1.0794e-09
112.42	0.97452	-1.0699e-09
112.42	0.95336	-1.0605e-09
112.42	0.93286	-1.0516e-09
112.42	0.91371	-1.0427e-09
112.42	0.8953	-1.0343e-09
112.42	0.88485	-1.0259e-09
112.42	0.86126	-1.0179e-09
112.42	0.84546	-1.0101e-09
112.42	0.83071	-1.0025e-09
112.42	0.81637	-9.9523e-10
112.42	0.80314	-9.8804e-10
112.42	0.78414	-9.8118e-10
112.42	0.77854	-9.7452e-10
112.42	0.7674	-9.6797e-10
112.42	0.75682	-9.6171e-10
112.42	0.74702	-9.5553e-10
112.42	0.73735	-9.4964e-10
112.42	0.73449	-9.4386e-10
112.42	0.72044	-9.3825e-10
112.42	0.71259	-9.329e-10
112.42	0.70557	-9.2765e-10
112.42	0.69329	-9.2266e-10
112.42	0.69257	-9.1783e-10
112.42	0.68681	-9.1308e-10
112.42	0.68141	-9.0857e-10
112.42	0.67635	-9.0416e-10
112.42	0.67156	-8.9997e-10
112.42	0.6727	-8.9586e-10
112.42	0.66348	-8.9195e-10
112.42	0.65978	-8.8821e-10
112.42	0.65649	-8.8459e-10
112.42	0.65349	-8.8117e-10
112.42	0.65072	-8.7784e-10
112.42	0.64289	-8.7472e-10
112.42	0.64575	-8.7174e-10
112.42	0.64373	-8.6887e-10
112.42	0.64172	-8.6618e-10
112.42	0.64006	-8.6358e-10
112.42	0.63845	-8.6119e-10
112.42	0.64216	-8.5889e-10
112.42	0.63579	-8.5672e-10
112.42	0.63468	-8.5474e-10
112.42	0.63372	-8.5288e-10
112.42	0.63283	-8.5117e-10
112.42	0.63201	-8.4957e-10
112.42	0.62633	-8.4814e-10
112.42	0.63078	-8.4685e-10
112.42	0.63031	-8.4568e-10
112.42	0.6298	-8.4466e-10
112.42	0.62945	-8.4377e-10
112.42	0.62916	-8.4302e-10
112.42	0.63394	-8.4239e-10
112.42	0.62872	-8.4193e-10
112.42	0.6287	-8.4159e-10
112.42	0.62853-5.1526e-07i	-8.4137e-10
112.42	0.61823-1.5458e-06i	-8.4131e-10
