95000	25.442	-0.10047
93697	19.393	-0.10361
92401	18.339	-0.1063
91115	17.698	-0.10962
89836	17.557	-0.11256
88566	17.341	-0.116
87304	17.431	-0.1192
86050	17.389	-0.12286
84804	17.589	-0.12634
83567	17.623	-0.13026
82337	17.903	-0.13402
81116	17.979	-0.13823
79903	18.313	-0.1423
78699	18.426	-0.14684
77502	18.803	-0.15125
76314	18.938	-0.15614
75134	19.351	-0.16093
73962	19.512	-0.16621
72799	19.956	-0.17141
71644	20.123	-0.17712
70497	20.599	-0.18277
69358	20.81	-0.18897
68227	21.323	-0.19512
67105	21.533	-0.20184
65992	22.074	-0.20854
64886	22.308	-0.21586
63789	22.892	-0.22317
62701	23.139	-0.23115
61621	23.772	-0.23914
60549	24.034	-0.24784
59486	24.69	-0.25659
58431	24.983	-0.2661
57384	25.696	-0.2757
56347	25.991	-0.28611
55317	26.749	-0.29665
54297	27.063	-0.30808
53284	27.871	-0.31969
52281	28.242	-0.33224
51286	29.085	-0.34505
50300	29.444	-0.35887
49322	30.363	-0.37302
48353	30.768	-0.38829
47393	31.73	-0.40396
46441	32.188	-0.42084
45498	33.217	-0.43823
44564	33.664	-0.45695
43639	34.791	-0.47629
42722	35.297	-0.4971
41815	36.484	-0.51866
40916	37.031	-0.54185
40026	38.308	-0.56594
39146	38.871	-0.59184
38274	40.249	-0.61884
37411	40.857	-0.64786
36557	42.346	-0.67817
35712	43.038	-0.71078
34876	44.616	-0.74494
34050	45.337	-0.78168
33232	47.044	-0.82027
32424	47.868	-0.8618
31625	49.721	-0.90553
30835	50.585	-0.95263
30054	52.601	-1.0024
29283	53.549	-1.0559
28520	55.703	-1.1127
27768	56.697	-1.1739
27024	59.097	-1.2389
26290	60.24	-1.309
25566	62.819	-1.3837
24851	64.087	-1.4644
24145	66.858	-1.5506
23449	68.207	-1.6439
22763	71.315	-1.7438
22086	72.812	-1.852
21419	76.176	-1.9684
20762	77.846	-2.0946
20114	81.646	-2.2307
19476	83.434	-2.3786
18848	87.497	-2.5386
18230	89.587	-2.7128
17622	94.197	-2.9019
17024	96.464	-3.1083
16435	101.42	-3.333
15857	104.09	-3.5789
15289	109.75	-3.8475
14731	112.57	-4.1422
14183	118.81	-4.4653
13645	122.15	-4.821
13118	129.2	-5.2123
12601	132.9	-5.6444
12094	140.91	-6.1216
11598	144.99	-6.6504
11112	154.15	-7.2366
10637	159	-7.8888
10172	169.13	-8.6148
9718.3	174.65	-9.4255
9274.8	186.25	-10.332
8842.1	192.58	-11.348
8420.2	205.81	-12.49
8009.1	212.99	-13.775
7608.9	227.97	-15.226
7219.7	236.05	-16.866
6841.5	252.86	-18.724
6474.6	261.76	-20.835
6118.7	280.43	-23.238
5774.4	289.96	-25.976
5441.5	310.32	-29.102
5120.3	320.14	-32.673
4811	341.93	-36.759
4513.9	352.3	-41.431
4229	375.6	-46.768
3956.9	387.12	-52.85
3697.6	412.9	-59.763
3451.5	427.25	-67.571
3218.6	456.61	-76.335
2999.3	476.15	-86.067
2793.5	509.41	-96.736
2601.3	534.83	-108.23
2422.3	570.63	-120.33
2256.5	600.66	-132.71
2103.4	633.23	-144.87
1962.5	661.75	-156.21
1833	683.58	-165.98
1714.4	703.63	-173.48
1605.8	707.28	-177.95
1506.3	712.16	-179.08
1415.2	696.66	-176.53
1331.6	685.94	-170.94
1254.7	658.89	-162.54
1183.8	638.86	-152.89
1118.3	612.43	-142.33
1057.6	592.64	-132.6
1001.1	572.67	-123.3
948.58	555.89	-115.4
899.53	539.51	-107.97
853.7	525.82	-101.38
810.8	513.09	-94.973
770.6	502.28	-88.968
732.9	492.97	-83.016
697.51	485.21	-77.309
664.28	478.54	-71.668
633.05	472.43	-66.235
603.69	467.2	-60.913
576.09	462.34	-55.817
550.13	457.74	-50.893
525.72	453.15	-46.215
502.76	449.22	-41.756
481.18	445.11	-37.565
460.89	441.42	-33.625
441.82	437.29	-29.965
423.91	433.35	-26.569
407.09	428.85	-23.452
391.31	424.26	-20.598
376.51	419.22	-18.01
362.63	414	-15.668
349.63	408.13	-13.568
337.46	402.08	-11.692
326.07	395.5	-10.03
315.42	388.67	-8.5631
305.47	381.12	-7.2777
296.17	374.5	-6.1562
287.5	365.3	-5.1752
279.41	356.95	-4.3466
271.88	348.03	-3.6214
264.86	337.03	-3.0158
258.32	329.91	-2.501
252.24	322.47	-2.0575
246.59	310.81	-1.6861
241.34	301.25	-1.3816
236.46	291.53	-1.1235
231.93	280.15	-0.91388
227.73	272.36	-0.74079
223.84	264.48	-0.59606
220.22	253.3	-0.47805
216.88	242.48	-0.38373
213.78	235.01	-0.3071
210.91	226.12	-0.24407
208.25	217.42	-0.19423
205.79	210.34	-0.15354
203.52	200.68	-0.12106
201.41	191.41	-0.095622
199.47	185.07	-0.075357
197.67	177.63	-0.059011
196.01	170.41	-0.04631
194.47	164.66	-0.036123
193.05	156.81	-0.028124
191.74	149.28	-0.02195
190.53	144.21	-0.017104
189.42	138.3	-0.013253
188.39	132.61	-0.010299
187.43	128.1	-0.0079615
186.55	121.92	-0.0061474
185.74	115.97	-0.0047623
184.99	112.04	-0.0036861
184.3	108.28	-0.0028388
183.67	103.02	-0.002185
183.08	98.765	-0.0016881
182.54	94.724	-0.0012981
182.03	90.137	-0.0010022
181.57	87.111	-0.00077373
181.15	84.181	-0.00059476
180.75	80.119	-0.00045723
180.39	76.828	-0.00035307
180.06	73.7	-0.00027158
179.75	70.137	-0.00020988
179.46	67.814	-0.00016228
179.2	65.549	-0.00012503
178.96	62.401	-9.6411e-05
178.74	59.844	-7.4706e-05
178.53	57.425	-5.7702e-05
178.34	54.666	-4.4795e-05
178.16	52.862	-3.4808e-05
178	51.109	-2.6963e-05
177.85	48.654	-2.0908e-05
177.72	46.683	-1.6293e-05
177.59	44.812	-1.2658e-05
177.47	42.654	-9.8825e-06
177.36	41.249	-7.7227e-06
177.26	39.89	-6.0188e-06
177.17	37.999	-4.6932e-06
177.09	36.176	-3.676e-06
177.01	34.974	-2.8809e-06
176.94	33.588	-2.2501e-06
176.87	32.232	-1.7653e-06
176.81	31.171	-1.3805e-06
176.75	29.678	-1.0804e-06
176.7	28.259	-8.4982e-07
176.65	27.338	-6.6959e-07
176.61	26.244	-5.2682e-07
176.56	25.182	-4.1754e-07
176.53	24.359	-3.3136e-07
176.49	23.193	-2.6485e-07
176.46	22.082	-2.1444e-07
176.43	21.364	-1.7573e-07
176.4	20.511	-1.458e-07
176.37	19.676	-1.2357e-07
176.35	19.033	-1.0671e-07
176.33	18.123	-9.4323e-08
176.31	17.253	-8.5505e-08
176.29	16.689	-7.9258e-08
176.27	16.143	-7.4969e-08
176.26	15.366	-7.2184e-08
176.24	14.741	-7.0515e-08
176.23	14.149	-6.9627e-08
176.22	13.464	-6.9347e-08
176.2	13.027	-6.945e-08
176.19	12.598	-6.9745e-08
176.18	11.987	-7.0082e-08
176.17	11.5	-7.0343e-08
176.16	11.038	-7.0489e-08
176.16	10.496	-7.052e-08
176.15	10.149	-7.0445e-08
176.14	9.8142	-7.0265e-08
176.14	9.3373	-6.9986e-08
176.13	8.953	-6.9623e-08
176.12	8.5881	-6.9168e-08
176.12	8.1681	-6.8642e-08
176.11	7.8961	-6.8043e-08
176.11	7.6315	-6.7368e-08
176.11	7.257	-6.663e-08
176.1	6.9021	-6.5848e-08
176.1	6.6697	-6.5017e-08
176.09	6.3943	-6.4126e-08
176.09	6.1277	-6.3211e-08
176.09	5.9199	-6.2244e-08
176.09	5.6273	-6.1247e-08
176.08	5.3502	-6.0239e-08
176.08	5.1682	-5.9209e-08
176.08	4.9537	-5.8145e-08
176.08	4.7455	-5.7083e-08
176.07	4.5827	-5.5993e-08
176.07	4.3552	-5.4896e-08
176.07	4.138	-5.381e-08
176.07	3.9969	-5.2722e-08
176.07	3.8323	-5.1618e-08
176.07	3.6689	-5.0532e-08
176.06	3.5423	-4.9434e-08
176.06	3.3686	-4.8343e-08
176.06	3.201	-4.7277e-08
176.06	3.0901	-4.622e-08
176.06	2.9858	-4.5157e-08
176.06	2.839	-4.4106e-08
176.06	2.7196	-4.3084e-08
176.06	2.6075	-4.206e-08
176.06	2.4793	-4.1066e-08
176.06	2.3961	-4.0087e-08
176.06	2.3159	-3.9108e-08
176.05	2.2034	-3.8145e-08
176.05	2.1129	-3.7214e-08
176.05	2.0279	-3.6283e-08
176.05	1.9305	-3.5384e-08
176.05	1.8685	-3.4502e-08
176.05	1.8083	-3.3621e-08
176.05	1.723	-3.2758e-08
176.05	1.6549	-3.1925e-08
176.05	1.5914	-3.1095e-08
176.05	1.5176	-3.0295e-08
176.05	1.4714	-2.9511e-08
176.05	1.4272	-2.873e-08
176.05	1.3631	-2.7966e-08
176.05	1.3122	-2.723e-08
176.05	1.2646	-2.6496e-08
176.05	1.2091	-2.5791e-08
176.05	1.1757	-2.5101e-08
176.05	1.1434	-2.4414e-08
176.05	1.095	-2.3742e-08
176.05	1.0485	-2.3095e-08
176.05	1.0215	-2.2463e-08
176.05	0.98787	-2.1834e-08
176.05	0.95508	-2.123e-08
176.05	0.93156	-2.0631e-08
176.05	0.89471	-2.0044e-08
176.05	0.85939	-1.948e-08
176.05	0.83987	-1.8929e-08
176.05	0.81462	-1.8383e-08
176.05	0.78967	-1.7858e-08
176.05	0.77239	-1.7337e-08
176.05	0.74396	-1.683e-08
176.04	0.72261	-1.6342e-08
176.04	0.70237	-1.5858e-08
176.04	0.68203	-1.5394e-08
176.04	0.66411	-1.4935e-08
176.04	0.64111	-1.4495e-08
176.04	0.62886	-1.4066e-08
176.04	0.61246	-1.3641e-08
176.04	0.59647	-1.3234e-08
176.04	0.58581	-1.2832e-08
176.04	0.56658	-1.2441e-08
176.04	0.55231	-1.2066e-08
176.04	0.53881	-1.1696e-08
176.04	0.52562	-1.1342e-08
176.04	0.51311	-1.0992e-08
176.04	0.4969	-1.0658e-08
176.04	0.48919	-1.0334e-08
176.04	0.47795	-1.0014e-08
176.04	0.46691	-9.7083e-09
176.04	0.4564	-9.4067e-09
176.04	0.44613	-9.1196e-09
176.04	0.43968	-8.8362e-09
176.04	0.42662	-8.5627e-09
176.04	0.41732	-8.3009e-09
176.04	0.40849	-8.044e-09
176.04	0.39979	-7.7991e-09
176.04	0.39142	-7.5584e-09
176.04	0.38025	-7.3293e-09
176.04	0.3754	-7.1078e-09
176.04	0.36799	-6.8902e-09
176.04	0.36056	-6.6833e-09
176.04	0.35342	-6.4803e-09
176.04	0.34646	-6.2875e-09
176.04	0.34266	-6.0985e-09
176.04	0.33355	-5.9162e-09
176.04	0.32715	-5.7432e-09
176.04	0.32114	-5.5737e-09
176.04	0.31546	-5.4131e-09
176.04	0.30993	-5.2559e-09
176.04	0.30195	-5.107e-09
176.04	0.29913	-4.9637e-09
176.04	0.29434	-4.8236e-09
176.04	0.28928	-4.6911e-09
176.04	0.28464	-4.5617e-09
176.04	0.28013	-4.4394e-09
176.04	0.2781	-4.3201e-09
176.04	0.27174	-4.2056e-09
176.04	0.26782	-4.0977e-09
176.04	0.26398	-3.9925e-09
176.04	0.25824	-3.8933e-09
176.04	0.25678	-3.7984e-09
176.04	0.25352	-3.7061e-09
176.04	0.25024	-3.6193e-09
176.04	0.24723	-3.5351e-09
176.04	0.24428	-3.4559e-09
176.04	0.24348	-3.3792e-09
176.04	0.23885	-3.3061e-09
176.04	0.23637	-3.2377e-09
176.04	0.23397	-3.1717e-09
176.04	0.23174	-3.1099e-09
176.04	0.22957	-3.0503e-09
176.04	0.22577	-2.9949e-09
176.04	0.22566	-2.9423e-09
176.04	0.22394	-2.8921e-09
176.04	0.22222	-2.8454e-09
176.04	0.22068	-2.8009e-09
176.04	0.21914	-2.7597e-09
176.04	0.21957	-2.7208e-09
176.04	0.21655	-2.6844e-09
176.04	0.21539	-2.6511e-09
176.04	0.21424	-2.62e-09
176.04	0.21331	-2.5917e-09
176.04	0.21237	-2.5655e-09
176.04	0.20989	-2.542e-09
176.04	0.21081	-2.5209e-09
176.04	0.2102	-2.5018e-09
176.04	0.20959	-2.4853e-09
176.04	0.20914	-2.4708e-09
176.04	0.20868	-2.4588e-09
176.04	0.21004	-2.4488e-09
176.04	0.20807	-2.4411e-09
176.04	0.20795	-2.4357e-09
176.04	0.20778-5.3811e-08i	-2.4323e-09
176.04	0.20438-1.6143e-07i	-2.4313e-09
