90000	31.45	-0.16305
88613	27.515	-0.16859
87237	23.98	-0.1736
85871	23.149	-0.17958
84515	22.738	-0.18512
83168	22.596	-0.1914
81832	22.544	-0.19748
80506	22.637	-0.20424
79190	22.761	-0.21089
77884	22.987	-0.21821
76588	23.209	-0.22547
75301	23.513	-0.23342
74025	23.799	-0.24135
72759	24.169	-0.25
71502	24.511	-0.25868
70256	24.927	-0.26811
69020	25.313	-0.27762
67793	25.778	-0.28792
66577	26.208	-0.29836
65371	26.722	-0.30964
64175	27.192	-0.3211
62989	27.746	-0.33348
61813	28.252	-0.3461
60647	28.852	-0.35971
59491	29.402	-0.37363
58346	30.05	-0.38862
57210	30.644	-0.404
56085	31.34	-0.42055
54971	31.977	-0.43757
53866	32.725	-0.45589
52772	33.414	-0.47478
51688	34.219	-0.49509
50614	34.962	-0.51609
49551	35.827	-0.53867
48498	36.616	-0.56209
47456	37.538	-0.58724
46424	38.395	-0.61341
45402	39.395	-0.64151
44391	40.309	-0.67082
43391	41.378	-0.70231
42401	42.375	-0.73523
41422	43.54	-0.77059
40454	44.615	-0.80768
39496	45.869	-0.84752
38549	47.02	-0.88941
37612	48.365	-0.93444
36687	49.619	-0.98191
35772	51.083	-1.033
34868	52.44	-1.0869
33975	54.031	-1.145
33093	55.501	-1.2065
32222	57.219	-1.2728
31362	58.82	-1.3433
30513	60.687	-1.4192
29675	62.432	-1.5002
28848	64.49	-1.5875
28033	66.405	-1.6809
27228	68.63	-1.7818
26435	70.714	-1.89
25653	73.165	-2.007
24883	75.449	-2.1328
24124	78.134	-2.2692
23376	80.647	-2.4162
22640	83.603	-2.5758
21916	86.365	-2.7484
21203	89.61	-2.9362
20501	92.676	-3.14
19812	96.299	-3.3621
19134	99.697	-3.6038
18468	103.68	-3.868
17814	107.44	-4.1563
17172	111.87	-4.4724
16542	116.09	-4.8184
15924	121.06	-5.1987
15318	125.73	-5.6166
14725	131.25	-6.0772
14143	136.52	-6.585
13574	142.71	-7.1465
13018	148.59	-7.7677
12474	155.59	-8.4569
11942	162.25	-9.222
11423	170.05	-10.074
10917	177.53	-11.023
10424	186.43	-12.083
9943.6	194.89	-13.269
9476.3	204.86	-14.598
9021.9	214.44	-16.09
8580.7	225.71	-17.767
8152.7	236.47	-19.655
7738.2	249.1	-21.785
7336.9	261.16	-24.189
6949.3	275.24	-26.906
6575.2	288.57	-29.98
6215	304.01	-33.456
5868.5	318.56	-37.39
5536	335.28	-41.836
5217.5	350.9	-46.856
4913.3	368.66	-52.507
4623.3	385.24	-58.845
4347.8	403.9	-65.914
4086.6	421.41	-73.741
3839.9	440.73	-82.32
3607.7	458.9	-91.595
3389.8	478.08	-101.44
3186	495.73	-111.66
2996.2	512.59	-121.92
2819.8	526.82	-131.79
2656.3	537.27	-140.74
2505.2	543.5	-148.14
2365.8	546.13	-153.42
2237.2	547.31	-156.02
2118.5	547.31	-155.87
2009	547.31	-152.82
1907.8	547.31	-147.7
1814.1	547.31	-140.83
1727	547.31	-133.65
1646	547.31	-126.11
1570.4	547.31	-119.32
1499.7	547.31	-112.56
1433.5	547.31	-106.29
1371.3	547.31	-99.852
1312.7	547.31	-93.709
1257.6	547.31	-87.464
1205.5	547.31	-81.424
1156.2	547.31	-75.403
1109.5	547.31	-69.558
1065.2	547.31	-63.84
1023.2	547.31	-58.361
983.12	547.31	-53.102
944.99	547.31	-48.133
908.61	547.31	-43.442
873.88	547.31	-39.066
840.69	547.31	-34.988
808.93	547.31	-31.231
778.52	547.31	-27.77
749.39	547.31	-24.617
721.45	547.31	-21.743
694.65	547.31	-19.15
668.93	547.31	-16.811
644.24	547.31	-14.718
620.52	547.31	-12.847
597.74	547.31	-11.186
575.85	547.31	-9.7119
554.82	547.31	-8.4131
534.62	547.31	-7.2688
515.21	547.31	-6.2664
496.57	547.31	-5.3894
478.66	547.31	-4.6253
461.47	547.31	-3.9607
444.98	547.31	-3.3847
429.15	547.31	-2.8864
413.96	547.31	-2.4567
399.41	547.31	-2.0866
385.46	547.31	-1.7688
372.09	547.31	-1.4965
359.3	547.31	-1.2637
347.06	547.31	-1.065
335.36	547.31	-0.89586
324.17	547.31	-0.75208
313.49	547.31	-0.63016
303.29	547.31	-0.52697
293.56	547.31	-0.43896
284.29	547.31	-0.36635
275.45	547.31	-0.30394
267.04	547.31	-0.25265
259.03	547.31	-0.2096
251.42	547.31	-0.17283
244.18	547.31	-0.14222
237.31	547.31	-0.11725
230.78	547.31	-0.096079
224.59	547.31	-0.078881
218.72	547.31	-0.064627
213.17	547.31	-0.052621
207.9	547.31	-0.042754
202.92	547.31	-0.034805
198.2	547.31	-0.028275
193.74	547.31	-0.022827
189.53	547.31	-0.018465
185.55	547.31	-0.014845
181.8	547.31	-0.011909
178.25	547.31	-0.0095736
174.91	547.31	-0.007681
171.76	547.31	-0.0061244
168.78	547.31	-0.0048939
165.98	547.31	-0.0038868
163.35	547.31	-0.003081
160.86	547.31	-0.0024477
158.53	547.31	-0.0019408
156.33	547.31	-0.0015295
154.26	547.31	-0.0012081
152.31	547.31	-0.0009485
150.48	547.31	-0.00074333
148.77	547.31	-0.00058405
147.15	547.31	-0.00045816
145.63	547.31	-0.00035734
144.21	547.31	-0.0002783
142.87	547.31	-0.00021733
141.61	547.31	-0.00016875
140.43	547.31	-0.00013139
139.33	547.31	-0.00010216
138.29	547.31	-7.8972e-05
137.31	547.31	-6.0963e-05
136.4	547.31	-4.7201e-05
135.54	547.31	-3.6336e-05
134.74	547.31	-2.8056e-05
133.98	547.31	-2.1633e-05
133.28	547.31	-1.6583e-05
132.62	547.31	-1.2695e-05
131.99	547.31	-9.7462e-06
131.41	547.31	-7.438e-06
130.87	547.31	-5.6928e-06
130.35	547.31	-4.3497e-06
129.88	547.31	-3.3029e-06
129.43	547.31	-2.5032e-06
129.01	547.31	-1.9018e-06
128.61	547.31	-1.4351e-06
128.24	547.31	-1.0854e-06
127.9	547.31	-8.1882e-07
127.57	547.31	-6.131e-07
127.27	547.31	-4.5759e-07
126.99	547.31	-3.4193e-07
126.72	547.31	-2.5467e-07
126.47	547.31	-1.8811e-07
126.24	547.31	-1.3915e-07
126.02	547.31	-1.021e-07
125.81	547.31	-7.4703e-08
125.62	547.31	-5.4833e-08
125.44	547.31	-4.0241e-08
125.27	547.31	-2.9456e-08
125.12	547.31	-2.1806e-08
124.97	547.31	-1.6258e-08
124.83	547.31	-1.2361e-08
124.7	547.31	-9.6999e-09
124.58	547.31	-7.883e-09
124.47	547.31	-6.6558e-09
124.36	547.31	-5.8789e-09
124.27	547.31	-5.3927e-09
124.17	547.31	-5.1131e-09
124.09	547.31	-4.97e-09
124	547.31	-4.9083e-09
123.93	547.31	-4.8933e-09
123.86	547.31	-4.9009e-09
123.79	547.31	-4.9141e-09
123.73	547.31	-4.9215e-09
123.67	547.31	-4.9174e-09
123.62	547.31	-4.8986e-09
123.56	547.31	-4.8644e-09
123.52	547.31	-4.816e-09
123.47	547.31	-4.7553e-09
123.43	547.31	-4.6817e-09
123.39	547.31	-4.5984e-09
123.35	547.31	-4.5052e-09
123.32	547.31	-4.4016e-09
123.29	547.31	-4.2899e-09
123.26	547.31	-4.1732e-09
123.23	547.31	-4.0485e-09
123.2	547.31	-3.9209e-09
123.18	547.31	-3.7892e-09
123.15	547.31	-3.6519e-09
123.13	547.31	-3.5121e-09
123.11	547.31	-3.3728e-09
123.09	547.31	-3.2324e-09
123.07	547.31	-3.0896e-09
123.06	547.31	-2.9492e-09
123.04	547.31	-2.8073e-09
123.03	547.31	-2.6669e-09
123.01	547.31	-2.5305e-09
123	547.31	-2.3965e-09
122.99	547.31	-2.263e-09
122.97	547.31	-2.1344e-09
122.96	547.31	-2.0073e-09
122.95	547.31	-1.8838e-09
122.94	547.31	-1.7663e-09
122.94	547.31	-1.6525e-09
122.93	547.31	-1.5412e-09
122.92	547.31	-1.4358e-09
122.91	547.31	-1.3332e-09
122.9	547.31	-1.2352e-09
122.9	547.31	-1.1431e-09
122.89	547.31	-1.0554e-09
122.89	547.31	-9.7084e-10
122.88	547.31	-8.9078e-10
122.88	547.31	-8.1636e-10
122.87	547.31	-7.4507e-10
122.87	547.31	-6.7915e-10
122.86	547.31	-6.1727e-10
122.86	547.31	-5.5846e-10
122.85	547.31	-5.0363e-10
122.85	547.31	-4.5343e-10
122.85	547.31	-4.0608e-10
122.84	547.31	-3.6299e-10
122.84	547.31	-3.2321e-10
122.84	547.31	-2.8602e-10
122.84	547.31	-2.5198e-10
122.83	547.31	-2.2136e-10
122.83	547.31	-1.9306e-10
122.83	547.31	-1.678e-10
122.83	547.31	-1.4498e-10
122.82	547.31	-1.2414e-10
122.82	547.31	-1.0552e-10
122.82	547.31	-8.921e-11
122.82	547.31	-7.4552e-11
122.82	547.31	-6.1876e-11
122.81	547.31	-5.08e-11
122.81	547.31	-4.1054e-11
122.81	547.31	-3.3121e-11
122.81	547.31	-2.6546e-11
122.81	547.31	-2.1052e-11
122.81	547.31	-1.6471e-11
122.81	547.31	-1.2835e-11
122.81	547.31	-9.9232e-12
122.8	547.31	-7.6988e-12
122.8	547.31	-6.0854e-12
122.8	547.31	-4.9539e-12
122.8	547.31	-4.2076e-12
122.8	547.31	-3.7896e-12
122.8	547.31	-3.6044e-12
122.8	547.31	-3.5847e-12
122.8	547.31	-3.6549e-12
122.8	547.31	-3.7483e-12
122.8	547.31	-3.7982e-12
122.8	547.31	-3.7457e-12
122.8	547.31	-3.5354e-12
122.8	547.31	-3.115e-12
122.8	547.31	-2.4215e-12
122.79	547.31	-1.4307e-12
122.79	547.31	-6.598e-14
122.79	547.31	1.7002e-12
122.79	547.31	3.8691e-12
122.79	547.31	6.5443e-12
122.79	547.31	9.6727e-12
122.79	547.31	1.3384e-11
122.79	547.31	1.7586e-11
122.79	547.31	2.2355e-11
122.79	547.31	2.7802e-11
122.79	547.31	3.3774e-11
122.79	547.31	4.0473e-11
122.79	547.31	4.7704e-11
122.79	547.31	5.5705e-11
122.79	547.31	6.4373e-11
122.79	547.31	7.3559e-11
122.79	547.31	8.3562e-11
122.79	547.31	9.4061e-11
122.79	547.31	1.0539e-10
122.79	547.31	1.1719e-10
122.79	547.31	1.2963e-10
122.79	547.31	1.429e-10
122.79	547.31	1.5658e-10
122.79	547.31	1.711e-10
122.79	547.31	1.8596e-10
122.79	547.31	2.0164e-10
122.79	547.31	2.1789e-10
122.79	547.31	2.3439e-10
122.79	547.31	2.5165e-10
122.79	547.31	2.691e-10
122.79	547.31	2.8729e-10
122.79	547.31	3.0559e-10
122.79	547.31	3.2428e-10
122.79	547.31	3.4363e-10
122.79	547.31	3.6298e-10
122.79	547.31	3.8293e-10
122.79	547.31	4.0281e-10
122.79	547.31	4.2322e-10
122.79	547.31	4.438e-10
122.79	547.31	4.6418e-10
122.79	547.31	4.8498e-10
122.79	547.31	5.055e-10
122.79	547.31	5.2601e-10
122.79	547.31	5.4683e-10
122.79	547.31	5.6725e-10
122.79	547.31	5.8786e-10
122.79	547.31	6.0799e-10
122.79	547.31	6.2823e-10
122.79	547.31	6.4823e-10
122.79	547.31	6.6761e-10
122.79	547.31	6.8699e-10
122.79	547.31	7.0567e-10
122.79	547.31	7.2425e-10
122.79	547.31	7.4206e-10
122.79	547.31	7.594e-10
122.79	547.31	7.7649e-10
122.79	547.31	7.9272e-10
122.79	547.31	8.0863e-10
122.79	547.31	8.2363e-10
122.79	547.31	8.3822e-10
122.79	547.31	8.5207e-10
122.79	547.31	8.6498e-10
122.79	547.31	8.7731e-10
122.79	547.31	8.8867e-10
122.79	547.31	8.9939e-10
122.79	547.31	9.091e-10
122.79	547.31	9.1795e-10
122.79	547.31	9.2607e-10
122.79	547.31	9.3316e-10
122.79	547.31	9.3944e-10
122.79	547.31	9.4468e-10
122.79	547.31	9.4907e-10
122.79	547.31	9.5247e-10
122.79	547.31	9.5488e-10
122.79	547.31	9.5635e-10
122.79	547.31	9.5683e-10
