95000	28.281	1.7064e-17
93520	26.026	-7.9224e-05
92051	24.016	-8.9207e-05
90593	23.633	-0.00015404
89147	23.434	-0.00014945
87711	23.409	-0.00018384
86287	23.462	-0.00017674
84875	23.618	-0.00020298
83473	23.797	-0.00019602
82082	24.051	-0.00021896
80703	24.313	-0.00021255
79335	24.638	-0.00023396
77977	24.958	-0.00022816
76631	25.338	-0.00024883
75296	25.708	-0.00024362
73973	26.137	-0.000264
72660	26.55	-0.00025935
71359	27.025	-0.0002797
70068	27.48	-0.00027559
68789	27.994	-0.00029611
67522	28.489	-0.00029252
66265	29.052	-0.00031332
65020	29.588	-0.00031027
63786	30.193	-0.00033145
62563	30.776	-0.00032895
61351	31.425	-0.0003506
60151	32.045	-0.00034866
58963	32.75	-0.00037085
57785	33.425	-0.0003695
56619	34.175	-0.00039229
55465	34.894	-0.00039158
54322	35.702	-0.00041502
53190	36.474	-0.00041499
52070	37.337	-0.00043914
50961	38.172	-0.00043986
49864	39.103	-0.00046477
48779	39.991	-0.00046629
47705	40.985	-0.00049201
46643	41.947	-0.00049441
45592	43.024	-0.00052099
44553	44.058	-0.00052434
43526	45.213	-0.00055184
42511	46.324	-0.00055623
41507	47.561	-0.00058472
40516	48.763	-0.00059024
39536	50.112	-0.00061977
38568	51.406	-0.00062653
37612	52.847	-0.00065716
36668	54.245	-0.00066527
35736	55.814	-0.00069707
34815	57.33	-0.00070663
33907	59.03	-0.0007397
33011	60.674	-0.00075086
32127	62.505	-0.00078526
31256	64.288	-0.00079812
30396	66.293	-0.00083394
29549	68.233	-0.00084866
28714	70.398	-0.00088599
27891	72.504	-0.00090274
27080	74.866	-0.00094166
26282	77.177	-0.00096056
25496	79.783	-0.0010012
24723	82.316	-0.0010224
23962	85.135	-0.0010648
23213	87.884	-0.0010885
22477	90.967	-0.0011328
21754	93.985	-0.001159
21043	97.401	-0.0012054
20344	100.76	-0.0012343
19659	104.51	-0.0012828
18986	108.17	-0.0013145
18325	112.3	-0.0013651
17677	116.37	-0.0013997
17042	120.95	-0.0014524
16420	125.46	-0.00149
15811	130.53	-0.0015449
15214	135.52	-0.0015853
14630	141.16	-0.0016421
14059	146.7	-0.0016854
13501	152.94	-0.001744
12955	159.16	-0.0017895
12423	166.18	-0.0018495
11903	173.12	-0.001897
11396	180.96	-0.0019579
10902	188.78	-0.0020067
10420	197.56	-0.0020675
9951.6	206.26	-0.0021165
9495.7	216.05	-0.0021762
9052.5	225.84	-0.0022239
8622	236.86	-0.0022807
8204.1	247.86	-0.0023252
7798.8	260.14	-0.0023772
7405.9	272.35	-0.002416
7025.5	285.92	-0.0024601
6657.4	299.31	-0.0024899
6301.7	314.1	-0.0025227
5958.1	328.56	-0.0025396
5626.8	344.38	-0.0025566
5307.6	359.71	-0.002556
5000.5	376.34	-0.0025521
4705.5	392.31	-0.0025284
4422.5	409.54	-0.0024981
4151.5	426.09	-0.002446
3892.6	444.04	-0.0023842
3645.6	461.54	-0.0022989
3410.5	480.88	-0.0022023
3187.3	499.24	-0.0020826
2975.8	515.68	-0.0019515
2775.9	529.52	-0.0018004
2587.4	541.14	-0.001641
2409.9	550.87	-0.0014683
2243.3	559	-0.0012937
2087.1	565.79	-0.0011151
1940.9	571.44	-0.00094268
1804.3	576.16	-0.00077619
1676.8	580.08	-0.0006233
1557.9	583.35	-0.00048385
1447.1	586.07	-0.00036215
1343.9	588.33	-0.00025718
1247.8	590.22	-0.00017007
1158.3	591.8	-9.8821e-05
1075.1	593.12	-4.2505e-05
997.62	594.22	1.2535e-06
925.52	595.14	3.4075e-05
858.44	595.91	5.8036e-05
796.04	596.56	7.4643e-05
738	597.1	8.5449e-05
684.04	597.56	9.1607e-05
633.89	597.94	9.4218e-05
587.32	598.26	9.4091e-05
544.08	598.53	9.1951e-05
503.98	598.76	8.8346e-05
466.81	598.95	8.3727e-05
432.39	599.11	7.8434e-05
400.55	599.25	7.2746e-05
371.12	599.36	6.6867e-05
343.94	599.46	6.0962e-05
318.87	599.54	5.5151e-05
295.76	599.61	4.9533e-05
274.5	599.66	4.4171e-05
254.94	599.71	3.9115e-05
236.97	599.75	3.4397e-05
220.49	599.79	3.0042e-05
205.38	599.82	2.6057e-05
191.56	599.84	2.2444e-05
178.92	599.86	1.9199e-05
167.39	599.88	1.6312e-05
156.89	599.9	1.3766e-05
147.32	599.91	1.1543e-05
138.64	599.92	9.621e-06
130.76	599.93	7.9764e-06
123.62	599.94	6.5841e-06
117.17	599.94	5.4175e-06
111.35	599.95	4.4503e-06
106.09	599.95	3.6566e-06
101.37	599.96	3.011e-06
97.116	599.96	2.4902e-06
93.3	599.96	2.0721e-06
89.878	599.97	1.7373e-06
86.813	599.97	1.4685e-06
84.071	599.97	1.2509e-06
81.619	599.97	1.0705e-06
79.429	599.97	9.2252e-07
77.475	599.98	7.9248e-07
75.732	599.98	6.7993e-07
74.179	599.98	5.7765e-07
72.795	599.98	4.8078e-07
71.564	599.98	3.8948e-07
70.468	599.98	3.0392e-07
69.493	599.98	2.2038e-07
68.627	599.98	1.4156e-07
67.856	599.98	6.6044e-08
67.171	599.98	-7.0265e-09
66.563	599.98	-7.602e-08
66.022	599.98	-1.3963e-07
65.542	599.98	-1.9865e-07
65.115	599.98	-2.536e-07
64.736	599.98	-3.0261e-07
64.4	599.98	-3.4704e-07
64.1	599.98	-3.8605e-07
63.834	599.98	-4.1922e-07
63.598	599.98	-4.4726e-07
63.388	599.98	-4.706e-07
63.201	599.98	-4.8879e-07
63.034	599.98	-5.0258e-07
62.886	599.98	-5.1197e-07
62.754	599.98	-5.1726e-07
62.636	599.98	-5.189e-07
62.531	599.98	-5.1715e-07
62.437	599.98	-5.1246e-07
62.353	599.98	-5.0496e-07
62.278	599.98	-4.9508e-07
62.211	599.98	-4.8338e-07
62.151	599.98	-4.6998e-07
62.096	599.98	-4.5492e-07
62.048	599.98	-4.3871e-07
62.004	599.98	-4.2189e-07
61.964	599.98	-4.0414e-07
61.928	599.98	-3.8625e-07
61.895	599.98	-3.6813e-07
61.866	599.98	-3.4963e-07
61.839	599.98	-3.3123e-07
61.814	599.98	-3.1333e-07
61.791	599.98	-2.9547e-07
61.77	599.98	-2.7832e-07
61.751	599.98	-2.6166e-07
61.733	599.98	-2.4529e-07
61.717	599.98	-2.2955e-07
61.702	599.98	-2.1469e-07
61.687	599.98	-2.0026e-07
61.674	599.98	-1.8675e-07
61.661	599.98	-1.7391e-07
61.649	599.98	-1.6156e-07
61.638	599.98	-1.499e-07
61.627	599.98	-1.3907e-07
61.617	599.98	-1.2873e-07
61.607	599.98	-1.1918e-07
61.598	599.98	-1.1022e-07
61.589	599.98	-1.017e-07
61.58	599.98	-9.3736e-08
61.572	599.98	-8.6427e-08
61.563	599.98	-7.9599e-08
61.555	599.98	-7.3141e-08
61.548	599.98	-6.7221e-08
61.54	599.98	-6.1626e-08
61.533	599.98	-5.643e-08
61.526	599.98	-5.1681e-08
61.519	599.98	-4.7271e-08
61.512	599.98	-4.3114e-08
61.505	599.98	-3.9322e-08
61.499	599.98	-3.5753e-08
61.492	599.98	-3.2451e-08
61.486	599.98	-2.9447e-08
61.48	599.98	-2.6668e-08
61.474	599.98	-2.4061e-08
61.468	599.98	-2.1695e-08
61.462	599.98	-1.9481e-08
61.456	599.98	-1.7445e-08
61.45	599.98	-1.5604e-08
61.444	599.98	-1.3915e-08
61.439	599.98	-1.2344e-08
61.433	599.98	-1.091e-08
61.428	599.98	-9.6237e-09
61.422	599.98	-8.4353e-09
61.417	599.98	-7.3747e-09
61.412	599.98	-6.4156e-09
61.406	599.98	-5.5377e-09
61.401	599.98	-4.7506e-09
61.396	599.98	-4.0585e-09
61.391	599.98	-3.4329e-09
61.386	599.98	-2.8882e-09
61.381	599.98	-2.4085e-09
61.376	599.98	-1.9824e-09
61.372	599.98	-1.613e-09
61.367	599.98	-1.3001e-09
61.362	599.98	-1.029e-09
61.358	599.98	-8.0382e-10
61.353	599.98	-6.1585e-10
61.349	599.98	-4.5896e-10
61.344	599.98	-3.3247e-10
61.34	599.98	-2.3403e-10
61.336	599.98	-1.5796e-10
61.332	599.98	-1.0025e-10
61.328	599.98	-5.9587e-11
61.324	599.98	-3.1657e-11
61.32	599.98	-1.4351e-11
61.316	599.98	-5.0667e-12
61.312	599.98	-1.0424e-12
61.308	599.98	-2.8944e-14
61.304	599.98	5.2983e-14
61.3	599.98	1.1952e-12
61.297	599.98	5.2435e-12
61.293	599.98	1.37e-11
61.29	599.98	2.8052e-11
61.286	599.98	5.0021e-11
61.283	599.98	8.0078e-11
61.279	599.98	1.2024e-10
61.276	599.98	1.7104e-10
61.273	599.98	2.3215e-10
61.27	599.98	3.0494e-10
61.267	599.98	3.9137e-10
61.264	599.98	4.9077e-10
61.261	599.98	6.0156e-10
61.258	599.98	7.2744e-10
61.255	599.98	8.6458e-10
61.252	599.98	1.0148e-09
61.249	599.98	1.1808e-09
61.247	599.98	1.36e-09
61.244	599.98	1.549e-09
61.242	599.98	1.7537e-09
61.239	599.98	1.9671e-09
61.237	599.98	2.1919e-09
61.234	599.98	2.4316e-09
61.232	599.98	2.6821e-09
61.23	599.98	2.9386e-09
61.227	599.98	3.2088e-09
61.225	599.98	3.4835e-09
61.223	599.98	3.7662e-09
61.221	599.98	4.061e-09
61.219	599.98	4.3626e-09
61.217	599.98	4.6657e-09
61.215	599.98	4.979e-09
61.213	599.98	5.2921e-09
61.211	599.98	5.6091e-09
61.209	599.98	5.9346e-09
61.208	599.98	6.2627e-09
61.206	599.98	6.5874e-09
61.204	599.98	6.9135e-09
61.203	599.98	7.2452e-09
61.201	599.98	7.5716e-09
61.2	599.98	7.9033e-09
61.198	599.98	8.2329e-09
61.197	599.98	8.5553e-09
61.196	599.98	8.8758e-09
61.194	599.98	9.1987e-09
61.193	599.98	9.5125e-09
61.192	599.98	9.8279e-09
61.19	599.98	1.0139e-08
61.189	599.98	1.044e-08
61.188	599.98	1.074e-08
61.187	599.98	1.103e-08
61.186	599.98	1.1319e-08
61.185	599.98	1.1597e-08
61.184	599.98	1.1869e-08
61.183	599.98	1.2137e-08
61.182	599.98	1.2396e-08
61.181	599.98	1.265e-08
61.18	599.98	1.2897e-08
61.18	599.98	1.3133e-08
61.179	599.98	1.3365e-08
61.178	599.98	1.3584e-08
61.177	599.98	1.38e-08
61.177	599.98	1.4005e-08
61.176	599.98	1.4201e-08
61.175	599.98	1.4392e-08
61.175	599.98	1.4573e-08
61.174	599.98	1.4748e-08
61.174	599.98	1.4912e-08
61.173	599.98	1.5071e-08
61.173	599.98	1.5222e-08
61.172	599.98	1.5363e-08
61.172	599.98	1.5499e-08
61.171	599.98	1.5624e-08
61.171	599.98	1.5744e-08
61.17	599.98	1.5856e-08
61.17	599.98	1.5959e-08
61.17	599.98	1.6058e-08
61.169	599.98	1.6149e-08
61.169	599.98	1.6233e-08
61.169	599.98	1.6311e-08
61.168	599.98	1.6383e-08
61.168	599.98	1.645e-08
61.168	599.98	1.6509e-08
61.168	599.98	1.6564e-08
61.167	599.98	1.6612e-08
61.167	599.98	1.6656e-08
61.167	599.98	1.6694e-08
61.167	599.98	1.6728e-08
61.167	599.98	1.6757e-08
61.167	599.98	1.6782e-08
61.166	599.98	1.6803e-08
61.166	599.98	1.682e-08
61.166	599.98	1.6834e-08
61.166	599.98	1.6844e-08
61.166	599.98	1.6851e-08
61.166	599.98	1.6855e-08
61.166	599.98	1.6857e-08
61.166	599.98	1.6855e-08
61.166	599.98	1.6852e-08
61.165	599.98	1.6847e-08
61.165	599.98	1.6839e-08
61.165	599.98	1.683e-08
61.165	599.98	1.6818e-08
61.165	599.98	1.6806e-08
61.165	599.98	1.6793e-08
61.165	599.98	1.6778e-08
61.165	599.98	1.6764e-08
61.165	599.98	1.6747e-08
61.165	599.98	1.6731e-08
61.165	599.98	1.6715e-08
61.165	599.98	1.6698e-08
61.165	599.98	1.668e-08
61.165	599.98	1.6663e-08
61.165	599.98	1.6647e-08
61.165	599.98	1.6631e-08
61.165	599.98	1.6615e-08
61.165	599.98	1.6599e-08
61.165	599.98	1.6584e-08
61.165	599.98	1.657e-08
61.165	599.98	1.6557e-08
61.165	599.98	1.6544e-08
61.165	599.98	1.6533e-08
61.165	599.98	1.6523e-08
61.165	599.98	1.6513e-08
61.165	599.98	1.6505e-08
61.165	599.98	1.6498e-08
61.165	599.98	1.6492e-08
61.165	599.98	1.6488e-08
61.165	599.98	1.6485e-08
61.165	599.98	1.6483e-08
61.165	599.98	1.6482e-08
