0	3.545e+09	1.1918e+08
6.25e-06	3.4109e+09	1.1911e+08
1.25e-05	3.3114e+09	1.1902e+08
1.875e-05	3.199e+09	1.1895e+08
2.5e-05	3.1119e+09	1.1885e+08
3.125e-05	3.0078e+09	1.1876e+08
3.75e-05	2.9268e+09	1.1865e+08
4.375e-05	2.8282e+09	1.1855e+08
5e-05	2.7512e+09	1.1844e+08
5.625e-05	2.6565e+09	1.1833e+08
6.25e-05	2.5825e+09	1.182e+08
6.875e-05	2.4911e+09	1.1808e+08
7.5e-05	2.4195e+09	1.1794e+08
8.125e-05	2.3309e+09	1.178e+08
8.75e-05	2.2614e+09	1.1765e+08
9.375e-05	2.1754e+09	1.1749e+08
0.0001	2.1078e+09	1.1732e+08
0.00010625	2.0242e+09	1.1715e+08
0.0001125	1.9584e+09	1.1696e+08
0.00011875	1.8772e+09	1.1677e+08
0.000125	1.8131e+09	1.1656e+08
0.00013125	1.7341e+09	1.1634e+08
0.0001375	1.6718e+09	1.161e+08
0.00014375	1.5951e+09	1.1584e+08
0.00015	1.5345e+09	1.1557e+08
0.00015625	1.4602e+09	1.1528e+08
0.0001625	1.4013e+09	1.1498e+08
0.00016875	1.3294e+09	1.1465e+08
0.000175	1.2722e+09	1.1429e+08
0.00018125	1.2028e+09	1.139e+08
0.0001875	1.1475e+09	1.1348e+08
0.00019375	1.0806e+09	1.1304e+08
0.0002	1.0272e+09	1.1255e+08
0.00020625	9.6307e+08	1.1203e+08
0.0002125	9.116e+08	1.1145e+08
0.00021875	8.5032e+08	1.1081e+08
0.000225	8.0095e+08	1.1012e+08
0.00023125	7.427e+08	1.0937e+08
0.0002375	6.9555e+08	1.0854e+08
0.00024375	6.405e+08	1.0763e+08
0.00025	5.9575e+08	1.066e+08
0.00025625	5.4414e+08	1.0547e+08
0.0002625	5.0197e+08	1.0422e+08
0.00026875	4.5407e+08	1.0282e+08
0.000275	4.1472e+08	1.0124e+08
0.00028125	3.7084e+08	9.9461e+07
0.0002875	3.3458e+08	9.7453e+07
0.00029375	2.951e+08	9.5191e+07
0.0003	2.6228e+08	9.2623e+07
0.00030625	2.2761e+08	8.9702e+07
0.0003125	1.9863e+08	8.637e+07
0.00031875	1.6921e+08	8.2592e+07
0.000325	1.4454e+08	7.8296e+07
0.00033125	1.2074e+08	7.3462e+07
0.0003375	1.008e+08	6.8028e+07
0.00034375	8.2759e+07	6.207e+07
0.00035	6.7691e+07	5.5586e+07
0.00035625	5.5111e+07	4.8835e+07
0.0003625	4.4476e+07	4.1897e+07
0.00036875	3.6444e+07	3.5236e+07
0.000375	2.9432e+07	2.8909e+07
0.00038125	2.4625e+07	2.3357e+07
0.0003875	2.0322e+07	1.8505e+07
0.00039375	1.7492e+07	1.4549e+07
0.0004	1.492e+07	1.1314e+07
0.00040625	1.3201e+07	8.7914e+06
0.0004125	1.1619e+07	6.8066e+06
0.00041875	1.0505e+07	5.2859e+06
0.000425	9.4666e+06	4.1069e+06
0.00043125	8.6878e+06	3.2051e+06
0.0004375	7.9552e+06	2.5067e+06
0.00044375	7.3757e+06	1.969e+06
0.00045	6.8279e+06	1.5507e+06
0.00045625	6.3718e+06	1.2261e+06
0.0004625	5.9402e+06	9.7196e+05
0.00046875	5.568e+06	7.7309e+05
0.000475	5.2158e+06	6.1641e+05
0.00048125	4.903e+06	4.9291e+05
0.0004875	4.6072e+06	3.9504e+05
0.00049375	4.339e+06	3.1743e+05
0.0005	4.0855e+06	2.5559e+05
0.00050625	3.8521e+06	2.0629e+05
0.0005125	3.6317e+06	1.6683e+05
0.00051875	3.4266e+06	1.3521e+05
0.000525	3.233e+06	1.098e+05
0.00053125	3.0513e+06	89352
0.0005375	2.8801e+06	72850
0.00054375	2.7185e+06	59518
0.00055	2.5663e+06	48717
0.00055625	2.4222e+06	39955
0.0005625	2.2865e+06	32829
0.00056875	2.1577e+06	27025
0.000575	2.0365e+06	22288
0.00058125	1.9214e+06	18414
0.0005875	1.813e+06	15240
0.00059375	1.71e+06	12635
0.0006	1.6131e+06	10492
0.00060625	1.521e+06	8726.9
0.0006125	1.4343e+06	7269.8
0.00061875	1.352e+06	6065
0.000625	1.2746e+06	5067
0.00063125	1.201e+06	4239.1
0.0006375	1.1319e+06	3551
0.00064375	1.0662e+06	2978.3
0.00065	1.0045e+06	2500.9
0.00065625	9.4588e+05	2102.4
0.0006625	8.9087e+05	1769.3
0.00066875	8.3866e+05	1490.4
0.000675	7.8964e+05	1256.7
0.00068125	7.4316e+05	1060.6
0.0006875	6.9952e+05	895.82
0.00069375	6.5816e+05	757.27
0.0007	6.1935e+05	640.63
0.00070625	5.8259e+05	542.34
0.0007125	5.4809e+05	459.43
0.00071875	5.1544e+05	389.45
0.000725	4.8481e+05	330.32
0.00073125	4.5583e+05	280.33
0.0007375	4.2864e+05	238.03
0.00074375	4.0293e+05	202.21
0.00075	3.7882e+05	171.86
0.00075625	3.5603e+05	146.14
0.0007625	3.3466e+05	124.31
0.00076875	3.1447e+05	105.79
0.000775	2.9554e+05	90.064
0.00078125	2.7767e+05	76.701
0.0007875	2.609e+05	65.343
0.00079375	2.4509e+05	55.685
0.0008	2.3025e+05	47.468
0.00080625	2.1626e+05	40.476
0.0008125	2.0314e+05	34.523
0.00081875	1.9077e+05	29.453
0.000825	1.7917e+05	25.134
0.00083125	1.6824e+05	21.453
0.0008375	1.5798e+05	18.315
0.00084375	1.4833e+05	15.639
0.00085	1.3927e+05	13.357
0.00085625	1.3074e+05	11.409
0.0008625	1.2274e+05	9.7472
0.00086875	1.1521e+05	8.3286
0.000875	1.0815e+05	7.1174
0.00088125	1.015e+05	6.083
0.0008875	95268	5.1995
0.00089375	89404	4.4447
0.0009	83906	3.7997
0.00090625	78733	3.2486
0.0009125	73883	2.7775
0.00091875	69322	2.3748
0.000925	65046	2.0306
0.00093125	61025	1.7363
0.0009375	57255	1.4846
0.00094375	53711	1.2694
0.00095	50388	1.0854
0.00095625	47265	0.92801
0.0009625	44338	0.79341
0.00096875	41587	0.6783
0.000975	39008	0.57985
0.00098125	36585	0.49566
0.0009875	34313	0.42365
0.00099375	32180	0.36207
0.001	30179	0.30941
0.0010062	28301	0.26438
0.0010125	26540	0.22587
0.0010187	24887	0.19296
0.001025	23337	0.16481
0.0010313	21882	0.14076
0.0010375	20518	0.1202
0.0010437	19237	0.10263
0.00105	18037	0.087608
0.0010562	16910	0.074778
0.0010625	15855	0.063816
0.0010688	14864	0.054451
0.001075	13935	0.046453
0.0010812	13064	0.039623
0.0010875	12247	0.033793
0.0010938	11480	0.028815
0.0011	10762	0.024565
0.0011063	10088	0.020938
0.0011125	9456.8	0.017843
0.0011187	8864.4	0.015203
0.001125	8309.3	0.01295
0.0011313	7788.5	0.01103
0.0011375	7300.5	0.0093917
0.0011438	6842.8	0.0079952
0.00115	6413.9	0.0068051
0.0011562	6011.7	0.0057908
0.0011625	5634.7	0.0049267
0.0011688	5281.2	0.0041906
0.001175	4950	0.0035638
0.0011813	4639.4	0.0030301
0.0011875	4348.4	0.0025758
0.0011937	4075.5	0.0021891
0.0012	3819.8	0.0018601
0.0012063	3580	0.0015803
0.0012125	3355.4	0.0013423
0.0012187	3144.7	0.0011399
0.001225	2947.4	0.0009679
0.0012312	2762.3	0.00082169
0.0012375	2589	0.00069744
0.0012438	2426.4	0.00059189
0.00125	2274.2	0.00050223
0.0012562	2131.4	0.00042609
0.0012625	1997.7	0.00036145
0.0012687	1872.3	0.00030657
0.001275	1754.8	0.00025998
0.0012813	1644.6	0.00022046
0.0012875	1541.5	0.00017977
0.0012937	1444.7	0.00014779
0.0013	1354.1	0.00012433
0.0013062	1269.1	0.0001045
0.0013125	1189.5	8.7759e-05
0.0013188	1114.9	7.3632e-05
0.001325	1045	6.1718e-05
0.0013312	979.49	5.1679e-05
0.0013375	918.1	4.3223e-05
0.0013437	860.54	3.6105e-05
0.00135	806.62	3.0121e-05
0.0013563	756.07	2.5096e-05
0.0013625	708.71	2.0876e-05
0.0013687	664.31	1.7338e-05
0.001375	622.72	1.4378e-05
0.0013813	583.73	1.1902e-05
0.0013875	547.2	9.834e-06
0.0013938	512.95	8.1097e-06
0.0014	480.86	6.6732e-06
0.0014062	450.78	5.4785e-06
0.0014125	422.6	4.4883e-06
0.0014188	396.18	3.6687e-06
0.001425	371.42	2.991e-06
0.0014313	348.21	2.4321e-06
0.0014375	326.47	1.9728e-06
0.0014437	306.08	1.5952e-06
0.00145	286.98	1.2864e-06
0.0014563	269.07	1.0347e-06
0.0014625	252.29	8.2971e-07
0.0014688	236.56	6.6358e-07
0.001475	221.81	5.2859e-07
0.0014812	207.99	4.2011e-07
0.0014875	195.04	3.3268e-07
0.0014938	182.9	2.6254e-07
0.0015	171.52	2.0651e-07
0.0015062	160.85	1.6162e-07
0.0015125	150.85	1.258e-07
0.0015187	141.48	9.7245e-08
0.001525	132.69	7.44e-08
0.0015313	124.45	5.624e-08
0.0015375	116.73	4.1761e-08
0.0015437	109.5	3.185e-08
0.00155	102.71	2.4191e-08
0.0015562	96.35	1.7641e-08
0.0015625	90.387	1.2078e-08
0.0015688	84.799	7.4594e-09
0.001575	79.558	3.7932e-09
0.0015812	74.646	1.1474e-09
0.0015875	70.041	7.84e-10
0.0015937	65.724	1.4364e-09
0.0016	61.676	2.9525e-09
0.0016063	57.882	5.6024e-09
0.0016125	54.323	9.6493e-09
0.0016187	50.989	1.5345e-08
0.001625	47.861	2.2933e-08
0.0016313	44.93	3.265e-08
0.0016375	42.18	4.472e-08
0.0016438	39.604	5.9361e-08
0.00165	37.187	7.6779e-08
0.0016562	34.922	9.7172e-08
0.0016625	32.797	1.2073e-07
0.0016688	30.807	1.4763e-07
0.001675	28.938	1.7804e-07
0.0016813	27.189	2.1212e-07
0.0016875	25.546	2.5002e-07
0.0016937	24.008	2.9188e-07
0.0017	22.564	3.3783e-07
0.0017063	21.211	3.88e-07
0.0017125	19.942	4.4249e-07
0.0017188	18.753	5.014e-07
0.001725	17.637	5.6483e-07
0.0017312	16.591	6.3287e-07
0.0017375	15.61	7.0558e-07
0.0017438	14.691	7.8303e-07
0.00175	13.827	8.6528e-07
0.0017562	13.019	9.5237e-07
0.0017625	12.26	1.0443e-06
0.0017687	11.549	1.1412e-06
0.001775	10.882	1.243e-06
0.0017813	10.256	1.3498e-06
0.0017875	9.6689	1.4615e-06
0.0017937	9.1188	1.5781e-06
0.0018	8.602	1.6997e-06
0.0018062	8.1179	1.8262e-06
0.0018125	7.6631	1.9576e-06
0.0018188	7.237	2.0938e-06
0.001825	6.8366	2.2349e-06
0.0018312	6.4613	2.3807e-06
0.0018375	6.1087	2.5312e-06
0.0018437	5.7781	2.6863e-06
0.00185	5.4674	2.846e-06
0.0018563	5.1761	3.0103e-06
0.0018625	4.9021	3.1789e-06
0.0018687	4.6451	3.3519e-06
0.001875	4.4035	3.5291e-06
0.0018812	4.1767	3.7105e-06
0.0018875	3.9633	3.8959e-06
0.0018938	3.7629	4.0853e-06
0.0019	3.5743	4.2785e-06
0.0019062	3.3971	4.4754e-06
0.0019125	3.2303	4.6759e-06
0.0019188	3.0734	4.8799e-06
0.001925	2.9256	5.0872e-06
0.0019313	2.7865	5.2977e-06
0.0019375	2.6554	5.5113e-06
0.0019437	2.5319	5.7279e-06
0.00195	2.4154	5.9473e-06
0.0019563	2.3055	6.1694e-06
0.0019625	2.2018	6.394e-06
0.0019688	2.1038	6.6209e-06
0.001975	2.0113	6.8501e-06
0.0019812	1.9237	7.0814e-06
0.0019875	1.841	7.3147e-06
0.0019937	1.7626	7.5497e-06
0.002	1.6884	7.7864e-06
0.0020062	1.618	8.0246e-06
0.0020125	1.5514	8.2641e-06
0.0020188	1.488	8.5048e-06
0.002025	1.4278	8.7465e-06
0.0020313	1.3705	8.9891e-06
0.0020375	1.3161	9.2324e-06
0.0020437	1.2642	9.4763e-06
0.00205	1.2148	9.7206e-06
0.0020562	1.1676	9.9651e-06
0.0020625	1.1226	1.021e-05
0.0020687	1.0794	1.0455e-05
0.002075	1.0383	1.0699e-05
0.0020813	0.99875	1.0943e-05
0.0020875	0.96099	1.1187e-05
0.0020938	0.92462	1.143e-05
0.0021	0.88983	1.1672e-05
0.0021063	0.85624	1.1914e-05
0.0021125	0.82406	1.2154e-05
0.0021187	0.79294	1.2393e-05
0.002125	0.76306	1.2631e-05
0.0021312	0.73411	1.2868e-05
0.0021375	0.70629	1.3102e-05
0.0021437	0.67927	1.3336e-05
0.00215	0.65326	1.3567e-05
0.0021563	0.62797	1.3796e-05
0.0021625	0.60359	1.4024e-05
0.0021688	0.57984	1.4249e-05
0.002175	0.55692	1.4472e-05
0.0021813	0.53456	1.4692e-05
0.0021875	0.51297	1.491e-05
0.0021937	0.49188	1.5125e-05
0.0022	0.47149	1.5337e-05
0.0022062	0.45156	1.5547e-05
0.0022125	0.43228	1.5753e-05
0.0022187	0.41342	1.5957e-05
0.002225	0.39516	1.6157e-05
0.0022313	0.37731	1.6354e-05
0.0022375	0.36001	1.6548e-05
0.0022438	0.34309	1.6738e-05
0.00225	0.3267	1.6925e-05
0.0022563	0.31067	1.7108e-05
0.0022625	0.29515	1.7288e-05
0.0022687	0.27998	1.7464e-05
0.002275	0.26529	1.7635e-05
0.0022812	0.25094	1.7803e-05
0.0022875	0.23706	1.7967e-05
0.0022938	0.22352	1.8127e-05
0.0023	0.21043	1.8283e-05
0.0023063	0.19768	1.8435e-05
0.0023125	0.18537	1.8582e-05
0.0023188	0.17341	1.8725e-05
0.002325	0.16187	1.8864e-05
0.0023312	0.15069	1.8999e-05
0.0023375	0.13992	1.9128e-05
0.0023437	0.12951	1.9254e-05
0.00235	0.11952	1.9375e-05
0.0023562	0.1099	1.9491e-05
0.0023625	0.10068	1.9602e-05
0.0023688	0.091841	1.9709e-05
0.002375	0.083412	1.9811e-05
0.0023813	0.075359	1.9909e-05
0.0023875	0.067719	2.0001e-05
0.0023938	0.060464	2.0089e-05
0.0024	0.053622	2.0172e-05
0.0024062	0.047171	2.025e-05
0.0024125	0.041135	2.0323e-05
0.0024187	0.035497	2.0392e-05
0.002425	0.030275	2.0455e-05
0.0024312	0.025457	2.0513e-05
0.0024375	0.021057	2.0566e-05
0.0024438	0.017065	2.0615e-05
0.00245	0.013494	2.0658e-05
0.0024563	0.010335	2.0696e-05
0.0024625	0.0075978	2.0729e-05
0.0024688	0.0052778	2.0757e-05
0.002475	0.0033793	2.078e-05
0.0024812	0.0019011	2.0798e-05
0.0024875	0.00084519	2.081e-05
0.0024937	0.0002113	2.0818e-05
0.0025	0	2.0821e-05
