0	9.6683e+09	1.2125e+08
3.75e-06	9.5442e+09	1.2132e+08
7.5e-06	9.449e+09	1.2129e+08
1.125e-05	9.338e+09	1.2134e+08
1.5e-05	9.2512e+09	1.213e+08
1.875e-05	9.1462e+09	1.2132e+08
2.25e-05	9.0637e+09	1.2129e+08
2.625e-05	8.9624e+09	1.213e+08
3e-05	8.8827e+09	1.2127e+08
3.375e-05	8.784e+09	1.2128e+08
3.75e-05	8.7064e+09	1.2125e+08
4.125e-05	8.6097e+09	1.2126e+08
4.5e-05	8.5337e+09	1.2123e+08
4.875e-05	8.4387e+09	1.2123e+08
5.25e-05	8.3639e+09	1.212e+08
5.625e-05	8.2703e+09	1.212e+08
6e-05	8.1967e+09	1.2118e+08
6.375e-05	8.1043e+09	1.2118e+08
6.75e-05	8.0317e+09	1.2115e+08
7.125e-05	7.9404e+09	1.2115e+08
7.5e-05	7.8687e+09	1.2112e+08
7.875e-05	7.7784e+09	1.2112e+08
8.25e-05	7.7075e+09	1.2109e+08
8.625e-05	7.6181e+09	1.2109e+08
9e-05	7.5479e+09	1.2106e+08
9.375e-05	7.4595e+09	1.2106e+08
9.75e-05	7.3899e+09	1.2103e+08
0.00010125	7.3023e+09	1.2103e+08
0.000105	7.2334e+09	1.21e+08
0.00010875	7.1466e+09	1.21e+08
0.0001125	7.0783e+09	1.2097e+08
0.00011625	6.9922e+09	1.2096e+08
0.00012	6.9246e+09	1.2093e+08
0.00012375	6.8392e+09	1.2093e+08
0.0001275	6.7721e+09	1.209e+08
0.00013125	6.6875e+09	1.2089e+08
0.000135	6.6209e+09	1.2086e+08
0.00013875	6.537e+09	1.2085e+08
0.0001425	6.471e+09	1.2082e+08
0.00014625	6.3878e+09	1.2081e+08
0.00015	6.3223e+09	1.2078e+08
0.00015375	6.2398e+09	1.2077e+08
0.0001575	6.1748e+09	1.2074e+08
0.00016125	6.0929e+09	1.2073e+08
0.000165	6.0284e+09	1.207e+08
0.00016875	5.9473e+09	1.2068e+08
0.0001725	5.8833e+09	1.2065e+08
0.00017625	5.8028e+09	1.2064e+08
0.00018	5.7393e+09	1.2061e+08
0.00018375	5.6595e+09	1.2059e+08
0.0001875	5.5965e+09	1.2056e+08
0.00019125	5.5173e+09	1.2054e+08
0.000195	5.4548e+09	1.2051e+08
0.00019875	5.3763e+09	1.2049e+08
0.0002025	5.3143e+09	1.2045e+08
0.00020625	5.2365e+09	1.2043e+08
0.00021	5.175e+09	1.204e+08
0.00021375	5.0978e+09	1.2038e+08
0.0002175	5.0369e+09	1.2034e+08
0.00022125	4.9604e+09	1.2032e+08
0.000225	4.8999e+09	1.2028e+08
0.00022875	4.8241e+09	1.2026e+08
0.0002325	4.7641e+09	1.2022e+08
0.00023625	4.689e+09	1.2019e+08
0.00024	4.6295e+09	1.2015e+08
0.00024375	4.5551e+09	1.2012e+08
0.0002475	4.4961e+09	1.2008e+08
0.00025125	4.4224e+09	1.2005e+08
0.000255	4.3639e+09	1.2001e+08
0.00025875	4.2909e+09	1.1998e+08
0.0002625	4.233e+09	1.1993e+08
0.00026625	4.1607e+09	1.199e+08
0.00027	4.1032e+09	1.1985e+08
0.00027375	4.0317e+09	1.1982e+08
0.0002775	3.9748e+09	1.1977e+08
0.00028125	3.904e+09	1.1973e+08
0.000285	3.8476e+09	1.1968e+08
0.00028875	3.7776e+09	1.1964e+08
0.0002925	3.7217e+09	1.1958e+08
0.00029625	3.6524e+09	1.1954e+08
0.0003	3.5971e+09	1.1949e+08
0.00030375	3.5286e+09	1.1944e+08
0.0003075	3.4739e+09	1.1938e+08
0.00031125	3.4061e+09	1.1933e+08
0.000315	3.352e+09	1.1927e+08
0.00031875	3.285e+09	1.1922e+08
0.0003225	3.2314e+09	1.1915e+08
0.00032625	3.1653e+09	1.1909e+08
0.00033	3.1123e+09	1.1903e+08
0.00033375	3.047e+09	1.1897e+08
0.0003375	2.9945e+09	1.189e+08
0.00034125	2.9301e+09	1.1883e+08
0.000345	2.8783e+09	1.1875e+08
0.00034875	2.8146e+09	1.1868e+08
0.0003525	2.7634e+09	1.186e+08
0.00035625	2.7007e+09	1.1853e+08
0.00036	2.6501e+09	1.1844e+08
0.00036375	2.5882e+09	1.1836e+08
0.0003675	2.5383e+09	1.1827e+08
0.00037125	2.4773e+09	1.1818e+08
0.000375	2.428e+09	1.1809e+08
0.00037875	2.368e+09	1.1799e+08
0.0003825	2.3193e+09	1.1789e+08
0.00038625	2.2602e+09	1.1779e+08
0.00039	2.2123e+09	1.1768e+08
0.00039375	2.1541e+09	1.1757e+08
0.0003975	2.1068e+09	1.1745e+08
0.00040125	2.0497e+09	1.1733e+08
0.000405	2.0031e+09	1.172e+08
0.00040875	1.9469e+09	1.1707e+08
0.0004125	1.9011e+09	1.1693e+08
0.00041625	1.846e+09	1.1679e+08
0.00042	1.8008e+09	1.1664e+08
0.00042375	1.7468e+09	1.1649e+08
0.0004275	1.7024e+09	1.1633e+08
0.00043125	1.6494e+09	1.1616e+08
0.000435	1.6058e+09	1.1598e+08
0.00043875	1.5539e+09	1.158e+08
0.0004425	1.5112e+09	1.156e+08
0.00044625	1.4604e+09	1.154e+08
0.00045	1.4184e+09	1.1519e+08
0.00045375	1.3688e+09	1.1496e+08
0.0004575	1.3277e+09	1.1473e+08
0.00046125	1.2793e+09	1.1448e+08
0.000465	1.2391e+09	1.1422e+08
0.00046875	1.1919e+09	1.1395e+08
0.0004725	1.1526e+09	1.1366e+08
0.00047625	1.1067e+09	1.1336e+08
0.00048	1.0683e+09	1.1303e+08
0.00048375	1.0237e+09	1.127e+08
0.0004875	9.8631e+08	1.1233e+08
0.00049125	9.4302e+08	1.1195e+08
0.000495	9.0668e+08	1.1155e+08
0.00049875	8.6478e+08	1.1112e+08
0.0005025	8.295e+08	1.1066e+08
0.00050625	7.8905e+08	1.1017e+08
0.00051	7.5488e+08	1.0965e+08
0.00051375	7.1594e+08	1.091e+08
0.0005175	6.8293e+08	1.085e+08
0.00052125	6.4556e+08	1.0787e+08
0.000525	6.1378e+08	1.0719e+08
0.00052875	5.7805e+08	1.0646e+08
0.0005325	5.4756e+08	1.0567e+08
0.00053625	5.1355e+08	1.0483e+08
0.00054	4.8442e+08	1.0391e+08
0.00054375	4.5223e+08	1.0293e+08
0.0005475	4.2454e+08	1.0186e+08
0.00055125	3.9425e+08	1.0071e+08
0.000555	3.6811e+08	9.9457e+07
0.00055875	3.3984e+08	9.8099e+07
0.0005625	3.1534e+08	9.6622e+07
0.00056625	2.8921e+08	9.5015e+07
0.00057	2.6647e+08	9.3263e+07
0.00057375	2.4261e+08	9.1355e+07
0.0005775	2.2176e+08	8.9271e+07
0.00058125	2.003e+08	8.7e+07
0.000585	1.8146e+08	8.452e+07
0.00058875	1.6252e+08	8.1821e+07
0.0005925	1.4583e+08	7.8881e+07
0.00059625	1.2951e+08	7.5696e+07
0.0006	1.1506e+08	7.2245e+07
0.00060375	1.014e+08	6.8543e+07
0.0006075	8.9265e+07	6.4575e+07
0.00061125	7.8221e+07	6.0387e+07
0.000615	6.8368e+07	5.598e+07
0.00061875	5.9776e+07	5.1444e+07
0.0006225	5.2068e+07	4.6799e+07
0.00062625	4.5638e+07	4.2176e+07
0.00063	3.9821e+07	3.7607e+07
0.00063375	3.5163e+07	3.3242e+07
0.0006375	3.0905e+07	2.9089e+07
0.00064125	2.7602e+07	2.5289e+07
0.000645	2.4552e+07	2.18e+07
0.00064875	2.222e+07	1.8721e+07
0.0006525	2.0038e+07	1.5984e+07
0.00065625	1.8359e+07	1.3635e+07
0.00066	1.6778e+07	1.1593e+07
0.00066375	1.5545e+07	9.8647e+06
0.0006675	1.4374e+07	8.3846e+06
0.00067125	1.3444e+07	7.1377e+06
0.000675	1.2555e+07	6.078e+06
0.00067875	1.1832e+07	5.1849e+06
0.0006825	1.1138e+07	4.4283e+06
0.00068625	1.0558e+07	3.7893e+06
0.00069	9.9996e+06	3.2478e+06
0.00069375	9.5214e+06	2.789e+06
0.0006975	9.0603e+06	2.3994e+06
0.00070125	8.6571e+06	2.0681e+06
0.000705	8.2677e+06	1.7858e+06
0.00070875	7.9211e+06	1.5449e+06
0.0007125	7.5861e+06	1.3387e+06
0.00071625	7.2831e+06	1.1621e+06
0.00072	6.9903e+06	1.0104e+06
0.00072375	6.7218e+06	8.801e+05
0.0007275	6.4624e+06	7.6769e+05
0.00073125	6.2217e+06	6.7079e+05
0.000735	5.9892e+06	5.8691e+05
0.00073875	5.7716e+06	5.1435e+05
0.0007425	5.5614e+06	4.5136e+05
0.00074625	5.3632e+06	3.9668e+05
0.00075	5.1717e+06	3.4906e+05
0.00075375	4.9901e+06	3.076e+05
0.0007575	4.8147e+06	2.7139e+05
0.00076125	4.6474e+06	2.3976e+05
0.000765	4.4859e+06	2.1207e+05
0.00076875	4.3313e+06	1.878e+05
0.0007725	4.1821e+06	1.665e+05
0.00077625	4.0388e+06	1.4779e+05
0.00078	3.9005e+06	1.3132e+05
0.00078375	3.7673e+06	1.1682e+05
0.0007875	3.6388e+06	1.0402e+05
0.00079125	3.5149e+06	92713
0.000795	3.3953e+06	82718
0.00079875	3.2797e+06	73870
0.0008025	3.1682e+06	66028
0.00080625	3.0604e+06	59070
0.00081	2.9564e+06	52889
0.00081375	2.8557e+06	47395
0.0008175	2.7586e+06	42504
0.00082125	2.6645e+06	38146
0.000825	2.5738e+06	34260
0.00082875	2.4858e+06	30792
0.0008325	2.401e+06	27692
0.00083625	2.3188e+06	24921
0.00084	2.2395e+06	22441
0.00084375	2.1627e+06	20220
0.0008475	2.0886e+06	18228
0.00085125	2.0167e+06	16442
0.000855	1.9474e+06	14838
0.00085875	1.8802e+06	13397
0.0008625	1.8154e+06	12102
0.00086625	1.7526e+06	10937
0.00087	1.692e+06	9887.9
0.00087375	1.6333e+06	8943.3
0.0008775	1.5767e+06	8091.9
0.00088125	1.5218e+06	7324.3
0.000885	1.469e+06	6631.7
0.00088875	1.4177e+06	6006.6
0.0008925	1.3683e+06	5442.1
0.00089625	1.3204e+06	4932
0.0009	1.2743e+06	4471
0.00090375	1.2296e+06	4054.1
0.0009075	1.1865e+06	3677
0.00091125	1.1447e+06	3335.7
0.000915	1.1045e+06	3026.7
0.00091875	1.0656e+06	2746.8
0.0009225	1.0281e+06	2493.3
0.00092625	9.9171e+05	2263.6
0.00093	9.5671e+05	2055.3
0.00093375	9.2282e+05	1866.5
0.0009375	8.9018e+05	1695.2
0.00094125	8.5858e+05	1539.8
0.000945	8.2815e+05	1398.9
0.00094875	7.987e+05	1270.9
0.0009525	7.7034e+05	1154.7
0.00095625	7.429e+05	1049.3
0.00096	7.1648e+05	953.5
0.00096375	6.9091e+05	866.51
0.0009675	6.6631e+05	787.48
0.00097125	6.425e+05	715.69
0.000975	6.1959e+05	650.45
0.00097875	5.9743e+05	591.17
0.0009825	5.761e+05	537.29
0.00098625	5.5548e+05	488.31
0.00099	5.3563e+05	443.8
0.00099375	5.1645e+05	403.33
0.0009975	4.9798e+05	366.53
0.0010012	4.8014e+05	333.08
0.001005	4.6296e+05	302.67
0.0010088	4.4637e+05	275.02
0.0010125	4.304e+05	249.87
0.0010163	4.1497e+05	227.01
0.00102	4.0013e+05	206.22
0.0010237	3.8579e+05	187.32
0.0010275	3.7199e+05	170.13
0.0010313	3.5867e+05	154.5
0.001035	3.4585e+05	140.29
0.0010387	3.3347e+05	127.38
0.0010425	3.2156e+05	115.64
0.0010463	3.1006e+05	104.97
0.00105	2.99e+05	95.264
0.0010537	2.8833e+05	86.445
0.0010575	2.7805e+05	78.43
0.0010612	2.6814e+05	71.146
0.001065	2.586e+05	64.527
0.0010688	2.4939e+05	58.513
0.0010725	2.4054e+05	53.049
0.0010762	2.3199e+05	48.086
0.00108	2.2377e+05	43.579
0.0010838	2.1584e+05	39.486
0.0010875	2.0821e+05	35.769
0.0010912	2.0084e+05	32.396
0.001095	1.9376e+05	29.334
0.0010987	1.8692e+05	26.555
0.0011025	1.8034e+05	24.034
0.0011063	1.74e+05	21.746
0.00111	1.6789e+05	19.672
0.0011137	1.62e+05	17.791
0.0011175	1.5633e+05	16.086
0.0011213	1.5086e+05	14.541
0.001125	1.456e+05	13.141
0.0011287	1.4052e+05	11.873
0.0011325	1.3563e+05	10.724
0.0011363	1.3091e+05	9.6839
0.00114	1.2636e+05	8.7426
0.0011438	1.2198e+05	7.8907
0.0011475	1.1775e+05	7.1201
0.0011512	1.1368e+05	6.4232
0.001155	1.0975e+05	5.7931
0.0011588	1.0596e+05	5.2236
0.0011625	1.0231e+05	4.7091
0.0011662	98781	4.2443
0.00117	95381	3.8247
0.0011738	92098	3.4459
0.0011775	88932	3.104
0.0011813	85873	2.7957
0.001185	82923	2.5176
0.0011887	80072	2.2669
0.0011925	77320	2.041
0.0011963	74660	1.8374
0.0012	72093	1.6541
0.0012037	69609	1.489
0.0012075	67210	1.3402
0.0012113	64889	1.2064
0.001215	62647	1.0859
0.0012187	60476	0.97744
0.0012225	58378	0.87992
0.0012262	56345	0.79223
0.00123	54379	0.71338
0.0012338	52474	0.64251
0.0012375	50631	0.57883
0.0012412	48844	0.5216
0.001245	47114	0.4702
0.0012488	45436	0.42403
0.0012525	43810	0.38263
0.0012562	42232	0.34557
0.00126	40703	0.31243
0.0012637	39219	0.28274
0.0012675	37779	0.25611
0.0012713	36381	0.23223
0.001275	35025	0.21081
0.0012787	33707	0.1916
0.0012825	32427	0.17438
0.0012863	31184	0.15893
0.00129	29976	0.14508
0.0012937	28802	0.13266
0.0012975	27662	0.12152
0.0013013	26553	0.11153
0.001305	25476	0.10257
0.0013088	24428	0.094534
0.0013125	23409	0.087326
0.0013162	22419	0.080862
0.00132	21456	0.075065
0.0013238	20520	0.069868
0.0013275	19610	0.065209
0.0013312	18725	0.061032
0.001335	17865	0.057291
0.0013388	17029	0.053941
0.0013425	16217	0.050943
0.0013463	15427	0.048263
0.00135	14661	0.045868
0.0013537	13916	0.043732
0.0013575	13194	0.041829
0.0013613	12493	0.040136
0.001365	11813	0.038635
0.0013687	11154	0.037306
0.0013725	10515	0.036132
0.0013763	9896.8	0.035101
0.00138	9298.4	0.034198
0.0013837	8719.6	0.03341
0.0013875	8160.5	0.032729
0.0013912	7620.7	0.032142
0.001395	7100.2	0.031642
0.0013988	6598.7	0.03122
0.0014025	6116.1	0.030869
0.0014062	5652.3	0.030581
0.00141	5207.2	0.030491
0.0014138	4780.7	0.033022
0.0014175	4372.8	0.037438
0.0014212	3983.2	0.041974
0.001425	3612.1	0.04528
0.0014287	3259.2	0.046377
0.0014325	2924.7	0.04634
0.0014363	2608.3	0.046327
0.00144	2310.2	0.046334
0.0014437	2030.2	0.046358
0.0014475	1768.4	0.046395
0.0014513	1524.7	0.046443
0.001455	1299.1	0.046499
0.0014587	1091.5	0.046559
0.0014625	902.05	0.046623
0.0014663	730.64	0.046687
0.00147	577.28	0.04675
0.0014738	441.97	0.04681
0.0014775	324.71	0.046864
0.0014812	225.49	0.046913
0.001485	144.31	0.046955
0.0014888	81.175	0.046988
0.0014925	36.078	0.047012
0.0014962	9.0194	0.047027
0.0015	0	0.047032
