15000	93.969	-2.7004
14565	88.552	-2.8609
14137	83.911	-3.0331
13715	84.02	-3.2185
13300	84.598	-3.4179
12891	85.871	-3.633
12488	87.38	-3.8649
12092	89.4	-4.1156
11703	91.518	-4.3868
11320	94.113	-4.6802
10943	96.739	-4.9983
10573	99.828	-5.3435
10209	102.91	-5.7187
9851.8	106.47	-6.1269
9501	110.02	-6.5713
9156.8	114.11	-7.0558
8819.2	118.17	-7.5853
8488.1	122.81	-8.1639
8163.7	127.38	-8.7972
7845.9	132.62	-9.4913
7534.8	137.8	-10.253
7230.4	143.71	-11.09
6932.7	149.56	-12.012
6641.8	156.23	-13.026
6357.7	162.82	-14.145
6080.5	170.33	-15.379
5810.1	177.78	-16.744
5546.7	186.24	-18.255
5290.1	194.61	-19.927
5040.7	204.15	-21.781
4798.1	213.64	-23.837
4562.7	224.41	-26.118
4334.4	235.06	-28.65
4113.2	247.09	-31.461
3899.1	259.05	-34.583
3692.2	272.54	-38.042
3492.5	285.88	-41.88
3300.1	300.86	-46.123
3114.8	315.69	-50.811
2936.9	332.08	-55.973
2766.1	348.16	-61.637
2602.6	365.69	-67.822
2446.3	382.75	-74.54
2297.2	400.9	-81.78
2155.2	418.29	-89.513
2020.3	436.06	-97.68
1892.5	452.57	-106.19
1771.6	468.61	-114.89
1657.6	483.03	-123.61
1550.3	496.01	-132.14
1449.6	507.2	-140.14
1355.3	516.15	-147.35
1267.3	523.43	-153.39
1185.4	527.92	-158.04
1109.1	531.25	-160.88
1038.4	532.92	-161.88
972.85	534.22	-160.72
912.14	534.22	-157.65
855.94	534.22	-152.51
803.9	534.22	-145.83
755.7	534.22	-137.58
711	534.22	-128.47
669.49	534.22	-118.48
630.89	534.22	-108.34
594.94	534.22	-98.029
561.38	534.22	-88.123
530.01	534.22	-78.546
500.63	534.22	-69.705
473.07	534.22	-61.467
447.17	534.22	-54.072
422.81	534.22	-47.353
399.85	534.22	-41.435
378.2	534.22	-36.144
357.76	534.22	-31.533
338.45	534.22	-27.457
320.2	534.22	-23.923
302.93	534.22	-20.818
286.58	534.22	-18.128
271.11	534.22	-15.774
256.46	534.22	-13.734
242.58	534.22	-11.952
229.44	534.22	-10.404
216.99	534.22	-9.0538
205.21	534.22	-7.8806
194.05	534.22	-6.856
183.49	534.22	-5.9648
173.5	534.22	-5.1872
164.05	534.22	-4.5098
155.11	534.22	-3.9189
146.67	534.22	-3.4038
138.7	534.22	-2.9545
131.17	534.22	-2.5629
124.07	534.22	-2.2214
117.37	534.22	-1.9239
111.06	534.22	-1.6644
105.12	534.22	-1.4385
99.526	534.22	-1.2417
94.266	534.22	-1.0705
89.323	534.22	-0.92165
84.679	534.22	-0.79227
80.322	534.22	-0.67995
76.234	534.22	-0.58251
72.405	534.22	-0.49806
68.818	534.22	-0.42502
65.464	534.22	-0.36188
62.328	534.22	-0.30741
59.4	534.22	-0.26047
56.668	534.22	-0.22012
54.123	534.22	-0.1855
51.753	534.22	-0.15587
49.549	534.22	-0.13055
47.503	534.22	-0.10901
45.603	534.22	-0.090709
43.843	534.22	-0.075221
42.214	534.22	-0.062157
40.707	534.22	-0.051174
39.316	534.22	-0.041976
38.032	534.22	-0.034303
36.849	534.22	-0.027928
35.76	534.22	-0.022651
34.759	534.22	-0.018299
33.838	534.22	-0.014727
32.994	534.22	-0.011807
32.219	534.22	-0.0094325
31.51	534.22	-0.0075088
30.86	534.22	-0.0059566
30.266	534.22	-0.0047093
29.723	534.22	-0.0037111
29.226	534.22	-0.0029155
28.773	534.22	-0.0022835
28.36	534.22	-0.0017834
27.983	534.22	-0.0013891
27.64	534.22	-0.0010791
27.327	534.22	-0.00083624
27.042	534.22	-0.0006465
26.783	534.22	-0.00049866
26.547	534.22	-0.00038377
26.332	534.22	-0.00029473
26.137	534.22	-0.00022586
25.959	534.22	-0.00017271
25.798	534.22	-0.0001318
25.652	534.22	-0.00010037
25.518	534.22	-7.6292e-05
25.397	534.22	-5.7903e-05
25.288	534.22	-4.3961e-05
25.188	534.22	-3.4033e-05
25.097	534.22	-2.7772e-05
25.015	534.22	-2.171e-05
24.94	534.22	-1.7024e-05
24.873	534.22	-1.3438e-05
24.811	534.22	-1.0703e-05
24.755	534.22	-8.6211e-06
24.704	534.22	-7.0392e-06
24.658	534.22	-5.8378e-06
24.616	534.22	-4.9251e-06
24.578	534.22	-4.2313e-06
24.544	534.22	-3.7031e-06
24.512	534.22	-3.2998e-06
24.484	534.22	-2.99e-06
24.458	534.22	-2.7505e-06
24.434	534.22	-2.5632e-06
24.413	534.22	-2.4135e-06
24.393	534.22	-2.2947e-06
24.376	534.22	-2.1948e-06
24.359	534.22	-2.1116e-06
24.345	534.22	-2.0392e-06
24.331	534.22	-1.9734e-06
24.319	534.22	-1.913e-06
24.308	534.22	-1.8574e-06
24.297	534.22	-1.8039e-06
24.288	534.22	-1.7529e-06
24.28	534.22	-1.7023e-06
24.272	534.22	-1.6506e-06
24.264	534.22	-1.5986e-06
24.258	534.22	-1.5473e-06
24.252	534.22	-1.4962e-06
24.246	534.22	-1.4443e-06
24.241	534.22	-1.3936e-06
24.236	534.22	-1.3426e-06
24.232	534.22	-1.2921e-06
24.228	534.22	-1.2431e-06
24.224	534.22	-1.1948e-06
24.221	534.22	-1.1465e-06
24.217	534.22	-1.1e-06
24.214	534.22	-1.0536e-06
24.211	534.22	-1.0083e-06
24.209	534.22	-9.6473e-07
24.206	534.22	-9.2226e-07
24.204	534.22	-8.8028e-07
24.202	534.22	-8.4011e-07
24.2	534.22	-8.0049e-07
24.198	534.22	-7.6208e-07
24.196	534.22	-7.255e-07
24.194	534.22	-6.901e-07
24.192	534.22	-6.5534e-07
24.191	534.22	-6.2184e-07
24.189	534.22	-5.9005e-07
24.188	534.22	-5.5897e-07
24.186	534.22	-5.2953e-07
24.185	534.22	-5.0123e-07
24.184	534.22	-4.7365e-07
24.182	534.22	-4.472e-07
24.181	534.22	-4.2225e-07
24.18	534.22	-3.9798e-07
24.179	534.22	-3.7513e-07
24.178	534.22	-3.5328e-07
24.177	534.22	-3.3208e-07
24.175	534.22	-3.1186e-07
24.174	534.22	-2.9288e-07
24.173	534.22	-2.7451e-07
24.172	534.22	-2.573e-07
24.171	534.22	-2.4093e-07
24.17	534.22	-2.2511e-07
24.169	534.22	-2.101e-07
24.168	534.22	-1.9608e-07
24.168	534.22	-1.8258e-07
24.167	534.22	-1.7e-07
24.166	534.22	-1.5807e-07
24.165	534.22	-1.4662e-07
24.164	534.22	-1.3581e-07
24.163	534.22	-1.2577e-07
24.162	534.22	-1.163e-07
24.161	534.22	-1.0724e-07
24.161	534.22	-9.8846e-08
24.16	534.22	-9.0837e-08
24.159	534.22	-8.3325e-08
24.158	534.22	-7.6392e-08
24.157	534.22	-6.9902e-08
24.157	534.22	-6.3735e-08
24.156	534.22	-5.8075e-08
24.155	534.22	-5.2712e-08
24.154	534.22	-4.7723e-08
24.154	534.22	-4.3168e-08
24.153	534.22	-3.8942e-08
24.152	534.22	-3.4967e-08
24.151	534.22	-3.1356e-08
24.151	534.22	-2.7976e-08
24.15	534.22	-2.4871e-08
24.149	534.22	-2.207e-08
24.149	534.22	-1.9507e-08
24.148	534.22	-1.7132e-08
24.147	534.22	-1.4976e-08
24.147	534.22	-1.3053e-08
24.146	534.22	-1.129e-08
24.145	534.22	-9.7294e-09
24.145	534.22	-8.3314e-09
24.144	534.22	-7.0659e-09
24.143	534.22	-5.9446e-09
24.143	534.22	-4.9719e-09
24.142	534.22	-4.1058e-09
24.142	534.22	-3.3645e-09
24.141	534.22	-2.7238e-09
24.14	534.22	-2.1667e-09
24.14	534.22	-1.6956e-09
24.139	534.22	-1.3075e-09
24.139	534.22	-9.8182e-10
24.138	534.22	-7.2154e-10
24.138	534.22	-5.1372e-10
24.137	534.22	-3.4941e-10
24.137	534.22	-2.2563e-10
24.136	534.22	-1.372e-10
24.136	534.22	-7.6464e-11
24.135	534.22	-3.711e-11
24.135	534.22	-1.5078e-11
24.134	534.22	-4.6664e-12
24.134	534.22	-1.5931e-12
24.133	534.22	-1.4102e-12
24.133	534.22	-6.0777e-14
24.132	534.22	6.3091e-12
24.132	534.22	2.0969e-11
24.131	534.22	4.7675e-11
24.131	534.22	8.9325e-11
24.13	534.22	1.4764e-10
24.13	534.22	2.2558e-10
24.13	534.22	3.2717e-10
24.129	534.22	4.512e-10
24.129	534.22	6.0355e-10
24.128	534.22	7.8403e-10
24.128	534.22	9.9053e-10
24.128	534.22	1.2269e-09
24.127	534.22	1.4987e-09
24.127	534.22	1.8033e-09
24.126	534.22	2.1357e-09
24.126	534.22	2.5074e-09
24.126	534.22	2.9066e-09
24.125	534.22	3.3396e-09
24.125	534.22	3.814e-09
24.125	534.22	4.3231e-09
24.124	534.22	4.8581e-09
24.124	534.22	5.4358e-09
24.124	534.22	6.0375e-09
24.124	534.22	6.6718e-09
24.123	534.22	7.3489e-09
24.123	534.22	8.0582e-09
24.123	534.22	8.7874e-09
24.122	534.22	9.5587e-09
24.122	534.22	1.0347e-08
24.122	534.22	1.1164e-08
24.122	534.22	1.2021e-08
24.121	534.22	1.2906e-08
24.121	534.22	1.3802e-08
24.121	534.22	1.4737e-08
24.121	534.22	1.568e-08
24.12	534.22	1.6645e-08
24.12	534.22	1.7647e-08
24.12	534.22	1.8668e-08
24.12	534.22	1.9692e-08
24.12	534.22	2.0733e-08
24.119	534.22	2.1807e-08
24.119	534.22	2.2879e-08
24.119	534.22	2.3981e-08
24.119	534.22	2.5096e-08
24.119	534.22	2.6205e-08
24.119	534.22	2.7323e-08
24.118	534.22	2.8467e-08
24.118	534.22	2.9602e-08
24.118	534.22	3.076e-08
24.118	534.22	3.1924e-08
24.118	534.22	3.3074e-08
24.118	534.22	3.4244e-08
24.118	534.22	3.5398e-08
24.117	534.22	3.6571e-08
24.117	534.22	3.7725e-08
24.117	534.22	3.8878e-08
24.117	534.22	4.0046e-08
24.117	534.22	4.1193e-08
24.117	534.22	4.2354e-08
24.117	534.22	4.351e-08
24.117	534.22	4.4641e-08
24.117	534.22	4.5782e-08
24.116	534.22	4.6902e-08
24.116	534.22	4.8026e-08
24.116	534.22	4.9124e-08
24.116	534.22	5.0213e-08
24.116	534.22	5.1311e-08
24.116	534.22	5.2378e-08
24.116	534.22	5.345e-08
24.116	534.22	5.4491e-08
24.116	534.22	5.5541e-08
24.116	534.22	5.6573e-08
24.116	534.22	5.7576e-08
24.116	534.22	5.8581e-08
24.116	534.22	5.9554e-08
24.116	534.22	6.0524e-08
24.116	534.22	6.147e-08
24.115	534.22	6.2395e-08
24.115	534.22	6.3322e-08
24.115	534.22	6.4212e-08
24.115	534.22	6.5104e-08
24.115	534.22	6.5964e-08
24.115	534.22	6.682e-08
24.115	534.22	6.7659e-08
24.115	534.22	6.8467e-08
24.115	534.22	6.9271e-08
24.115	534.22	7.0044e-08
24.115	534.22	7.0813e-08
24.115	534.22	7.1547e-08
24.115	534.22	7.2265e-08
24.115	534.22	7.2981e-08
24.115	534.22	7.3659e-08
24.115	534.22	7.4336e-08
24.115	534.22	7.4984e-08
24.115	534.22	7.5621e-08
24.115	534.22	7.624e-08
24.115	534.22	7.6832e-08
24.115	534.22	7.7416e-08
24.115	534.22	7.7973e-08
24.115	534.22	7.8513e-08
24.115	534.22	7.9041e-08
24.115	534.22	7.9546e-08
24.115	534.22	8.0038e-08
24.115	534.22	8.0505e-08
24.115	534.22	8.0966e-08
24.115	534.22	8.1405e-08
24.115	534.22	8.182e-08
24.115	534.22	8.2228e-08
24.115	534.22	8.2608e-08
24.115	534.22	8.2981e-08
24.115	534.22	8.3331e-08
24.115	534.22	8.3664e-08
24.115	534.22	8.3985e-08
24.115	534.22	8.4283e-08
24.115	534.22	8.4573e-08
24.115	534.22	8.4841e-08
24.115	534.22	8.5096e-08
24.115	534.22	8.5337e-08
24.115	534.22	8.5557e-08
24.115	534.22	8.5764e-08
24.115	534.22	8.5954e-08
24.115	534.22	8.6129e-08
24.115	534.22	8.6289e-08
24.115	534.22	8.6432e-08
24.115	534.22	8.6559e-08
24.115	534.22	8.6672e-08
24.115	534.22	8.6773e-08
24.115	534.22	8.6855e-08
24.115	534.22	8.6925e-08
24.115	534.22	8.6978e-08
24.115	534.22	8.7012e-08
24.115	534.22	8.7034e-08
24.115	534.22	8.7043e-08
