0	4.1889e+08	1.8507e+08
5e-06	3.9265e+08	1.6975e+08
1e-05	3.675e+08	1.5578e+08
1.5e-05	3.4453e+08	1.4303e+08
2e-05	3.2263e+08	1.3137e+08
2.5e-05	3.0281e+08	1.207e+08
3e-05	2.8379e+08	1.1087e+08
3.5e-05	2.666e+08	1.0193e+08
4e-05	2.5021e+08	9.3656e+07
4.5e-05	2.3522e+08	8.6106e+07
5e-05	2.2084e+08	7.9158e+07
5.5e-05	2.0775e+08	7.2818e+07
6e-05	1.9523e+08	6.697e+07
6.5e-05	1.8376e+08	6.1596e+07
7e-05	1.7279e+08	5.665e+07
7.5e-05	1.6278e+08	5.2115e+07
8e-05	1.532e+08	4.7942e+07
8.5e-05	1.4434e+08	4.4111e+07
9e-05	1.3585e+08	4.0587e+07
9.5e-05	1.2807e+08	3.735e+07
0.0001	1.2061e+08	3.4367e+07
0.000105	1.137e+08	3.1641e+07
0.00011	1.0712e+08	2.9124e+07
0.000115	1.0109e+08	2.681e+07
0.00012	9.5319e+07	2.4678e+07
0.000125	8.9978e+07	2.272e+07
0.00013	8.4872e+07	2.0913e+07
0.000135	8.0151e+07	1.9254e+07
0.00014	7.5634e+07	1.7723e+07
0.000145	7.1471e+07	1.6318e+07
0.00015	6.7487e+07	1.5025e+07
0.000155	6.3783e+07	1.3835e+07
0.00016	6.0241e+07	1.2737e+07
0.000165	5.6959e+07	1.1728e+07
0.00017	5.3819e+07	1.0799e+07
0.000175	5.0903e+07	9.9411e+06
0.00018	4.8118e+07	9.1583e+06
0.000185	4.5515e+07	8.4398e+06
0.00019	4.3028e+07	7.7697e+06
0.000195	4.0724e+07	7.1513e+06
0.0002	3.8521e+07	6.5964e+06
0.000205	3.6456e+07	6.0814e+06
0.00021	3.4485e+07	5.6034e+06
0.000215	3.2655e+07	5.1647e+06
0.00022	3.0905e+07	4.758e+06
0.000225	2.9265e+07	4.3833e+06
0.00023	2.77e+07	4.0386e+06
0.000235	2.6239e+07	3.7215e+06
0.00024	2.4845e+07	3.4295e+06
0.000245	2.3539e+07	3.161e+06
0.00025	2.2292e+07	2.9137e+06
0.000255	2.1123e+07	2.6859e+06
0.00026	2.0008e+07	2.476e+06
0.000265	1.8963e+07	2.2829e+06
0.00027	1.7966e+07	2.1048e+06
0.000275	1.703e+07	1.9409e+06
0.00028	1.6137e+07	1.7898e+06
0.000285	1.5299e+07	1.6506e+06
0.00029	1.4499e+07	1.5223e+06
0.000295	1.3748e+07	1.4042e+06
0.0003	1.3032e+07	1.2952e+06
0.000305	1.2359e+07	1.1949e+06
0.00031	1.1717e+07	1.1023e+06
0.000315	1.1113e+07	1.0171e+06
0.00032	1.0538e+07	9.384e+05
0.000325	9.9961e+06	8.6592e+05
0.00033	9.4796e+06	7.9908e+05
0.000335	8.9933e+06	7.3746e+05
0.00034	8.5299e+06	6.8062e+05
0.000345	8.0934e+06	6.2822e+05
0.00035	7.6773e+06	5.7987e+05
0.000355	7.2851e+06	5.353e+05
0.00036	6.9114e+06	4.9416e+05
0.000365	6.5592e+06	4.5622e+05
0.00037	6.2235e+06	4.2121e+05
0.000375	5.907e+06	3.8892e+05
0.00038	5.6054e+06	3.5912e+05
0.000385	5.3208e+06	3.3162e+05
0.00039	5.0497e+06	3.0624e+05
0.000395	4.7938e+06	2.8281e+05
0.0004	4.5501e+06	2.6119e+05
0.000405	4.32e+06	2.4123e+05
0.00041	4.1008e+06	2.228e+05
0.000415	3.8938e+06	2.0579e+05
0.00042	3.6966e+06	1.9008e+05
0.000425	3.5104e+06	1.7558e+05
0.00043	3.333e+06	1.6218e+05
0.000435	3.1655e+06	1.4981e+05
0.00044	3.006e+06	1.3839e+05
0.000445	2.8552e+06	1.2784e+05
0.00045	2.7116e+06	1.1809e+05
0.000455	2.5759e+06	1.0908e+05
0.00046	2.4467e+06	1.0076e+05
0.000465	2.3245e+06	93079
0.00047	2.2082e+06	85977
0.000475	2.0983e+06	79415
0.00048	1.9937e+06	73350
0.000485	1.8947e+06	67747
0.00049	1.8005e+06	62567
0.000495	1.7114e+06	57782
0.0005	1.6266e+06	53358
0.000505	1.5464e+06	49270
0.00051	1.47e+06	45491
0.000515	1.3978e+06	41998
0.00052	1.3291e+06	38769
0.000525	1.264e+06	35785
0.00053	1.2021e+06	33027
0.000535	1.1436e+06	30477
0.00054	1.0878e+06	28120
0.000545	1.0351e+06	25942
0.00055	9.8489e+05	23928
0.000555	9.3735e+05	22068
0.00056	8.9215e+05	20348
0.000565	8.4932e+05	18759
0.00057	8.0859e+05	17290
0.000575	7.6998e+05	15933
0.00058	7.3327e+05	14680
0.000585	6.9847e+05	13522
0.00059	6.6536e+05	12453
0.000595	6.3397e+05	11465
0.0006	6.0411e+05	10553
0.000605	5.7578e+05	9711.1
0.00061	5.4883e+05	8934.1
0.000615	5.2325e+05	8217
0.00062	4.9891e+05	7555.5
0.000625	4.7579e+05	6945.3
0.00063	4.5379e+05	6382.6
0.000635	4.3289e+05	5863.9
0.00064	4.1298e+05	5385.8
0.000645	3.9406e+05	4945.4
0.00065	3.7604e+05	4539.8
0.000655	3.5889e+05	4166.4
0.00066	3.4255e+05	3822.7
0.000665	3.27e+05	3506.6
0.00067	3.1217e+05	3215.9
0.000675	2.9804e+05	2948.8
0.00068	2.8455e+05	2703.3
0.000685	2.717e+05	2478
0.00069	2.5942e+05	2271.1
0.000695	2.4771e+05	2081.4
0.0007	2.3651e+05	1907.5
0.000705	2.2581e+05	1748.1
0.00071	2.1558e+05	1602.2
0.000715	2.058e+05	1468.7
0.00072	1.9644e+05	1346.5
0.000725	1.8747e+05	1234.9
0.00073	1.7889e+05	1132.9
0.000735	1.7066e+05	1039.8
0.00074	1.6276e+05	954.91
0.000745	1.5519e+05	877.51
0.00075	1.4793e+05	807.01
0.000755	1.4095e+05	742.83
0.00076	1.3424e+05	684.45
0.000765	1.278e+05	631.39
0.00077	1.2161e+05	583.2
0.000775	1.1565e+05	539.46
0.00078	1.0991e+05	499.8
0.000785	1.0439e+05	463.86
0.00079	99078	431.31
0.000795	93959	401.88
0.0008	89026	375.26
0.000805	84275	351.23
0.00081	79695	329.55
0.000815	75282	310
0.00082	71029	292.4
0.000825	66930	276.57
0.00083	62980	262.36
0.000835	59175	249.6
0.00084	55509	238.17
0.000845	51981	227.95
0.00085	48584	218.83
0.000855	45318	210.7
0.00086	42178	203.47
0.000865	39162	197.06
0.00087	36267	191.4
0.000875	33492	186.4
0.00088	30834	182.01
0.000885	28292	178.17
0.00089	25864	174.83
0.000895	23550	171.93
0.0009	21347	169.43
0.000905	19256	167.29
0.00091	17274	165.47
0.000915	15402	163.94
0.00092	13639	162.66
0.000925	11984	161.6
0.00093	10437	160.73
0.000935	8997.9	160.03
0.00094	7665.8	159.47
0.000945	6440.6	159.04
0.00095	5322.4	158.71
0.000955	4310.9	158.47
0.00096	3405.9	158.29
0.000965	2607.6	158.17
0.00097	1915.7	158.09
0.000975	1330.4	158.04
0.00098	851.41	158.02
0.000985	478.92	158
0.00099	212.85	158
0.000995	53.213	158
0.001	0	158
