0	8.9741e+08	7.801e+07
6.25e-06	8.4497e+08	7.7314e+07
1.25e-05	7.9843e+08	7.6573e+07
1.875e-05	7.5093e+08	7.5785e+07
2.5e-05	7.0864e+08	7.4945e+07
3.125e-05	6.6525e+08	7.405e+07
3.75e-05	6.2641e+08	7.3095e+07
4.375e-05	5.8646e+08	7.2076e+07
5e-05	5.5059e+08	7.0987e+07
5.625e-05	5.1373e+08	6.9823e+07
6.25e-05	4.8057e+08	6.858e+07
6.875e-05	4.4659e+08	6.725e+07
7.5e-05	4.1598e+08	6.5828e+07
8.125e-05	3.8478e+08	6.4309e+07
8.75e-05	3.5664e+08	6.2685e+07
9.375e-05	3.2819e+08	6.0953e+07
0.0001	3.0251e+08	5.9103e+07
0.00010625	2.768e+08	5.7136e+07
0.0001125	2.5358e+08	5.5043e+07
0.00011875	2.3063e+08	5.2827e+07
0.000125	2.0988e+08	5.0481e+07
0.00013125	1.8971e+08	4.8016e+07
0.0001375	1.7145e+08	4.5427e+07
0.00014375	1.5403e+08	4.2736e+07
0.00015	1.3826e+08	3.9942e+07
0.00015625	1.2352e+08	3.7078e+07
0.0001625	1.1018e+08	3.4153e+07
0.00016875	9.8004e+07	3.121e+07
0.000175	8.697e+07	2.8264e+07
0.00018125	7.7146e+07	2.537e+07
0.0001875	6.823e+07	2.2543e+07
0.00019375	6.048e+07	1.9843e+07
0.0002	5.343e+07	1.7278e+07
0.00020625	4.743e+07	1.4901e+07
0.0002125	4.1956e+07	1.2711e+07
0.00021875	3.7366e+07	1.0744e+07
0.000225	3.3167e+07	8.9865e+06
0.00023125	2.9669e+07	7.4541e+06
0.0002375	2.6464e+07	6.1241e+06
0.00024375	2.379e+07	4.9953e+06
0.00025	2.1336e+07	4.0407e+06
0.00025625	1.927e+07	3.249e+06
0.0002625	1.7373e+07	2.5941e+06
0.00026875	1.5754e+07	2.0613e+06
0.000275	1.4268e+07	1.6286e+06
0.00028125	1.298e+07	1.282e+06
0.0002875	1.1798e+07	1.0045e+06
0.00029375	1.0757e+07	7.8501e+05
0.0003	9.8032e+06	6.1133e+05
0.00030625	8.9516e+06	4.752e+05
0.0003125	8.1721e+06	3.6846e+05
0.00031875	7.4686e+06	2.8538e+05
0.000325	6.8253e+06	2.2067e+05
0.00033125	6.24e+06	1.7055e+05
0.0003375	5.7055e+06	1.3171e+05
0.00034375	5.2164e+06	1.0172e+05
0.00035	4.7701e+06	78540
0.00035625	4.3603e+06	60677
0.0003625	3.9867e+06	46891
0.00036875	3.643e+06	36270
0.000375	3.3298e+06	28074
0.00038125	3.0414e+06	21754
0.0003875	2.7788e+06	16873
0.00039375	2.537e+06	13103
0.0004	2.3169e+06	10187
0.00040625	2.1143e+06	7929.6
0.0004125	1.93e+06	6179.3
0.00041875	1.7605e+06	4821.3
0.000425	1.6063e+06	3765.8
0.00043125	1.4645e+06	2944.8
0.0004375	1.3356e+06	2305.1
0.00044375	1.2173e+06	1806.2
0.00045	1.1097e+06	1416.6
0.00045625	1.011e+06	1112
0.0004625	9.213e+05	873.62
0.00046875	8.3908e+05	686.89
0.000475	7.6434e+05	540.44
0.00048125	6.959e+05	425.5
0.0004875	6.337e+05	335.21
0.00049375	5.7679e+05	264.21
0.0005	5.2508e+05	208.36
0.00050625	4.7779e+05	164.38
0.0005125	4.3483e+05	129.73
0.00051875	3.9557e+05	102.42
0.000525	3.5991e+05	80.878
0.00053125	3.2734e+05	63.882
0.0005375	2.9776e+05	50.466
0.00054375	2.7076e+05	39.873
0.00055	2.4624e+05	31.506
0.00055625	2.2387e+05	24.896
0.0005625	2.0355e+05	19.672
0.00056875	1.8502e+05	15.544
0.000575	1.682e+05	12.282
0.00058125	1.5287e+05	9.7025
0.0005875	1.3894e+05	7.6638
0.00059375	1.2626e+05	6.0525
0.0006	1.1474e+05	4.7789
0.00060625	1.0425e+05	3.7724
0.0006125	94722	2.9771
0.00061875	86050	2.3488
0.000625	78177	1.8525
0.00063125	71011	1.4606
0.0006375	64505	1.1511
0.00064375	58585	0.90692
0.00065	53212	0.71424
0.00065625	48323	0.56226
0.0006625	43885	0.44243
0.00066875	39849	0.34798
0.000675	36186	0.27357
0.00068125	32854	0.21495
0.0006875	29831	0.1688
0.00069375	27082	0.13247
0.0007	24587	0.10389
0.00070625	22319	0.081422
0.0007125	20261	0.06377
0.00071875	18391	0.049908
0.000725	16693	0.039028
0.00073125	15151	0.030494
0.0007375	13751	0.023803
0.00074375	12479	0.018562
0.00075	11325	0.014459
0.00075625	10277	0.011249
0.0007625	9325.7	0.0087388
0.00076875	8461.8	0.0067779
0.000775	7677.8	0.0052472
0.00078125	6965.9	0.004053
0.0007875	6319.9	0.0031223
0.00079375	5733.4	0.0023975
0.0008	5201.3	0.0018336
0.00080625	4718.2	0.0013954
0.0008125	4279.8	0.0010553
0.00081875	3882	0.00079163
0.000825	3521	0.00058759
0.00083125	3193.4	0.00043
0.0008375	2896.2	0.00031016
0.00084375	2626.5	0.00043427
0.00085	2381.9	0.00035467
0.00085625	2159.9	0.00029227
0.0008625	1958.6	0.00024326
0.00086875	1775.9	0.00020468
0.000875	1610.3	0.00017421
0.00088125	1460	0.00015004
0.0008875	1323.8	0.00013078
0.00089375	1200.2	0.00011533
0.0009	1088.1	0.00010283
0.00090625	986.46	9.2628e-05
0.0009125	894.31	8.4208e-05
0.00091875	810.76	7.7175e-05
0.000925	735	7.1218e-05
0.00093125	666.34	6.61e-05
0.0009375	604.09	6.1637e-05
0.00094375	547.66	5.7687e-05
0.00095	496.52	5.4143e-05
0.00095625	450.17	5.092e-05
0.0009625	408.18	4.7954e-05
0.00096875	370.12	4.5198e-05
0.000975	335.64	4.2615e-05
0.00098125	304.39	4.0177e-05
0.0009875	276.09	3.7866e-05
0.00099375	250.45	3.5665e-05
0.001	227.24	3.3557e-05
0.0010062	206.2	3.1525e-05
0.0010125	187.16	2.9568e-05
0.0010187	169.91	2.7686e-05
0.001025	154.3	2.5879e-05
0.0010313	140.15	2.4146e-05
0.0010375	127.36	2.2487e-05
0.0010437	115.76	2.0901e-05
0.00105	105.28	1.9389e-05
0.0010562	95.776	1.7948e-05
0.0010625	87.188	1.6579e-05
0.0010688	79.404	1.528e-05
0.001075	72.372	1.405e-05
0.0010812	65.995	1.2888e-05
0.0010875	60.238	1.1792e-05
0.0010938	55.015	1.0761e-05
0.0011	50.301	9.7927e-06
0.0011063	46.024	8.886e-06
0.0011125	42.165	8.0389e-06
0.0011187	38.661	7.2493e-06
0.001125	35.502	6.5155e-06
0.0011313	32.631	5.8352e-06
0.0011375	30.044	5.2064e-06
0.0011438	27.692	4.6269e-06
0.00115	25.572	4.0947e-06
0.0011562	23.644	3.6073e-06
0.0011625	21.906	3.1627e-06
0.0011688	20.324	2.7586e-06
0.001175	18.899	2.3928e-06
0.0011813	17.6	2.0631e-06
0.0011875	16.43	1.7672e-06
0.0011937	15.361	1.503e-06
0.0012	14.399	1.2684e-06
0.0012063	13.519	1.0617e-06
0.0012125	12.727	8.8027e-07
0.0012187	12.002	7.2227e-07
0.001225	11.348	5.8574e-07
0.0012312	10.748	4.6878e-07
0.0012375	10.208	3.6958e-07
0.0012438	9.7105	2.8639e-07
0.00125	9.2622	2.1754e-07
0.0012562	8.8487	1.6143e-07
0.0012625	8.4755	1.1652e-07
0.0012687	8.1303	8.1358e-08
0.001275	7.8185	5.4574e-08
0.0012813	7.5291	3.4865e-08
0.0012875	7.2673	2.101e-08
0.0012937	7.0234	1.1863e-08
0.0013	6.8023	6.3565e-09
0.0013062	6.5956	3.4979e-09
0.0013125	6.4078	2.369e-09
0.0013188	6.2314	2.125e-09
0.001325	6.0706	1.9924e-09
0.0013312	5.919	1.2678e-09
0.0013375	5.7802	-6.8476e-10
0.0013437	5.6488	-4.4355e-09
0.00135	5.528	-1.0491e-08
0.0013563	5.4129	-1.9298e-08
0.0013625	5.3068	-3.1243e-08
0.0013687	5.2051	-4.6657e-08
0.001375	5.1109	-6.582e-08
0.0013813	5.0201	-8.8958e-08
0.0013875	4.9354	-1.1625e-07
0.0013938	4.8535	-1.4783e-07
0.0014	4.7766	-1.838e-07
0.0014062	4.7018	-2.2419e-07
0.0014125	4.6313	-2.6903e-07
0.0014188	4.5622	-3.183e-07
0.001425	4.4968	-3.7195e-07
0.0014313	4.4324	-4.2989e-07
0.0014375	4.371	-4.9201e-07
0.0014437	4.3104	-5.5819e-07
0.00145	4.2522	-6.2826e-07
0.0014563	4.1945	-7.0205e-07
0.0014625	4.139	-7.7937e-07
0.0014688	4.0837	-8.6002e-07
0.001475	4.0302	-9.4376e-07
0.0014812	3.9767	-1.0304e-06
0.0014875	3.9249	-1.1196e-06
0.0014938	3.8729	-1.2112e-06
0.0015	3.8223	-1.3049e-06
0.0015062	3.7715	-1.4005e-06
0.0015125	3.7218	-1.4977e-06
0.0015187	3.6719	-1.5962e-06
0.001525	3.6231	-1.6957e-06
0.0015313	3.5739	-1.796e-06
0.0015375	3.5256	-1.8969e-06
0.0015437	3.477	-1.9981e-06
0.00155	3.4292	-2.0992e-06
0.0015562	3.381	-2.2002e-06
0.0015625	3.3336	-2.3006e-06
0.0015688	3.2859	-2.4004e-06
0.001575	3.2388	-2.4992e-06
0.0015812	3.1914	-2.5968e-06
0.0015875	3.1446	-2.6931e-06
0.0015937	3.0975	-2.7878e-06
0.0016	3.051	-2.8808e-06
0.0016063	3.0042	-2.9717e-06
0.0016125	2.9579	-3.0606e-06
0.0016187	2.9114	-3.1472e-06
0.001625	2.8655	-3.2313e-06
0.0016313	2.8193	-3.3129e-06
0.0016375	2.7737	-3.3917e-06
0.0016438	2.7279	-3.4677e-06
0.00165	2.6826	-3.5408e-06
0.0016562	2.6373	-3.6109e-06
0.0016625	2.5924	-3.6778e-06
0.0016688	2.5474	-3.7415e-06
0.001675	2.503	-3.802e-06
0.0016813	2.4585	-3.8591e-06
0.0016875	2.4145	-3.9129e-06
0.0016937	2.3706	-3.9633e-06
0.0017	2.3271	-4.0102e-06
0.0017063	2.2838	-4.0537e-06
0.0017125	2.2408	-4.0938e-06
0.0017188	2.1981	-4.1303e-06
0.001725	2.1558	-4.1635e-06
0.0017312	2.1138	-4.1932e-06
0.0017375	2.0721	-4.2195e-06
0.0017438	2.0308	-4.2424e-06
0.00175	1.9899	-4.262e-06
0.0017562	1.9493	-4.2783e-06
0.0017625	1.9091	-4.2913e-06
0.0017687	1.8693	-4.3011e-06
0.001775	1.8299	-4.3078e-06
0.0017813	1.7909	-4.3114e-06
0.0017875	1.7524	-4.3121e-06
0.0017937	1.7142	-4.3098e-06
0.0018	1.6765	-4.3046e-06
0.0018062	1.6393	-4.2967e-06
0.0018125	1.6025	-4.2861e-06
0.0018188	1.5661	-4.2729e-06
0.001825	1.5302	-4.2572e-06
0.0018312	1.4948	-4.239e-06
0.0018375	1.4598	-4.2186e-06
0.0018437	1.4254	-4.1959e-06
0.00185	1.3913	-4.171e-06
0.0018563	1.3578	-4.1441e-06
0.0018625	1.3248	-4.1153e-06
0.0018687	1.2922	-4.0846e-06
0.001875	1.2601	-4.0522e-06
0.0018812	1.2286	-4.0181e-06
0.0018875	1.1975	-3.9824e-06
0.0018938	1.1669	-3.9452e-06
0.0019	1.1368	-3.9067e-06
0.0019062	1.1072	-3.8669e-06
0.0019125	1.078	-3.8259e-06
0.0019188	1.0494	-3.7838e-06
0.001925	1.0213	-3.7407e-06
0.0019313	0.99367	-3.6967e-06
0.0019375	0.96646	-3.6518e-06
0.0019437	0.93984	-3.6062e-06
0.00195	0.9136	-3.5599e-06
0.0019563	0.88795	-3.513e-06
0.0019625	0.86267	-3.4655e-06
0.0019688	0.83798	-3.4177e-06
0.001975	0.81365	-3.3694e-06
0.0019812	0.78991	-3.3209e-06
0.0019875	0.76651	-3.2721e-06
0.0019937	0.7437	-3.2232e-06
0.002	0.72123	-3.1742e-06
0.0020062	0.69933	-3.1251e-06
0.0020125	0.67777	-3.0761e-06
0.0020188	0.65677	-3.0271e-06
0.002025	0.6361	-2.9782e-06
0.0020313	0.61598	-2.9295e-06
0.0020375	0.59619	-2.8811e-06
0.0020437	0.57693	-2.8329e-06
0.00205	0.55799	-2.7851e-06
0.0020562	0.53957	-2.7376e-06
0.0020625	0.52146	-2.6904e-06
0.0020687	0.50387	-2.6438e-06
0.002075	0.48658	-2.5976e-06
0.0020813	0.46979	-2.5519e-06
0.0020875	0.45329	-2.5067e-06
0.0020938	0.43728	-2.4621e-06
0.0021	0.42155	-2.4181e-06
0.0021063	0.4063	-2.3746e-06
0.0021125	0.39132	-2.3318e-06
0.0021187	0.37681	-2.2897e-06
0.002125	0.36256	-2.2482e-06
0.0021312	0.34876	-2.2075e-06
0.0021375	0.33523	-2.1674e-06
0.0021437	0.32212	-2.128e-06
0.00215	0.30928	-2.0894e-06
0.0021563	0.29684	-2.0515e-06
0.0021625	0.28466	-2.0144e-06
0.0021688	0.27288	-1.978e-06
0.002175	0.26135	-1.9424e-06
0.0021813	0.2502	-1.9076e-06
0.0021875	0.23929	-1.8735e-06
0.0021937	0.22875	-1.8402e-06
0.0022	0.21844	-1.8077e-06
0.0022062	0.20849	-1.7759e-06
0.0022125	0.19878	-1.745e-06
0.0022187	0.1894	-1.7148e-06
0.002225	0.18025	-1.6854e-06
0.0022313	0.17142	-1.6568e-06
0.0022375	0.16282	-1.629e-06
0.0022438	0.15453	-1.6019e-06
0.00225	0.14645	-1.5756e-06
0.0022563	0.13868	-1.5501e-06
0.0022625	0.13111	-1.5253e-06
0.0022687	0.12384	-1.5013e-06
0.002275	0.11677	-1.478e-06
0.0022812	0.10998	-1.4555e-06
0.0022875	0.10339	-1.4337e-06
0.0022938	0.097071	-1.4126e-06
0.0023	0.090948	-1.3923e-06
0.0023063	0.085079	-1.3727e-06
0.0023125	0.079406	-1.3538e-06
0.0023188	0.073977	-1.3356e-06
0.002325	0.068739	-1.3181e-06
0.0023312	0.063737	-1.3012e-06
0.0023375	0.058923	-1.2851e-06
0.0023437	0.054334	-1.2697e-06
0.00235	0.049932	-1.2549e-06
0.0023562	0.045747	-1.2408e-06
0.0023625	0.041744	-1.2273e-06
0.0023688	0.037951	-1.2145e-06
0.002375	0.034339	-1.2023e-06
0.0023813	0.030929	-1.1908e-06
0.0023875	0.027697	-1.1799e-06
0.0023938	0.024661	-1.1696e-06
0.0024	0.021801	-1.1599e-06
0.0024062	0.01913	-1.1509e-06
0.0024125	0.016635	-1.1424e-06
0.0024187	0.014324	-1.1346e-06
0.002425	0.012185	-1.1273e-06
0.0024312	0.010228	-1.1207e-06
0.0024375	0.008441	-1.1147e-06
0.0024438	0.006831	-1.1092e-06
0.00245	0.0053912	-1.1043e-06
0.0024563	0.0041248	-1.1e-06
0.0024625	0.0030277	-1.0963e-06
0.0024688	0.0021016	-1.0932e-06
0.002475	0.0013441	-1.0906e-06
0.0024812	0.00075589	-1.0886e-06
0.0024875	0.0003358	-1.0872e-06
0.0024937	8.395e-05	-1.0863e-06
0.0025	0	-1.086e-06
