0	9.9007e+10	1.909e-05
1.25e-06	9.6789e+10	6.3252e-07
2.5e-06	9.4622e+10	-1.8146e-05
3.75e-06	9.2506e+10	3.746e-06
5e-06	9.0439e+10	-1.0783e-05
6.25e-06	8.8421e+10	-3.0966e-06
7.5e-06	8.6449e+10	-2.6761e-05
8.75e-06	8.4524e+10	-1.0696e-05
1e-05	8.2643e+10	-1.7047e-05
1.125e-05	8.0806e+10	1.3268e-05
1.25e-05	7.9011e+10	5.3234e-06
1.375e-05	7.7259e+10	3.8528e-07
1.5e-05	7.5547e+10	7.8831e-06
1.625e-05	7.3875e+10	-2.4332e-05
1.75e-05	7.2242e+10	8.0109e-07
1.875e-05	7.0647e+10	-1.4738e-05
2e-05	6.9089e+10	1.0204e-05
2.125e-05	6.7567e+10	2.0748e-05
2.25e-05	6.608e+10	-7.8983e-06
2.375e-05	6.4628e+10	7.3586e-06
2.5e-05	6.3209e+10	9.6169e-06
2.625e-05	6.1823e+10	-4.1008e-06
2.75e-05	6.047e+10	4.8866e-06
2.875e-05	5.9147e+10	-1.955e-06
3e-05	5.7856e+10	7.6294e-09
3.125e-05	5.6593e+10	8.4152e-06
3.25e-05	5.5361e+10	7.5092e-06
3.375e-05	5.4156e+10	1.3905e-06
3.5e-05	5.2979e+10	6.0005e-06
3.625e-05	5.1829e+10	-9.861e-07
3.75e-05	5.0706e+10	5.722e-06
3.875e-05	4.9608e+10	-5.5809e-06
4e-05	4.8536e+10	-5.1022e-06
4.125e-05	4.7488e+10	1.3752e-06
4.25e-05	4.6464e+10	7.3357e-06
4.375e-05	4.5463e+10	-2.7752e-06
4.5e-05	4.4485e+10	1.0567e-06
4.625e-05	4.3529e+10	-7.8449e-06
4.75e-05	4.2595e+10	1.6148e-05
4.875e-05	4.1682e+10	-2.058e-06
5e-05	4.079e+10	-3.1757e-06
5.125e-05	3.9918e+10	2.0981e-08
5.25e-05	3.9065e+10	-1.2436e-06
5.375e-05	3.8232e+10	-2.9278e-06
5.5e-05	3.7417e+10	2.2736e-06
5.625e-05	3.6621e+10	-3.046e-06
5.75e-05	3.5842e+10	6.3343e-06
5.875e-05	3.5081e+10	1.1272e-06
6e-05	3.4337e+10	-3.6659e-06
6.125e-05	3.3609e+10	-4.2725e-06
6.25e-05	3.2897e+10	1.3256e-06
6.375e-05	3.2201e+10	5.1498e-07
6.5e-05	3.152e+10	2.9392e-06
6.625e-05	3.0855e+10	-2.1744e-06
6.75e-05	3.0203e+10	-2.327e-07
6.875e-05	2.9566e+10	-3.9101e-06
7e-05	2.8943e+10	-2.4395e-06
7.125e-05	2.8333e+10	-4.9973e-07
7.25e-05	2.7737e+10	2.7847e-07
7.375e-05	2.7153e+10	1.6556e-06
7.5e-05	2.6582e+10	-1.7624e-06
7.625e-05	2.6023e+10	5.6267e-07
7.75e-05	2.5476e+10	-4.3793e-06
7.875e-05	2.494e+10	-4.2973e-06
8e-05	2.4416e+10	3.027e-06
8.125e-05	2.3903e+10	1.1368e-06
8.25e-05	2.34e+10	-5.3349e-06
8.375e-05	2.2909e+10	1.1444e-07
8.5e-05	2.2427e+10	-3.5667e-06
8.625e-05	2.1955e+10	1.2569e-06
8.75e-05	2.1493e+10	-1.7815e-06
8.875e-05	2.1041e+10	1.0471e-06
9e-05	2.0597e+10	-4.8027e-06
9.125e-05	2.0163e+10	4.0321e-06
9.25e-05	1.9738e+10	9.6321e-08
9.375e-05	1.9321e+10	-1.9369e-06
9.5e-05	1.8912e+10	-1.6203e-06
9.625e-05	1.8512e+10	1.1425e-06
9.75e-05	1.8119e+10	2.5177e-07
9.875e-05	1.7735e+10	3.1986e-06
0.0001	1.7358e+10	-2.0332e-06
0.00010125	1.6988e+10	1.7309e-06
0.0001025	1.6626e+10	-8.1062e-07
0.00010375	1.627e+10	2.5272e-06
0.000105	1.5921e+10	-2.7618e-06
0.00010625	1.558e+10	2.7151e-06
0.0001075	1.5244e+10	2.6312e-06
0.00010875	1.4915e+10	1.9073e-07
0.00011	1.4592e+10	-3.252e-07
0.00011125	1.4275e+10	1.0586e-06
0.0001125	1.3965e+10	3.1481e-06
0.00011375	1.3659e+10	-2.1029e-07
0.000115	1.336e+10	-1.9779e-06
0.00011625	1.3066e+10	2.7204e-06
0.0001175	1.2778e+10	3.809e-06
0.00011875	1.2494e+10	-2.8858e-06
0.00012	1.2216e+10	-1.955e-07
0.00012125	1.1943e+10	6.1035e-07
0.0001225	1.1675e+10	-1.7719e-06
0.00012375	1.1411e+10	2.8086e-07
0.000125	1.1153e+10	1.9884e-06
0.00012625	1.0899e+10	2.0204e-06
0.0001275	1.0649e+10	2.3007e-06
0.00012875	1.0404e+10	1.4627e-06
0.00013	1.0163e+10	-6.0129e-07
0.00013125	9.9257e+09	2.4371e-06
0.0001325	9.693e+09	-1.687e-06
0.00013375	9.4644e+09	-1.3244e-06
0.000135	9.2396e+09	-2.7337e-06
0.00013625	9.0188e+09	-8.6427e-07
0.0001375	8.8017e+09	1.8442e-07
0.00013875	8.5883e+09	-1.5868e-06
0.00014	8.3785e+09	-1.7071e-07
0.00014125	8.1723e+09	-3.7718e-07
0.0001425	7.9696e+09	1.0918e-06
0.00014375	7.7704e+09	-5.101e-07
0.000145	7.5745e+09	-8.1903e-07
0.00014625	7.3819e+09	4.667e-07
0.0001475	7.1926e+09	4.9891e-07
0.00014875	7.0064e+09	-5.3249e-08
0.00015	6.8234e+09	2.1783e-06
0.00015125	6.6435e+09	-4.4155e-07
0.0001525	6.4666e+09	3.19e-07
0.00015375	6.2927e+09	-1.3378e-06
0.000155	6.1218e+09	8.4382e-07
0.00015625	5.9537e+09	-2.1279e-06
0.0001575	5.7885e+09	9.7299e-07
0.00015875	5.6261e+09	-1.1903e-06
0.00016	5.4665e+09	4.3821e-07
0.00016125	5.3096e+09	-6.6268e-07
0.0001625	5.1554e+09	-1.3317e-06
0.00016375	5.0039e+09	2.0678e-06
0.000165	4.855e+09	6.0058e-07
0.00016625	4.7087e+09	3.3808e-07
0.0001675	4.5649e+09	9.4819e-07
0.00016875	4.4237e+09	1.719e-07
0.00017	4.285e+09	5.3e-07
0.00017125	4.1488e+09	2.3055e-07
0.0001725	4.015e+09	5.8603e-07
0.00017375	3.8837e+09	4.2605e-07
0.000175	3.7548e+09	1.0018e-06
0.00017625	3.6282e+09	-9.8872e-07
0.0001775	3.504e+09	-7.9274e-07
0.00017875	3.3822e+09	-2.3961e-07
0.00018	3.2627e+09	3.6621e-07
0.00018125	3.1455e+09	5.641e-07
0.0001825	3.0306e+09	8.9407e-08
0.00018375	2.918e+09	-4.046e-07
0.000185	2.8076e+09	-7.4005e-07
0.00018625	2.6995e+09	-2.5034e-08
0.0001875	2.5936e+09	1.9288e-07
0.00018875	2.4899e+09	-2.2435e-07
0.00019	2.3885e+09	5.3501e-07
0.00019125	2.2892e+09	5.1689e-07
0.0001925	2.1921e+09	4.6539e-07
0.00019375	2.0972e+09	6.4659e-07
0.000195	2.0045e+09	2.5344e-07
0.00019625	1.9139e+09	2.2936e-07
0.0001975	1.8255e+09	8.8215e-09
0.00019875	1.7392e+09	-1.1921e-09
0.0002	1.655e+09	-1.1635e-07
0.00020125	1.573e+09	7.3504e-07
0.0002025	1.4931e+09	7.9632e-08
0.00020375	1.4153e+09	-4.3321e-07
0.000205	1.3396e+09	6.3419e-08
0.00020625	1.2661e+09	-2.3651e-07
0.0002075	1.1946e+09	5.6267e-08
0.00020875	1.1252e+09	-2.0742e-08
0.00021	1.0579e+09	1.2016e-07
0.00021125	9.9276e+08	-2.1219e-07
0.0002125	9.2966e+08	5.7459e-07
0.00021375	8.6864e+08	5.6267e-07
0.000215	8.0971e+08	-5.0068e-08
0.00021625	7.5285e+08	4.8137e-07
0.0002175	6.9808e+08	-6.2656e-07
0.00021875	6.4538e+08	-3.8338e-07
0.00022	5.9475e+08	8.4639e-08
0.00022125	5.462e+08	2.0027e-08
0.0002225	4.9972e+08	2.11e-07
0.00022375	4.5531e+08	-3.8934e-07
0.000225	4.1297e+08	-4.7326e-07
0.00022625	3.7269e+08	-5.7483e-07
0.0002275	3.3449e+08	-1.0657e-07
0.00022875	2.9835e+08	-4.096e-07
0.00023	2.6428e+08	-7.3671e-08
0.00023125	2.3227e+08	4.0293e-07
0.0002325	2.0233e+08	3.8242e-07
0.00023375	1.7446e+08	-3.5286e-07
0.000235	1.4865e+08	-1.4377e-07
0.00023625	1.2491e+08	1.5831e-07
0.0002375	1.0323e+08	7.2551e-07
0.00023875	8.3615e+07	-6.3968e-07
0.00024	6.6066e+07	-1.8382e-07
0.00024125	5.0582e+07	-3.1376e-07
0.0002425	3.7162e+07	-3.6216e-07
0.00024375	2.5807e+07	-4.5729e-07
0.000245	1.6517e+07	1.1137e-06
0.00024625	9.2905e+06	1.0915e-06
0.0002475	4.1291e+06	1.5473e-07
0.00024875	1.0323e+06	-1.3089e-07
0.00025	0	4.6253e-08
