0	3.3372e+08	-7.8604e-10
3.125e-06	3.1821e+08	40.711
6.25e-06	3.0373e+08	75.615
9.375e-06	2.8939e+08	104.93
1.25e-05	2.7599e+08	128.95
1.5625e-05	2.6272e+08	148.13
1.875e-05	2.5032e+08	162.92
2.1875e-05	2.3804e+08	173.83
2.5e-05	2.2655e+08	181.29
2.8125e-05	2.1519e+08	185.76
3.125e-05	2.0456e+08	187.64
3.4375e-05	1.9406e+08	187.3
3.75e-05	1.8424e+08	185.08
4.0625e-05	1.7454e+08	181.28
4.375e-05	1.6548e+08	176.18
4.6875e-05	1.5655e+08	170.02
5e-05	1.4821e+08	163.02
5.3125e-05	1.4e+08	155.37
5.625e-05	1.3234e+08	147.25
5.9375e-05	1.2483e+08	138.81
6.25e-05	1.1781e+08	130.19
6.5625e-05	1.1095e+08	121.5
6.875e-05	1.0455e+08	112.84
7.1875e-05	9.8306e+07	104.31
7.5e-05	9.2487e+07	95.979
7.8125e-05	8.6831e+07	87.913
8.125e-05	8.1562e+07	80.161
8.4375e-05	7.6457e+07	72.768
8.75e-05	7.1706e+07	65.764
9.0625e-05	6.7119e+07	59.172
9.375e-05	6.2854e+07	53.007
9.6875e-05	5.8749e+07	47.278
0.0001	5.4936e+07	41.984
0.00010312	5.128e+07	37.122
0.00010625	4.7885e+07	32.681
0.00010938	4.4642e+07	28.649
0.0001125	4.1633e+07	25.007
0.00011563	3.8768e+07	21.736
0.00011875	3.6112e+07	18.813
0.00012187	3.3592e+07	16.215
0.000125	3.1256e+07	13.918
0.00012813	2.9047e+07	11.897
0.00013125	2.7001e+07	10.128
0.00013438	2.5072e+07	8.5873
0.0001375	2.3285e+07	7.2514
0.00014062	2.1605e+07	6.0986
0.00014375	2.005e+07	5.1085
0.00014688	1.8591e+07	4.262
0.00015	1.7242e+07	3.5413
0.00015312	1.5978e+07	2.9306
0.00015625	1.4809e+07	2.4153
0.00015938	1.3717e+07	1.9822
0.0001625	1.2708e+07	1.6199
0.00016563	1.1766e+07	1.318
0.00016875	1.0895e+07	1.0675
0.00017187	1.0084e+07	0.86059
0.000175	9.334e+06	0.6903
0.00017813	8.6364e+06	0.5508
0.00018125	7.9918e+06	0.437
0.00018437	7.3927e+06	0.34458
0.0001875	6.8391e+06	0.26988
0.00019063	6.325e+06	0.20978
0.00019375	5.85e+06	0.16168
0.00019688	5.4093e+06	0.12339
0.0002	5.0021e+06	0.093072
0.00020312	4.6246e+06	0.069227
0.00020625	4.2758e+06	0.050599
0.00020938	3.9526e+06	0.036158
0.0002125	3.6539e+06	0.025061
0.00021562	3.3773e+06	0.01662
0.00021875	3.1218e+06	0.010277
0.00022188	2.8852e+06	0.0055784
0.000225	2.6667e+06	0.002162
0.00022813	2.4644e+06	-0.00026357
0.00023125	2.2775e+06	-0.0019302
0.00023437	2.1046e+06	-0.0030215
0.0002375	1.9449e+06	-0.0036822
0.00024063	1.7971e+06	-0.0040255
0.00024375	1.6607e+06	-0.0041392
0.00024688	1.5344e+06	-0.0040912
0.00025	1.4178e+06	-0.0039332
0.00025312	1.31e+06	-0.0037042
0.00025625	1.2104e+06	-0.0034332
0.00025938	1.1183e+06	-0.0031418
0.0002625	1.0332e+06	-0.0028452
0.00026563	9.5456e+05	-0.0025541
0.00026875	8.8192e+05	-0.0022757
0.00027187	8.1477e+05	-0.0020147
0.000275	7.5274e+05	-0.0017735
0.00027812	6.9541e+05	-0.0015534
0.00028125	6.4246e+05	-0.0013546
0.00028438	5.9352e+05	-0.0011766
0.0002875	5.4831e+05	-0.0010182
0.00029062	5.0654e+05	-0.00087818
0.00029375	4.6795e+05	-0.00075512
0.00029687	4.3229e+05	-0.00064747
0.0003	3.9935e+05	-0.00055371
0.00030313	3.6891e+05	-0.00047236
0.00030625	3.408e+05	-0.00040204
0.00030938	3.1483e+05	-0.00034144
0.0003125	2.9083e+05	-0.00028938
0.00031562	2.6866e+05	-0.00024478
0.00031875	2.4818e+05	-0.00020667
0.00032188	2.2926e+05	-0.00017419
0.000325	2.1179e+05	-0.00014657
0.00032813	1.9564e+05	-0.00012312
0.00033125	1.8073e+05	-0.00010327
0.00033437	1.6695e+05	-8.65e-05
0.0003375	1.5422e+05	-7.2352e-05
0.00034062	1.4246e+05	-6.044e-05
0.00034375	1.316e+05	-5.043e-05
0.00034688	1.2157e+05	-4.2033e-05
0.00035	1.123e+05	-3.5001e-05
0.00035312	1.0374e+05	-2.9121e-05
0.00035625	95829	-2.4212e-05
0.00035937	88522	-2.0121e-05
0.0003625	81773	-1.6716e-05
0.00036563	75538	-1.3887e-05
0.00036875	69778	-1.1538e-05
0.00037188	64458	-9.5917e-06
0.000375	59543	-7.98e-06
0.00037812	55003	-6.6469e-06
0.00038125	50809	-5.5453e-06
0.00038438	46934	-4.6355e-06
0.0003875	43356	-3.8845e-06
0.00039063	40049	-3.2646e-06
0.00039375	36995	-2.753e-06
0.00039687	34174	-2.3305e-06
0.0004	31568	-1.9813e-06
0.00040313	29161	-1.6922e-06
0.00040625	26937	-1.4524e-06
0.00040938	24882	-1.2531e-06
0.0004125	22985	-1.0868e-06
0.00041562	21232	-9.4746e-07
0.00041875	19612	-8.3025e-07
0.00042187	18116	-7.3105e-07
0.000425	16734	-6.466e-07
0.00042813	15458	-5.742e-07
0.00043125	14278	-5.1168e-07
0.00043437	13189	-4.5726e-07
0.0004375	12183	-4.095e-07
0.00044062	11253	-3.6726e-07
0.00044375	10394	-3.296e-07
0.00044688	9600.9	-2.9576e-07
0.00045	8868.1	-2.6514e-07
0.00045313	8191.2	-2.3725e-07
0.00045625	7565.8	-2.117e-07
0.00045937	6988.2	-1.8818e-07
0.0004625	6454.6	-1.6643e-07
0.00046563	5961.7	-1.4626e-07
0.00046875	5506.3	-1.275e-07
0.00047188	5085.7	-1.1001e-07
0.000475	4697.2	-9.3703e-08
0.00047812	4338.3	-7.8479e-08
0.00048125	4006.8	-6.4274e-08
0.00048437	3700.6	-5.1024e-08
0.0004875	3417.7	-3.8686e-08
0.00049062	3156.4	-2.7212e-08
0.00049375	2915.1	-1.657e-08
0.00049688	2692.1	-6.7279e-09
0.0005	2486.2	2.346e-09
0.00050312	2296	1.0677e-08
0.00050625	2120.4	1.8292e-08
0.00050937	1958.1	2.5214e-08
0.0005125	1808.2	3.147e-08
0.00051563	1669.8	3.7082e-08
0.00051875	1542	4.2078e-08
0.00052187	1423.9	4.648e-08
0.000525	1314.9	5.0314e-08
0.00052812	1214.2	5.3606e-08
0.00053125	1121.1	5.6383e-08
0.00053438	1035.3	5.867e-08
0.0005375	955.94	6.0497e-08
0.00054062	882.69	6.1888e-08
0.00054375	815.05	6.2873e-08
0.00054688	752.59	6.3478e-08
0.00055	694.91	6.3732e-08
0.00055313	641.65	6.3663e-08
0.00055625	592.47	6.3296e-08
0.00055937	547.07	6.2659e-08
0.0005625	505.15	6.1779e-08
0.00056563	466.44	6.0681e-08
0.00056875	430.71	5.939e-08
0.00057188	397.72	5.7929e-08
0.000575	367.26	5.6322e-08
0.00057812	339.14	5.4591e-08
0.00058125	313.19	5.2757e-08
0.00058438	289.23	5.084e-08
0.0005875	267.11	4.8857e-08
0.00059063	246.7	4.6827e-08
0.00059375	227.86	4.4765e-08
0.00059687	210.46	4.2686e-08
0.0006	194.41	4.0604e-08
0.00060313	179.6	3.8531e-08
0.00060625	165.93	3.6478e-08
0.00060937	153.31	3.4455e-08
0.0006125	141.67	3.247e-08
0.00061562	130.92	3.0532e-08
0.00061875	121.01	2.8646e-08
0.00062188	111.85	2.6818e-08
0.000625	103.41	2.5053e-08
0.00062812	95.621	2.3355e-08
0.00063125	88.436	2.1726e-08
0.00063437	81.801	2.0168e-08
0.0006375	75.684	1.8683e-08
0.00064063	70.035	1.7271e-08
0.00064375	64.829	1.5933e-08
0.00064687	60.02	1.4668e-08
0.00065	55.588	1.3476e-08
0.00065312	51.494	1.2354e-08
0.00065625	47.721	1.1302e-08
0.00065938	44.236	1.0318e-08
0.0006625	41.025	9.3999e-09
0.00066562	38.057	8.5446e-09
0.00066875	35.324	7.7502e-09
0.00067187	32.797	7.0141e-09
0.000675	30.47	6.3335e-09
0.00067813	28.319	5.7057e-09
0.00068125	26.337	5.128e-09
0.00068437	24.505	4.5976e-09
0.0006875	22.817	4.1117e-09
0.00069063	21.256	3.6677e-09
0.00069375	19.819	3.2629e-09
0.00069688	18.488	2.8947e-09
0.0007	17.264	2.5606e-09
0.00070312	16.129	2.2582e-09
0.00070625	15.085	1.9852e-09
0.00070938	14.118	1.7394e-09
0.0007125	13.227	1.5186e-09
0.00071563	12.402	1.3209e-09
0.00071875	11.642	1.1443e-09
0.00072187	10.937	9.8714e-10
0.000725	10.288	8.4766e-10
0.00072813	9.6861	7.2429e-10
0.00073125	9.1316	6.1557e-10
0.00073438	8.6166	5.2017e-10
0.0007375	8.1424	4.3675e-10
0.00074062	7.7015	3.6417e-10
0.00074375	7.2956	3.0132e-10
0.00074688	6.9178	2.4721e-10
0.00075	6.5698	2.0087e-10
0.00075312	6.2457	1.6149e-10
0.00075625	5.9471	1.2828e-10
0.00075937	5.6687	1.0047e-10
0.0007625	5.412	7.7454e-11
0.00076563	5.1724	5.86e-11
0.00076875	4.9514	4.3374e-11
0.00077187	4.7449	3.1267e-11
0.000775	4.5543	2.181e-11
0.00077812	4.376	1.4622e-11
0.00078125	4.2113	9.3066e-12
0.00078438	4.0569	5.5334e-12
0.0007875	3.9142	2.9866e-12
0.00079062	3.7803	1.4097e-12
0.00079375	3.6563	5.1388e-13
0.00079687	3.5398	1.3054e-13
0.0008	3.4318	1.8922e-14
0.00080313	3.3301	2.0078e-14
0.00080625	3.2357	-3.8145e-14
0.00080937	3.1466	-2.8208e-13
0.0008125	3.0638	-8.4582e-13
0.00081563	2.9855	-1.8211e-12
0.00081875	2.9126	-3.3218e-12
0.00082188	2.8435	-5.4175e-12
0.000825	2.779	-8.1841e-12
0.00082812	2.7177	-1.1669e-11
0.00083125	2.6604	-1.592e-11
0.00083438	2.6057	-2.1e-11
0.0008375	2.5545	-2.6898e-11
0.00084063	2.5055	-3.3658e-11
0.00084375	2.4595	-4.1292e-11
0.00084687	2.4154	-4.9793e-11
0.00085	2.3738	-5.9174e-11
0.00085313	2.3338	-6.9413e-11
0.00085625	2.2959	-8.0508e-11
0.00085938	2.2594	-9.2437e-11
0.0008625	2.2247	-1.0517e-10
0.00086562	2.1912	-1.1869e-10
0.00086875	2.1592	-1.3295e-10
0.00087188	2.1282	-1.4793e-10
0.000875	2.0985	-1.6359e-10
0.00087812	2.0696	-1.7987e-10
0.00088125	2.0419	-1.9674e-10
0.00088437	2.0148	-2.1415e-10
0.0008875	1.9887	-2.3204e-10
0.00089063	1.9631	-2.5038e-10
0.00089375	1.9384	-2.691e-10
0.00089687	1.9141	-2.8816e-10
0.0009	1.8906	-3.0749e-10
0.00090312	1.8673	-3.2704e-10
0.00090625	1.8448	-3.4677e-10
0.00090938	1.8224	-3.666e-10
0.0009125	1.8007	-3.865e-10
0.00091562	1.7791	-4.064e-10
0.00091875	1.7581	-4.2625e-10
0.00092187	1.7372	-4.4601e-10
0.000925	1.7167	-4.656e-10
0.00092813	1.6963	-4.85e-10
0.00093125	1.6763	-5.0414e-10
0.00093437	1.6564	-5.2299e-10
0.0009375	1.6368	-5.4149e-10
0.00094062	1.6172	-5.5961e-10
0.00094375	1.598	-5.773e-10
0.00094688	1.5787	-5.9452e-10
0.00095	1.5598	-6.1124e-10
0.00095312	1.5408	-6.2742e-10
0.00095625	1.5221	-6.4303e-10
0.00095938	1.5034	-6.5804e-10
0.0009625	1.4849	-6.7242e-10
0.00096563	1.4664	-6.8615e-10
0.00096875	1.4482	-6.9921e-10
0.00097187	1.4298	-7.1158e-10
0.000975	1.4117	-7.2323e-10
0.00097813	1.3936	-7.3416e-10
0.00098125	1.3756	-7.4435e-10
0.00098438	1.3577	-7.5379e-10
0.0009875	1.3399	-7.6247e-10
0.00099062	1.3221	-7.7039e-10
0.00099375	1.3044	-7.7754e-10
0.00099687	1.2868	-7.8392e-10
0.001	1.2693	-7.8954e-10
0.0010031	1.2518	-7.944e-10
0.0010062	1.2345	-7.9849e-10
0.0010094	1.2172	-8.0184e-10
0.0010125	1.2	-8.0444e-10
0.0010156	1.1829	-8.063e-10
0.0010187	1.1659	-8.0744e-10
0.0010219	1.1489	-8.0787e-10
0.001025	1.1321	-8.076e-10
0.0010281	1.1153	-8.0665e-10
0.0010313	1.0986	-8.0504e-10
0.0010344	1.082	-8.0278e-10
0.0010375	1.0656	-7.9989e-10
0.0010406	1.0492	-7.9639e-10
0.0010437	1.033	-7.923e-10
0.0010469	1.0168	-7.8765e-10
0.00105	1.0008	-7.8244e-10
0.0010531	0.98481	-7.7671e-10
0.0010562	0.969	-7.7048e-10
0.0010594	0.9533	-7.6376e-10
0.0010625	0.93773	-7.5659e-10
0.0010656	0.92227	-7.4898e-10
0.0010688	0.90694	-7.4096e-10
0.0010719	0.89174	-7.3256e-10
0.001075	0.87667	-7.2378e-10
0.0010781	0.86173	-7.1467e-10
0.0010812	0.84692	-7.0523e-10
0.0010844	0.83226	-6.955e-10
0.0010875	0.81772	-6.8549e-10
0.0010906	0.80334	-6.7523e-10
0.0010938	0.78908	-6.6474e-10
0.0010969	0.77499	-6.5403e-10
0.0011	0.76102	-6.4314e-10
0.0011031	0.74722	-6.3209e-10
0.0011063	0.73355	-6.2088e-10
0.0011094	0.72005	-6.0955e-10
0.0011125	0.70668	-5.981e-10
0.0011156	0.69349	-5.8657e-10
0.0011187	0.68042	-5.7496e-10
0.0011219	0.66753	-5.6329e-10
0.001125	0.65477	-5.5158e-10
0.0011281	0.6422	-5.3985e-10
0.0011313	0.62976	-5.2812e-10
0.0011344	0.6175	-5.1639e-10
0.0011375	0.60537	-5.0468e-10
0.0011406	0.59344	-4.93e-10
0.0011438	0.58162	-4.8137e-10
0.0011469	0.57	-4.698e-10
0.00115	0.55851	-4.583e-10
0.0011531	0.54721	-4.4688e-10
0.0011562	0.53603	-4.3555e-10
0.0011594	0.52505	-4.2432e-10
0.0011625	0.51419	-4.1321e-10
0.0011656	0.50353	-4.0221e-10
0.0011688	0.49299	-3.9134e-10
0.0011719	0.48265	-3.8061e-10
0.001175	0.47242	-3.7001e-10
0.0011781	0.4624	-3.5956e-10
0.0011813	0.45248	-3.4927e-10
0.0011844	0.44277	-3.3913e-10
0.0011875	0.43316	-3.2916e-10
0.0011906	0.42376	-3.1936e-10
0.0011937	0.41447	-3.0972e-10
0.0011969	0.40537	-3.0026e-10
0.0012	0.39638	-2.9098e-10
0.0012031	0.38759	-2.8188e-10
0.0012063	0.3789	-2.7296e-10
0.0012094	0.37041	-2.6422e-10
0.0012125	0.36201	-2.5567e-10
0.0012156	0.35382	-2.4731e-10
0.0012187	0.34571	-2.3913e-10
0.0012219	0.3378	-2.3114e-10
0.001225	0.32999	-2.2334e-10
0.0012281	0.32236	-2.1572e-10
0.0012312	0.31483	-2.0829e-10
0.0012344	0.30748	-2.0104e-10
0.0012375	0.30022	-1.9398e-10
0.0012406	0.29315	-1.8711e-10
0.0012438	0.28616	-1.8042e-10
0.0012469	0.27936	-1.739e-10
0.00125	0.27264	-1.6757e-10
0.0012531	0.26609	-1.6141e-10
0.0012562	0.25963	-1.5543e-10
0.0012594	0.25334	-1.4962e-10
0.0012625	0.24713	-1.4398e-10
0.0012656	0.24108	-1.385e-10
0.0012687	0.23512	-1.332e-10
0.0012719	0.22932	-1.2805e-10
0.001275	0.22359	-1.2307e-10
0.0012781	0.21803	-1.1824e-10
0.0012813	0.21254	-1.1356e-10
0.0012844	0.20721	-1.0904e-10
0.0012875	0.20194	-1.0466e-10
0.0012906	0.19683	-1.0043e-10
0.0012937	0.19179	-9.6342e-11
0.0012969	0.18689	-9.239e-11
0.0013	0.18206	-8.8574e-11
0.0013031	0.17738	-8.4889e-11
0.0013062	0.17275	-8.1334e-11
0.0013094	0.16827	-7.7904e-11
0.0013125	0.16385	-7.4597e-11
0.0013156	0.15957	-7.1409e-11
0.0013188	0.15534	-6.8338e-11
0.0013219	0.15124	-6.5379e-11
0.001325	0.14721	-6.2531e-11
0.0013281	0.1433	-5.9789e-11
0.0013312	0.13944	-5.7151e-11
0.0013344	0.13571	-5.4614e-11
0.0013375	0.13202	-5.2175e-11
0.0013406	0.12846	-4.9831e-11
0.0013437	0.12495	-4.7578e-11
0.0013469	0.12156	-4.5415e-11
0.00135	0.11821	-4.3338e-11
0.0013531	0.11497	-4.1345e-11
0.0013563	0.11178	-3.9432e-11
0.0013594	0.1087	-3.7598e-11
0.0013625	0.10566	-3.5839e-11
0.0013656	0.10273	-3.4153e-11
0.0013687	0.099832	-3.2538e-11
0.0013719	0.09704	-3.0991e-11
0.001375	0.094287	-2.9509e-11
0.0013781	0.091631	-2.8091e-11
0.0013813	0.089013	-2.6734e-11
0.0013844	0.086488	-2.5435e-11
0.0013875	0.084	-2.4194e-11
0.0013906	0.081601	-2.3007e-11
0.0013938	0.079237	-2.1872e-11
0.0013969	0.076959	-2.0788e-11
0.0014	0.074714	-1.9753e-11
0.0014031	0.072551	-1.8764e-11
0.0014062	0.07042	-1.7821e-11
0.0014094	0.068368	-1.692e-11
0.0014125	0.066347	-1.6061e-11
0.0014156	0.064401	-1.5242e-11
0.0014188	0.062484	-1.4461e-11
0.0014219	0.060639	-1.3716e-11
0.001425	0.058823	-1.3007e-11
0.0014281	0.057075	-1.2331e-11
0.0014313	0.055354	-1.1687e-11
0.0014344	0.053699	-1.1074e-11
0.0014375	0.05207	-1.0491e-11
0.0014406	0.050503	-9.9363e-12
0.0014437	0.048961	-9.4085e-12
0.0014469	0.047479	-8.9066e-12
0.00145	0.04602	-8.4293e-12
0.0014531	0.044619	-7.9758e-12
0.0014563	0.043239	-7.5448e-12
0.0014594	0.041914	-7.1355e-12
0.0014625	0.04061	-6.7466e-12
0.0014656	0.039358	-6.3775e-12
0.0014688	0.038127	-6.0272e-12
0.0014719	0.036945	-5.6948e-12
0.001475	0.035781	-5.3795e-12
0.0014781	0.034665	-5.0804e-12
0.0014812	0.033567	-4.7968e-12
0.0014844	0.032515	-4.528e-12
0.0014875	0.031479	-4.2733e-12
0.0014906	0.030486	-4.0321e-12
0.0014938	0.029509	-3.8035e-12
0.0014969	0.028573	-3.5872e-12
0.0015	0.027652	-3.3822e-12
0.0015031	0.02677	-3.1884e-12
0.0015062	0.025902	-3.005e-12
0.0015094	0.025071	-2.8314e-12
0.0015125	0.024254	-2.6673e-12
0.0015156	0.023472	-2.5122e-12
0.0015187	0.022703	-2.3656e-12
0.0015219	0.021966	-2.227e-12
0.001525	0.021243	-2.096e-12
0.0015281	0.02055	-1.9723e-12
0.0015313	0.019869	-1.8556e-12
0.0015344	0.019218	-1.7454e-12
0.0015375	0.018578	-1.6413e-12
0.0015406	0.017966	-1.5432e-12
0.0015437	0.017364	-1.4506e-12
0.0015469	0.016789	-1.3632e-12
0.00155	0.016224	-1.2808e-12
0.0015531	0.015684	-1.2032e-12
0.0015562	0.015153	-1.13e-12
0.0015594	0.014646	-1.0611e-12
0.0015625	0.014147	-9.961e-13
0.0015656	0.013672	-9.3492e-13
0.0015688	0.013204	-8.7732e-13
0.0015719	0.012758	-8.231e-13
0.001575	0.012319	-7.7207e-13
0.0015781	0.011901	-7.2405e-13
0.0015812	0.01149	-6.7887e-13
0.0015844	0.011098	-6.3639e-13
0.0015875	0.010712	-5.9643e-13
0.0015906	0.010345	-5.5889e-13
0.0015937	0.0099841	-5.2357e-13
0.0015969	0.0096401	-4.9041e-13
0.0016	0.0093021	-4.5924e-13
0.0016031	0.00898	-4.2998e-13
0.0016063	0.0086636	-4.0248e-13
0.0016094	0.0083622	-3.767e-13
0.0016125	0.0080662	-3.5248e-13
0.0016156	0.0077843	-3.2974e-13
0.0016187	0.0075074	-3.0841e-13
0.0016219	0.0072438	-2.8841e-13
0.001625	0.0069849	-2.6966e-13
0.0016281	0.0067385	-2.5207e-13
0.0016313	0.0064965	-2.3557e-13
0.0016344	0.0062663	-2.2013e-13
0.0016375	0.0060403	-2.0565e-13
0.0016406	0.0058252	-1.9208e-13
0.0016438	0.0056141	-1.7937e-13
0.0016469	0.0054134	-1.6749e-13
0.00165	0.0052163	-1.5635e-13
0.0016531	0.0050289	-1.4591e-13
0.0016562	0.004845	-1.3616e-13
0.0016594	0.0046702	-1.2704e-13
0.0016625	0.0044986	-1.185e-13
0.0016656	0.0043356	-1.105e-13
0.0016688	0.0041756	-1.0304e-13
0.0016719	0.0040237	-9.6061e-14
0.001675	0.0038745	-8.9538e-14
0.0016781	0.0037329	-8.3428e-14
0.0016813	0.003594	-7.7736e-14
0.0016844	0.003462	-7.2413e-14
0.0016875	0.0033326	-6.7444e-14
0.0016906	0.0032097	-6.2804e-14
0.0016937	0.0030892	-5.8473e-14
0.0016969	0.0029748	-5.443e-14
0.0017	0.0028626	-5.0656e-14
0.0017031	0.0027562	-4.7143e-14
0.0017063	0.0026518	-4.3854e-14
0.0017094	0.0025528	-4.079e-14
0.0017125	0.0024557	-3.7932e-14
0.0017156	0.0023637	-3.5276e-14
0.0017188	0.0022734	-3.279e-14
0.0017219	0.0021878	-3.0476e-14
0.001725	0.0021039	-2.832e-14
0.0017281	0.0020244	-2.6314e-14
0.0017312	0.0019464	-2.4448e-14
0.0017344	0.0018726	-2.2711e-14
0.0017375	0.0018001	-2.1083e-14
0.0017406	0.0017316	-1.9579e-14
0.0017438	0.0016643	-1.817e-14
0.0017469	0.0016007	-1.6869e-14
0.00175	0.0015382	-1.5651e-14
0.0017531	0.0014792	-1.4522e-14
0.0017562	0.0014213	-1.3471e-14
0.0017594	0.0013665	-1.2492e-14
0.0017625	0.0013128	-1.1585e-14
0.0017656	0.0012619	-1.0742e-14
0.0017687	0.0012121	-9.9575e-15
0.0017719	0.001165	-9.228e-15
0.001775	0.0011189	-8.5518e-15
0.0017781	0.0010752	-7.9226e-15
0.0017813	0.0010325	-7.3394e-15
0.0017844	0.00099203	-6.797e-15
0.0017875	0.00095241	-6.2944e-15
0.0017906	0.00091497	-5.8271e-15
0.0017937	0.00087829	-5.395e-15
0.0017969	0.00084363	-4.9926e-15
0.0018	0.00080968	-4.62e-15
0.0018031	0.00077761	-4.2734e-15
0.0018062	0.00074619	-3.9531e-15
0.0018094	0.00071652	-3.6564e-15
0.0018125	0.00068746	-3.3806e-15
0.0018156	0.00066003	-3.1263e-15
0.0018188	0.00063315	-2.8895e-15
0.0018219	0.00060779	-2.6698e-15
0.001825	0.00058295	-2.4669e-15
0.0018281	0.00055951	-2.2801e-15
0.0018312	0.00053656	-2.1059e-15
0.0018344	0.00051491	-1.9446e-15
0.0018375	0.0004937	-1.7966e-15
0.0018406	0.00047371	-1.6585e-15
0.0018437	0.00045413	-1.5303e-15
0.0018469	0.00043567	-1.4129e-15
0.00185	0.00041759	-1.3045e-15
0.0018531	0.00040055	-1.2026e-15
0.0018563	0.00038387	-1.1101e-15
0.0018594	0.00036816	-1.0238e-15
0.0018625	0.00035277	-9.438e-16
0.0018656	0.00033827	-8.7044e-16
0.0018687	0.00032408	-8.0194e-16
0.0018719	0.00031071	-7.4007e-16
0.001875	0.00029763	-6.8154e-16
0.0018781	0.00028531	-6.2853e-16
0.0018812	0.00027326	-5.7909e-16
0.0018844	0.00026191	-5.3318e-16
0.0018875	0.0002508	-4.9072e-16
0.0018906	0.00024034	-4.523e-16
0.0018938	0.00023011	-4.1583e-16
0.0018969	0.00022049	-3.835e-16
0.0019	0.00021107	-3.5266e-16
0.0019031	0.00020221	-3.2424e-16
0.0019062	0.00019354	-2.9865e-16
0.0019094	0.00018538	-2.7464e-16
0.0019125	0.00017741	-2.5234e-16
0.0019156	0.00016991	-2.3206e-16
0.0019188	0.00016257	-2.1383e-16
0.0019219	0.00015567	-1.9625e-16
0.001925	0.00014893	-1.8073e-16
0.0019281	0.00014259	-1.6565e-16
0.0019313	0.00013639	-1.5209e-16
0.0019344	0.00013056	-1.3972e-16
0.0019375	0.00012486	-1.2851e-16
0.0019406	0.00011951	-1.1796e-16
0.0019437	0.00011428	-1.0826e-16
0.0019469	0.00010936	-9.9365e-17
0.00195	0.00010456	-9.126e-17
0.0019531	0.00010004	-8.3766e-17
0.0019563	9.5632e-05	-7.6855e-17
0.0019594	9.1491e-05	-7.0541e-17
0.0019625	8.7442e-05	-6.4677e-17
0.0019656	8.3642e-05	-5.9251e-17
0.0019688	7.9927e-05	-5.438e-17
0.0019719	7.6443e-05	-4.9773e-17
0.001975	7.3036e-05	-4.5644e-17
0.0019781	6.9841e-05	-4.1897e-17
0.0019812	6.6718e-05	-3.8428e-17
0.0019844	6.3789e-05	-3.5132e-17
0.0019875	6.0927e-05	-3.2203e-17
0.0019906	5.8244e-05	-2.9553e-17
0.0019937	5.5621e-05	-2.7006e-17
0.0019969	5.3163e-05	-2.4807e-17
0.002	5.0761e-05	-2.2649e-17
0.0020031	4.851e-05	-2.0629e-17
0.0020062	4.6311e-05	-1.8936e-17
0.0020094	4.4251e-05	-1.7292e-17
0.0020125	4.2238e-05	-1.5873e-17
0.0020156	4.0352e-05	-1.4565e-17
0.0020188	3.851e-05	-1.3257e-17
0.0020219	3.6786e-05	-1.2081e-17
0.002025	3.5101e-05	-1.1064e-17
0.0020281	3.3524e-05	-1.0131e-17
0.0020313	3.1983e-05	-9.253e-18
0.0020344	3.0541e-05	-8.4759e-18
0.0020375	2.9133e-05	-7.7161e-18
0.0020406	2.7815e-05	-7.0464e-18
0.0020437	2.6528e-05	-6.4324e-18
0.0020469	2.5324e-05	-5.9258e-18
0.00205	2.4148e-05	-5.4089e-18
0.0020531	2.3049e-05	-4.9197e-18
0.0020562	2.1975e-05	-4.5033e-18
0.0020594	2.0971e-05	-4.1356e-18
0.0020625	1.9991e-05	-3.7817e-18
0.0020656	1.9074e-05	-3.3428e-18
0.0020687	1.818e-05	-3.0618e-18
0.0020719	1.7344e-05	-2.8744e-18
0.002075	1.6527e-05	-2.6385e-18
0.0020781	1.5765e-05	-2.3124e-18
0.0020813	1.502e-05	-2.1302e-18
0.0020844	1.4325e-05	-1.9221e-18
0.0020875	1.3646e-05	-1.8405e-18
0.0020906	1.3012e-05	-1.6254e-18
0.0020938	1.2394e-05	-1.4849e-18
0.0020969	1.1816e-05	-1.3461e-18
0.0021	1.1252e-05	-1.2403e-18
0.0021031	1.0726e-05	-1.1189e-18
0.0021063	1.0213e-05	-1.0244e-18
0.0021094	9.7337e-06	-9.2027e-19
0.0021125	9.2662e-06	-8.3527e-19
0.0021156	8.83e-06	-7.6154e-19
0.0021187	8.4044e-06	-7.0256e-19
0.0021219	8.0074e-06	-6.4272e-19
0.002125	7.6201e-06	-5.7419e-19
0.0021281	7.259e-06	-5.3343e-19
0.0021312	6.9067e-06	-4.8572e-19
0.0021344	6.5782e-06	-4.3195e-19
0.0021375	6.2578e-06	-3.9812e-19
0.0021406	5.9592e-06	-3.5822e-19
0.0021437	5.6679e-06	-3.2353e-19
0.0021469	5.3966e-06	-3.0444e-19
0.00215	5.1318e-06	-2.6975e-19
0.0021531	4.8853e-06	-2.4156e-19
0.0021563	4.6448e-06	-2.1684e-19
0.0021594	4.4208e-06	-1.9559e-19
0.0021625	4.2024e-06	-1.8301e-19
0.0021656	3.999e-06	-1.661e-19
0.0021688	3.8007e-06	-1.5222e-19
0.0021719	3.6161e-06	-1.3704e-19
0.002175	3.4361e-06	-1.2403e-19
0.0021781	3.2686e-06	-1.0972e-19
0.0021813	3.1053e-06	-9.8446e-20
0.0021844	2.9534e-06	-9.4109e-20
0.0021875	2.8052e-06	-8.0665e-20
0.0021906	2.6675e-06	-8.0665e-20
0.0021937	2.5331e-06	-6.7221e-20
0.0021969	2.4082e-06	-6.0932e-20
0.0022	2.2865e-06	-5.8981e-20
0.0022031	2.1733e-06	-5.0958e-20
0.0022062	2.063e-06	-4.8139e-20
0.0022094	1.9605e-06	-4.1633e-20
0.0022125	1.8605e-06	-3.5779e-20
0.0022156	1.7677e-06	-3.6212e-20
0.0022187	1.6772e-06	-3.1225e-20
0.0022219	1.5931e-06	-3.1659e-20
0.002225	1.5112e-06	-3.1225e-20
0.0022281	1.4351e-06	-2.4286e-20
0.0022313	1.3609e-06	-2.2335e-20
0.0022344	1.2921e-06	-2.2985e-20
0.0022375	1.225e-06	-1.7347e-20
0.0022406	1.1628e-06	-1.4745e-20
0.0022438	1.1021e-06	-1.4311e-20
0.0022469	1.0458e-06	-1.301e-20
0.00225	9.9097e-07	-1.1276e-20
0.0022531	9.4007e-07	-9.9747e-21
0.0022563	8.9051e-07	-8.5652e-21
0.0022594	8.4452e-07	-8.1315e-21
0.0022625	7.9975e-07	-8.1315e-21
0.0022656	7.5821e-07	-6.9389e-21
0.0022687	7.1777e-07	-5.9631e-21
0.0022719	6.8025e-07	-4.6621e-21
0.002275	6.4375e-07	-6.3968e-21
0.0022781	6.0988e-07	-4.0115e-21
0.0022812	5.7693e-07	-3.9573e-21
0.0022844	5.4636e-07	-3.8489e-21
0.0022875	5.1663e-07	-3.6321e-21
0.0022906	4.8906e-07	-2.9273e-21
0.0022938	4.6224e-07	-2.9273e-21
0.0022969	4.3737e-07	-2.8731e-21
0.0023	4.132e-07	-2.7647e-21
0.0023031	3.9078e-07	-2.0058e-21
0.0023063	3.6898e-07	-2.06e-21
0.0023094	3.4878e-07	-1.9516e-21
0.0023125	3.2914e-07	-1.8974e-21
0.0023156	3.1094e-07	-7.5894e-22
0.0023188	2.9325e-07	-1.2468e-21
0.0023219	2.7686e-07	-1.301e-21
0.002325	2.6093e-07	-1.0029e-21
0.0023281	2.4617e-07	-1.3553e-21
0.0023312	2.3184e-07	-8.1315e-22
0.0023344	2.1856e-07	-5.421e-22
0.0023375	2.0567e-07	-6.5052e-22
0.0023406	1.9372e-07	-9.7578e-22
0.0023437	1.8213e-07	-7.0473e-22
0.0023469	1.7138e-07	-2.9816e-22
0.00235	1.6097e-07	-8.4026e-22
0.0023531	1.5131e-07	-1.3553e-22
0.0023562	1.4195e-07	8.1315e-23
0.0023594	1.3328e-07	-2.1684e-22
0.0023625	1.2488e-07	1.6263e-22
0.0023656	1.1709e-07	-2.9816e-22
0.0023688	1.0955e-07	-6.2342e-22
0.0023719	1.0256e-07	1.8974e-22
0.002375	9.5805e-08	-2.3039e-22
0.0023781	8.954e-08	2.3039e-22
0.0023813	8.3488e-08	-5.421e-22
0.0023844	7.7876e-08	-3.2526e-22
0.0023875	7.246e-08	-1.3553e-22
0.0023906	6.7438e-08	-4.0658e-23
0.0023938	6.2597e-08	-2.1684e-22
0.0023969	5.8109e-08	-1.0842e-22
0.0024	5.3788e-08	-2.7105e-23
0.0024031	4.9783e-08	-1.3553e-23
0.0024062	4.5933e-08	-5.421e-23
0.0024094	4.2365e-08	-5.421e-23
0.0024125	3.8941e-08	-4.0658e-23
0.0024156	3.577e-08	-8.1315e-23
0.0024187	3.2734e-08	-9.4868e-23
0.0024219	2.9922e-08	-1.3553e-23
0.002425	2.7238e-08	-5.421e-23
0.0024281	2.4755e-08	-1.0164e-22
0.0024312	2.239e-08	-1.152e-22
0.0024344	2.0207e-08	-2.0329e-23
0.0024375	1.8135e-08	2.0329e-23
0.0024406	1.6226e-08	-8.1315e-23
0.0024438	1.4423e-08	-8.1315e-23
0.0024469	1.2765e-08	5.421e-23
0.00245	1.1209e-08	-6.7763e-24
0.0024531	9.7852e-09	-4.7434e-23
0.0024563	8.4578e-09	-2.7105e-23
0.0024594	7.2501e-09	1.3553e-23
0.0024625	6.1354e-09	-6.0986e-23
0.0024656	5.1303e-09	-4.7434e-23
0.0024688	4.215e-09	1.3553e-23
0.0024719	3.4008e-09	6.7763e-24
0.002475	2.6739e-09	-2.0329e-23
0.0024781	2.0411e-09	-8.1315e-23
0.0024812	1.4937e-09	4.0658e-23
0.0024844	1.0353e-09	2.0329e-23
0.0024875	6.6061e-10	-1.3553e-23
0.0024906	3.7123e-10	-2.0329e-23
0.0024937	1.6466e-10	-4.7434e-23
0.0024969	4.1166e-11	-8.1315e-23
0.0025	0	-6.7763e-24
