0	8.4671e+09	9.185e+07
1.25e-05	7.184e+09	9.2063e+07
2.5e-05	6.6357e+09	9.1601e+07
3.75e-05	6.1554e+09	9.1522e+07
5e-05	5.8144e+09	9.1287e+07
6.25e-05	5.4193e+09	9.1148e+07
7.5e-05	5.1273e+09	9.0914e+07
8.75e-05	4.779e+09	9.0727e+07
0.0001	4.5169e+09	9.0465e+07
0.0001125	4.201e+09	9.0225e+07
0.000125	3.9611e+09	8.9933e+07
0.0001375	3.6711e+09	8.9654e+07
0.00015	3.4496e+09	8.9311e+07
0.0001625	3.1821e+09	8.8955e+07
0.000175	2.9769e+09	8.8528e+07
0.0001875	2.73e+09	8.8065e+07
0.0002	2.5398e+09	8.7566e+07
0.0002125	2.3125e+09	8.7022e+07
0.000225	2.1367e+09	8.6384e+07
0.0002375	1.9284e+09	8.5658e+07
0.00025	1.7668e+09	8.4798e+07
0.0002625	1.5775e+09	8.3837e+07
0.000275	1.43e+09	8.2783e+07
0.0002875	1.2595e+09	8.1547e+07
0.0003	1.1261e+09	8.0064e+07
0.0003125	9.7499e+08	7.8271e+07
0.000325	8.5662e+08	7.6165e+07
0.0003375	7.2594e+08	7.3782e+07
0.00035	6.2277e+08	7.0896e+07
0.0003625	5.1299e+08	6.7345e+07
0.000375	4.2668e+08	6.3027e+07
0.0003875	3.3965e+08	5.7982e+07
0.0004	2.7208e+08	5.2053e+07
0.0004125	2.0807e+08	4.5181e+07
0.000425	1.6147e+08	3.7584e+07
0.0004375	1.2085e+08	2.9852e+07
0.00045	9.2189e+07	2.2389e+07
0.0004625	7.0796e+07	1.6079e+07
0.000475	5.4101e+07	1.0929e+07
0.0004875	4.3186e+07	7.3501e+06
0.0005	3.405e+07	4.8245e+06
0.0005125	2.7654e+07	3.2356e+06
0.000525	2.2447e+07	2.149e+06
0.0005375	1.8506e+07	1.4441e+06
0.00055	1.5277e+07	9.6156e+05
0.0005625	1.2707e+07	6.42e+05
0.000575	1.0584e+07	4.2502e+05
0.0005875	8.8391e+06	2.812e+05
0.0006	7.3936e+06	1.8466e+05
0.0006125	6.1836e+06	1.21e+05
0.000625	5.1793e+06	78764
0.0006375	4.3314e+06	51124
0.00065	3.627e+06	32990
0.0006625	3.0303e+06	21220
0.000675	2.5345e+06	13579
0.0006875	2.1145e+06	8661.3
0.0007	1.7657e+06	5499.6
0.0007125	1.4707e+06	3480.8
0.000725	1.226e+06	2194.4
0.0007375	1.0195e+06	1379.2
0.00075	8.4835e+05	863.81
0.0007625	7.0439e+05	539.43
0.000775	5.8521e+05	335.75
0.0007875	4.8523e+05	208.36
0.0008	4.0255e+05	128.88
0.0008125	3.3338e+05	79.478
0.000825	2.7623e+05	48.849
0.0008375	2.2853e+05	29.928
0.00085	1.8916e+05	18.27
0.0008625	1.5638e+05	11.113
0.000875	1.2933e+05	6.7306
0.0008875	1.0685e+05	4.0578
0.0009	88318	2.4334
0.0009125	72937	1.4504
0.000925	60262	0.85823
0.0009375	49757	0.50369
0.00095	41103	0.29278
0.0009625	33937	0.16341
0.000975	28035	0.090823
0.0009875	23151	0.048974
0.001	19130	0.025204
0.0010125	15804	0.011975
0.001025	13067	0.0048148
0.0010375	10804	0.0010883
0.00105	8940.7	-0.00074008
0.0010625	7401.2	-0.0015496
0.001075	6133.5	-0.0018367
0.0010875	5086	-0.0019215
0.0011	4222.8	-0.0019533
0.0011125	3509.2	-0.0019538
0.001125	2921	-0.0019361
0.0011375	2434.5	-0.0019078
0.00115	2033.1	-0.0018735
0.0011625	1700.8	-0.0018357
0.001175	1426.4	-0.0017958
0.0011875	1199	-0.0017545
0.0012	1010.8	-0.0017123
0.0012125	854.71	-0.0016694
0.001225	725.29	-0.0016259
0.0012375	617.74	-0.0015819
0.00125	528.32	-0.0015374
0.0012625	453.86	-0.0014927
0.001275	391.74	-0.0014478
0.0012875	339.88	-0.0014028
0.0013	296.42	-0.0013578
0.0013125	260.02	-0.0013127
0.001325	229.34	-0.0012678
0.0013375	203.54	-0.0012233
0.00135	181.65	-0.0011793
0.0013625	163.14	-0.0011358
0.001375	147.31	-0.0010929
0.0013875	133.83	-0.0010505
0.0014	122.19	-0.0010088
0.0014125	112.21	-0.00096802
0.001425	103.48	-0.00092815
0.0014375	95.928	-0.0008892
0.00145	89.246	-0.00085119
0.0014625	83.399	-0.00081413
0.001475	78.159	-0.00077806
0.0014875	73.521	-0.00074298
0.0015	69.31	-0.00070892
0.0015125	65.54	-0.00067587
0.001525	62.072	-0.00064384
0.0015375	58.933	-0.00061281
0.00155	56.011	-0.0005828
0.0015625	53.34	-0.00055382
0.001575	50.828	-0.00052585
0.0015875	48.513	-0.00049889
0.0016	46.316	-0.00047294
0.0016125	44.277	-0.00044797
0.001625	42.327	-0.00042399
0.0016375	40.509	-0.00040097
0.00165	38.761	-0.0003789
0.0016625	37.125	-0.00035776
0.001675	35.545	-0.00033753
0.0016875	34.062	-0.00031819
0.0017	32.625	-0.00029973
0.0017125	31.275	-0.00028213
0.001725	29.963	-0.00026536
0.0017375	28.73	-0.00024941
0.00175	27.529	-0.00023423
0.0017625	26.401	-0.00021982
0.001775	25.301	-0.00020615
0.0017875	24.268	-0.00019319
0.0018	23.259	-0.00018091
0.0018125	22.313	-0.0001693
0.001825	21.388	-0.00015832
0.0018375	20.521	-0.00014796
0.00185	19.673	-0.00013818
0.0018625	18.88	-0.00012897
0.001875	18.103	-0.00012029
0.0018875	17.376	-0.00011212
0.0019	16.665	-0.00010445
0.0019125	16	-9.7239e-05
0.001925	15.35	-9.0476e-05
0.0019375	14.742	-8.4135e-05
0.00195	14.147	-7.8196e-05
0.0019625	13.592	-7.2638e-05
0.001975	13.048	-6.7439e-05
0.0019875	12.541	-6.2582e-05
0.002	12.044	-5.8047e-05
0.0020125	11.58	-5.3816e-05
0.002025	11.126	-4.9871e-05
0.0020375	10.703	-4.6197e-05
0.00205	10.289	-4.2776e-05
0.0020625	9.9027	-3.9595e-05
0.002075	9.5239	-3.6637e-05
0.0020875	9.1713	-3.3889e-05
0.0021	8.8254	-3.1339e-05
0.0021125	8.5034	-2.8972e-05
0.002125	8.1874	-2.6778e-05
0.0021375	7.8932	-2.4745e-05
0.00215	7.6044	-2.2862e-05
0.0021625	7.3355	-2.1119e-05
0.002175	7.0714	-1.9507e-05
0.0021875	6.8255	-1.8016e-05
0.0022	6.584	-1.6639e-05
0.0022125	6.359	-1.5366e-05
0.002225	6.1379	-1.4191e-05
0.0022375	5.9319	-1.3106e-05
0.00225	5.7293	-1.2106e-05
0.0022625	5.5405	-1.1183e-05
0.002275	5.3549	-1.0332e-05
0.0022875	5.1817	-9.5482e-06
0.0023	5.0113	-8.8258e-06
0.0023125	4.8523	-8.1603e-06
0.002325	4.6958	-7.5474e-06
0.0023375	4.5496	-6.9831e-06
0.00235	4.4057	-6.4636e-06
0.0023625	4.2712	-5.9854e-06
0.002375	4.1388	-5.5453e-06
0.0023875	4.0148	-5.1402e-06
0.0024	3.8927	-4.7675e-06
0.0024125	3.7783	-4.4245e-06
0.002425	3.6656	-4.1089e-06
0.0024375	3.5599	-3.8185e-06
0.00245	3.4558	-3.5512e-06
0.0024625	3.3579	-3.3052e-06
0.002475	3.2615	-3.0787e-06
0.0024875	3.1708	-2.8702e-06
0.0025	3.0814	-2.6782e-06
0.0025125	2.9972	-2.5014e-06
0.002525	2.9142	-2.3385e-06
0.0025375	2.8358	-2.1884e-06
0.00255	2.7586	-2.05e-06
0.0025625	2.6856	-1.9224e-06
0.002575	2.6136	-1.8046e-06
0.0025875	2.5454	-1.696e-06
0.0026	2.4782	-1.5957e-06
0.0026125	2.4144	-1.5031e-06
0.002625	2.3515	-1.4175e-06
0.0026375	2.2917	-1.3384e-06
0.00265	2.2328	-1.2652e-06
0.0026625	2.1767	-1.1975e-06
0.002675	2.1213	-1.1347e-06
0.0026875	2.0685	-1.0766e-06
0.0027	2.0164	-1.0227e-06
0.0027125	1.9667	-9.7272e-07
0.002725	1.9176	-9.2629e-07
0.0027375	1.8706	-8.8316e-07
0.00275	1.8242	-8.4306e-07
0.0027625	1.7798	-8.0575e-07
0.002775	1.7359	-7.7101e-07
0.0027875	1.6938	-7.3863e-07
0.0028	1.6522	-7.0842e-07
0.0028125	1.6123	-6.8023e-07
0.002825	1.5728	-6.5388e-07
0.0028375	1.5348	-6.2924e-07
0.00285	1.4973	-6.0617e-07
0.0028625	1.4611	-5.8455e-07
0.002875	1.4254	-5.6427e-07
0.0028875	1.3909	-5.4522e-07
0.0029	1.3569	-5.2731e-07
0.0029125	1.324	-5.1045e-07
0.002925	1.2915	-4.9456e-07
0.0029375	1.2601	-4.7956e-07
0.00295	1.229	-4.654e-07
0.0029625	1.1989	-4.5199e-07
0.002975	1.1692	-4.3929e-07
0.0029875	1.1405	-4.2725e-07
0.003	1.1121	-4.158e-07
0.0030125	1.0845	-4.049e-07
0.003025	1.0573	-3.9452e-07
0.0030375	1.0308	-3.8461e-07
0.00305	1.0048	-3.7514e-07
0.0030625	0.97942	-3.6606e-07
0.003075	0.95441	-3.5736e-07
0.0030875	0.93011	-3.49e-07
0.0031	0.90613	-3.4095e-07
0.0031125	0.88282	-3.332e-07
0.003125	0.85981	-3.2571e-07
0.0031375	0.83744	-3.1846e-07
0.00315	0.81537	-3.1145e-07
0.0031625	0.79391	-3.0464e-07
0.003175	0.77273	-2.9803e-07
0.0031875	0.75214	-2.916e-07
0.0032	0.73183	-2.8532e-07
0.0032125	0.71209	-2.7921e-07
0.003225	0.69261	-2.7322e-07
0.0032375	0.67368	-2.6737e-07
0.00325	0.65501	-2.6164e-07
0.0032625	0.63686	-2.5602e-07
0.003275	0.61897	-2.505e-07
0.0032875	0.60159	-2.4508e-07
0.0033	0.58445	-2.3975e-07
0.0033125	0.56781	-2.345e-07
0.003325	0.55141	-2.2932e-07
0.0033375	0.53548	-2.2423e-07
0.00335	0.51979	-2.192e-07
0.0033625	0.50456	-2.1424e-07
0.003375	0.48956	-2.0934e-07
0.0033875	0.47501	-2.045e-07
0.0034	0.46069	-1.9972e-07
0.0034125	0.4468	-1.95e-07
0.003425	0.43312	-1.9034e-07
0.0034375	0.41987	-1.8573e-07
0.00345	0.40683	-1.8117e-07
0.0034625	0.3942	-1.7666e-07
0.003475	0.38177	-1.7221e-07
0.0034875	0.36975	-1.6782e-07
0.0035	0.35792	-1.6347e-07
0.0035125	0.34648	-1.5918e-07
0.003525	0.33523	-1.5494e-07
0.0035375	0.32436	-1.5076e-07
0.00355	0.31367	-1.4663e-07
0.0035625	0.30336	-1.4256e-07
0.003575	0.29321	-1.3854e-07
0.0035875	0.28343	-1.3458e-07
0.0036	0.27381	-1.3068e-07
0.0036125	0.26454	-1.2684e-07
0.003625	0.25543	-1.2306e-07
0.0036375	0.24666	-1.1933e-07
0.00365	0.23804	-1.1567e-07
0.0036625	0.22975	-1.1208e-07
0.003675	0.2216	-1.0855e-07
0.0036875	0.21377	-1.0508e-07
0.0037	0.20609	-1.0167e-07
0.0037125	0.1987	-9.8337e-08
0.003725	0.19145	-9.5067e-08
0.0037375	0.1845	-9.1864e-08
0.00375	0.17767	-8.8728e-08
0.0037625	0.17112	-8.5661e-08
0.003775	0.1647	-8.2662e-08
0.0037875	0.15855	-7.9732e-08
0.0038	0.15251	-7.6872e-08
0.0038125	0.14673	-7.408e-08
0.003825	0.14107	-7.1358e-08
0.0038375	0.13565	-6.8705e-08
0.00385	0.13034	-6.6122e-08
0.0038625	0.12527	-6.3607e-08
0.003875	0.12029	-6.1161e-08
0.0038875	0.11554	-5.8783e-08
0.0039	0.11089	-5.6473e-08
0.0039125	0.10645	-5.423e-08
0.003925	0.10211	-5.2054e-08
0.0039375	0.097965	-4.9945e-08
0.00395	0.093909	-4.7901e-08
0.0039625	0.090047	-4.5921e-08
0.003975	0.086266	-4.4005e-08
0.0039875	0.082669	-4.2152e-08
0.004	0.079148	-4.0362e-08
0.0040125	0.075802	-3.8632e-08
0.004025	0.072528	-3.6962e-08
0.0040375	0.069419	-3.5351e-08
0.00405	0.066377	-3.3797e-08
0.0040625	0.063491	-3.23e-08
0.004075	0.060669	-3.0859e-08
0.0040875	0.057994	-2.9471e-08
0.0041	0.055378	-2.8137e-08
0.0041125	0.0529	-2.6854e-08
0.004125	0.050479	-2.5621e-08
0.0041375	0.048186	-2.4438e-08
0.00415	0.045947	-2.3302e-08
0.0041625	0.043829	-2.2213e-08
0.004175	0.04176	-2.1169e-08
0.0041875	0.039805	-2.0169e-08
0.0042	0.037897	-1.9211e-08
0.0042125	0.036094	-1.8295e-08
0.004225	0.034335	-1.7418e-08
0.0042375	0.032675	-1.6581e-08
0.00425	0.031056	-1.578e-08
0.0042625	0.029528	-1.5016e-08
0.004275	0.028039	-1.4286e-08
0.0042875	0.026636	-1.359e-08
0.0043	0.025268	-1.2927e-08
0.0043125	0.02398	-1.2295e-08
0.004325	0.022725	-1.1692e-08
0.0043375	0.021544	-1.1119e-08
0.00435	0.020394	-1.0574e-08
0.0043625	0.019312	-1.0055e-08
0.004375	0.018259	-9.5619e-09
0.0043875	0.017269	-9.0933e-09
0.0044	0.016307	-8.6484e-09
0.0044125	0.015403	-8.226e-09
0.004425	0.014524	-7.8252e-09
0.0044375	0.013699	-7.4452e-09
0.00445	0.012897	-7.0849e-09
0.0044625	0.012145	-6.7435e-09
0.004475	0.011415	-6.4202e-09
0.0044875	0.010731	-6.1142e-09
0.0045	0.010067	-5.8246e-09
0.0045125	0.0094446	-5.5507e-09
0.004525	0.008842	-5.2918e-09
0.0045375	0.0082771	-5.0471e-09
0.00455	0.0077309	-4.8161e-09
0.0045625	0.0072192	-4.5979e-09
0.004575	0.006725	-4.3921e-09
0.0045875	0.0062622	-4.1981e-09
0.0046	0.005816	-4.0152e-09
0.0046125	0.0053984	-3.8429e-09
0.004625	0.0049964	-3.6807e-09
0.0046375	0.0046206	-3.528e-09
0.00465	0.0042595	-3.3845e-09
0.0046625	0.0039222	-3.2497e-09
0.004675	0.0035988	-3.1231e-09
0.0046875	0.0032971	-3.0044e-09
0.0047	0.0030086	-2.8931e-09
0.0047125	0.0027399	-2.7889e-09
0.004725	0.0024838	-2.6915e-09
0.0047375	0.0022457	-2.6005e-09
0.00475	0.0020196	-2.5156e-09
0.0047625	0.0018099	-2.4366e-09
0.004775	0.0016117	-2.3631e-09
0.0047875	0.0014286	-2.295e-09
0.0048	0.0012565	-2.2319e-09
0.0048125	0.0010983	-2.1737e-09
0.004825	0.00095065	-2.1202e-09
0.0048375	0.00081578	-2.0711e-09
0.00485	0.00069123	-2.0263e-09
0.0048625	0.0005785	-1.9857e-09
0.004875	0.0004758	-1.9491e-09
0.0048875	0.00038416	-1.9164e-09
0.0049	0.00030232	-1.8874e-09
0.0049125	0.0002309	-1.862e-09
0.004925	0.00016909	-1.8403e-09
0.0049375	0.00011724	-1.822e-09
0.00495	7.4849e-05	-1.8071e-09
0.0049625	4.2068e-05	-1.7956e-09
0.004975	1.8667e-05	-1.7874e-09
0.0049875	4.6667e-06	-1.7825e-09
0.005	0	-1.7808e-09
