41142	57.828	-1.3641
40162	56.989	-1.4303
39194	56.206	-1.5005
38237	55.861	-1.575
37292	55.96	-1.6543
36359	56.399	-1.7385
35437	57.101	-1.8281
34527	58.004	-1.9237
33629	59.074	-2.0255
32742	60.278	-2.1341
31867	61.596	-2.2501
31003	63.038	-2.3741
30151	64.607	-2.5068
29311	66.296	-2.6489
28482	68.09	-2.8011
27665	69.999	-2.9644
26859	72.021	-3.1398
26066	74.151	-3.3282
25284	76.388	-3.531
24514	78.758	-3.7493
23755	81.276	-3.9847
23009	83.928	-4.2386
22274	86.729	-4.513
21552	89.677	-4.8097
20842	92.769	-5.1308
20143	96.023	-5.479
19457	99.482	-5.8566
18783	103.13	-6.2668
18121	106.95	-6.713
17471	110.95	-7.1987
16834	115.19	-7.7282
16209	119.71	-8.3059
15597	124.51	-8.9373
14997	129.52	-9.628
14410	134.79	-10.384
13835	140.38	-11.214
13273	146.31	-12.124
12724	152.53	-13.125
12187	159.16	-14.227
11663	166.19	-15.44
11153	173.62	-16.778
10655	181.39	-18.254
10170	189.72	-19.885
9698.9	198.53	-21.689
9240.5	207.88	-23.685
8795.4	217.64	-25.894
8363.5	228.04	-28.341
7945	238.91	-31.052
7539.8	250.47	-34.054
7148.1	262.45	-37.377
6769.8	275.15	-41.055
6405.1	288.15	-45.117
6053.8	301.82	-49.598
5716.2	315.62	-54.527
5392.2	329.99	-59.932
5081.8	344.2	-65.833
4785	358.84	-72.24
4501.9	372.94	-79.145
4232.4	387.36	-86.519
3976.6	400.85	-94.309
3734.3	414.65	-102.41
3505.6	427.15	-110.7
3290.1	439.86	-118.97
3087.9	450.81	-126.99
2898.4	461.75	-134.43
2721.6	470.32	-141.01
2556.8	478.38	-146.3
2403.6	483.43	-150.04
2261.4	487.32	-151.81
2129.6	488.88	-151.54
2007.5	490	-148.94
1894.4	490	-144.29
1789.5	490	-137.54
1692.3	490	-129.28
1601.9	490	-119.64
1517.8	490	-109.37
1439.4	490	-98.635
1366.1	490	-88.117
1297.5	490	-77.887
1233.1	490	-68.412
1172.5	490	-59.648
1115.5	490	-51.839
1061.8	490	-44.849
1011	490	-38.772
963	490	-33.438
917.6	490	-28.867
874.63	490	-24.895
833.94	490	-21.51
795.4	490	-18.582
758.89	490	-16.084
724.31	490	-13.925
691.57	490	-12.074
660.57	490	-10.472
631.24	490	-9.0911
603.5	490	-7.8922
577.29	490	-6.8543
552.54	490	-5.9503
529.18	490	-5.1645
507.16	490	-4.4785
486.42	490	-3.8807
466.92	490	-3.3582
448.59	490	-2.9022
431.38	490	-2.5038
415.25	490	-2.1562
400.16	490	-1.8529
386.04	490	-1.5886
372.85	490	-1.3588
360.56	490	-1.1592
349.11	490	-0.9862
338.46	490	-0.8367
328.56	490	-0.70776
319.39	490	-0.59691
310.88	490	-0.5019
303.01	490	-0.42072
295.74	490	-0.35157
289.02	490	-0.29291
282.82	490	-0.24328
277.11	490	-0.20146
271.86	490	-0.16633
267.03	490	-0.13693
262.59	490	-0.11241
258.52	490	-0.092029
254.78	490	-0.075143
251.36	490	-0.061196
248.22	490	-0.049715
245.35	490	-0.040294
242.73	490	-0.032582
240.33	490	-0.026289
238.14	490	-0.021168
236.14	490	-0.01701
234.31	490	-0.013643
232.65	490	-0.010922
231.13	490	-0.0087294
229.74	490	-0.0069653
228.48	490	-0.0055484
227.33	490	-0.0044128
226.29	490	-0.0035045
225.34	490	-0.0027793
224.47	490	-0.0022015
223.68	490	-0.0017416
222.96	490	-0.0013762
222.31	490	-0.0010862
221.72	490	-0.00085645
221.18	490	-0.00067464
220.69	490	-0.00053092
220.24	490	-0.00041747
219.84	490	-0.00032799
219.47	490	-0.0002575
219.13	490	-0.000202
218.83	490	-0.00015835
218.56	490	-0.00012406
218.3	490	-9.7123e-05
218.08	490	-7.5984e-05
217.87	490	-5.9399e-05
217.68	490	-4.64e-05
217.51	490	-3.6212e-05
217.36	490	-2.823e-05
217.22	490	-2.1979e-05
217.09	490	-1.7085e-05
216.97	490	-1.3254e-05
216.87	490	-1.0432e-05
216.77	490	-8.804e-06
216.69	490	-6.969e-06
216.61	490	-5.5117e-06
216.54	490	-4.3882e-06
216.47	490	-3.5072e-06
216.41	490	-2.8063e-06
216.36	490	-2.2588e-06
216.31	490	-1.8371e-06
216.27	490	-1.5018e-06
216.23	490	-1.2436e-06
216.19	490	-1.0412e-06
216.16	490	-8.803e-07
216.13	490	-7.5455e-07
216.1	490	-6.5762e-07
216.08	490	-5.8154e-07
216.05	490	-5.2078e-07
216.03	490	-4.7375e-07
216.01	490	-4.3599e-07
216	490	-4.0608e-07
215.98	490	-3.8255e-07
215.97	490	-3.6367e-07
215.96	490	-3.4793e-07
215.94	490	-3.3502e-07
215.93	490	-3.2413e-07
215.92	490	-3.1533e-07
215.91	490	-3.0811e-07
215.91	490	-3.0172e-07
215.9	490	-2.9521e-07
215.89	490	-2.8875e-07
215.89	490	-2.8211e-07
215.88	490	-2.7541e-07
215.88	490	-2.6878e-07
215.87	490	-2.6211e-07
215.87	490	-2.553e-07
215.86	490	-2.4848e-07
215.86	490	-2.4175e-07
215.86	490	-2.3491e-07
215.85	490	-2.282e-07
215.85	490	-2.215e-07
215.85	490	-2.1472e-07
215.84	490	-2.0798e-07
215.84	490	-2.0139e-07
215.84	490	-1.9475e-07
215.84	490	-1.8827e-07
215.84	490	-1.8187e-07
215.83	490	-1.7545e-07
215.83	490	-1.691e-07
215.83	490	-1.6295e-07
215.83	490	-1.568e-07
215.83	490	-1.5085e-07
215.83	490	-1.4501e-07
215.83	490	-1.3918e-07
215.82	490	-1.3348e-07
215.82	490	-1.2799e-07
215.82	490	-1.2253e-07
215.82	490	-1.1729e-07
215.82	490	-1.1218e-07
215.82	490	-1.0712e-07
215.82	490	-1.0219e-07
215.82	490	-9.7477e-08
215.82	490	-9.2897e-08
215.82	490	-8.8385e-08
215.82	490	-8.408e-08
215.81	490	-7.9843e-08
215.81	490	-7.5743e-08
215.81	490	-7.1843e-08
215.81	490	-6.8083e-08
215.81	490	-6.4393e-08
215.81	490	-6.0897e-08
215.81	490	-5.7476e-08
215.81	490	-5.4185e-08
215.81	490	-5.1075e-08
215.81	490	-4.809e-08
215.81	490	-4.5181e-08
215.81	490	-4.2439e-08
215.81	490	-3.9774e-08
215.81	490	-3.7227e-08
215.81	490	-3.4834e-08
215.81	490	-3.2551e-08
215.8	490	-3.0341e-08
215.8	490	-2.8239e-08
215.8	490	-2.6272e-08
215.8	490	-2.4376e-08
215.8	490	-2.2606e-08
215.8	490	-2.0929e-08
215.8	490	-1.9318e-08
215.8	490	-1.7797e-08
215.8	490	-1.6385e-08
215.8	490	-1.5034e-08
215.8	490	-1.3784e-08
215.8	490	-1.261e-08
215.8	490	-1.1492e-08
215.8	490	-1.0447e-08
215.8	490	-9.4857e-09
215.8	490	-8.5758e-09
215.8	490	-7.743e-09
215.8	490	-6.969e-09
215.8	490	-6.2412e-09
215.8	490	-5.5687e-09
215.8	490	-4.9592e-09
215.79	490	-4.3986e-09
215.79	490	-3.8766e-09
215.79	490	-3.4074e-09
215.79	490	-2.9734e-09
215.79	490	-2.5801e-09
215.79	490	-2.2303e-09
215.79	490	-1.9155e-09
215.79	490	-1.6291e-09
215.79	490	-1.378e-09
215.79	490	-1.1521e-09
215.79	490	-9.5352e-10
215.79	490	-7.8277e-10
215.79	490	-6.3462e-10
215.79	490	-5.0536e-10
215.79	490	-3.9723e-10
215.79	490	-3.0498e-10
215.79	490	-2.2872e-10
215.79	490	-1.6765e-10
215.79	490	-1.1886e-10
215.79	490	-8.0297e-11
215.79	490	-5.1316e-11
215.79	490	-3.0718e-11
215.79	490	-1.6438e-11
215.79	490	-7.655e-12
215.79	490	-2.954e-12
215.79	490	-9.274e-13
215.79	490	-4.8951e-13
215.79	490	-5.0654e-13
215.79	490	8.8892e-14
215.79	490	2.2726e-12
215.78	490	6.9778e-12
215.78	490	1.5251e-11
215.78	490	2.7914e-11
215.78	490	4.5465e-11
215.78	490	6.9232e-11
215.78	490	9.9161e-11
215.78	490	1.3623e-10
215.78	490	1.8183e-10
215.78	490	2.3601e-10
215.78	490	2.9823e-10
215.78	490	3.7098e-10
215.78	490	4.5238e-10
215.78	490	5.4394e-10
215.78	490	6.477e-10
215.78	490	7.6258e-10
215.78	490	8.8686e-10
215.78	490	1.0224e-09
215.78	490	1.1719e-09
215.78	490	1.3309e-09
215.78	490	1.5044e-09
215.78	490	1.6903e-09
215.78	490	1.8853e-09
215.78	490	2.0923e-09
215.78	490	2.315e-09
215.78	490	2.5462e-09
215.78	490	2.7933e-09
215.78	490	3.0526e-09
215.78	490	3.3197e-09
215.78	490	3.6029e-09
215.78	490	3.8932e-09
215.78	490	4.1997e-09
215.78	490	4.5124e-09
215.78	490	4.836e-09
215.78	490	5.1756e-09
215.78	490	5.5202e-09
215.78	490	5.881e-09
215.78	490	6.2512e-09
215.78	490	6.6252e-09
215.78	490	7.0146e-09
215.78	490	7.4065e-09
215.78	490	7.8134e-09
215.78	490	8.222e-09
215.78	490	8.638e-09
215.78	490	9.0685e-09
215.78	490	9.4986e-09
215.78	490	9.9422e-09
215.78	490	1.0385e-08
215.78	490	1.084e-08
215.78	490	1.1301e-08
215.78	490	1.1758e-08
215.78	490	1.2228e-08
215.78	490	1.2694e-08
215.78	490	1.3171e-08
215.78	490	1.3643e-08
215.78	490	1.4117e-08
215.78	490	1.46e-08
215.78	490	1.5078e-08
215.78	490	1.5564e-08
215.78	490	1.6043e-08
215.78	490	1.653e-08
215.78	490	1.7015e-08
215.78	490	1.7493e-08
215.78	490	1.7977e-08
215.78	490	1.8451e-08
215.78	490	1.8929e-08
215.78	490	1.9398e-08
215.78	490	1.9863e-08
215.78	490	2.0333e-08
215.78	490	2.079e-08
215.78	490	2.125e-08
215.78	490	2.1698e-08
215.78	490	2.2147e-08
215.78	490	2.2591e-08
215.78	490	2.3021e-08
215.78	490	2.3451e-08
215.78	490	2.3867e-08
215.78	490	2.4276e-08
215.78	490	2.4683e-08
215.78	490	2.5076e-08
215.78	490	2.5465e-08
215.78	490	2.584e-08
215.78	490	2.6211e-08
215.78	490	2.6573e-08
215.78	490	2.6919e-08
215.78	490	2.7259e-08
215.78	490	2.7584e-08
215.78	490	2.7903e-08
215.78	490	2.8205e-08
215.78	490	2.8496e-08
215.78	490	2.878e-08
215.78	490	2.9048e-08
215.78	490	2.9306e-08
215.78	490	2.9549e-08
215.78	490	2.9783e-08
215.78	490	3.0003e-08
215.78	490	3.0207e-08
215.78	490	3.0401e-08
215.78	490	3.0578e-08
215.78	490	3.0744e-08
215.78	490	3.0894e-08
215.78	490	3.103e-08
215.78	490	3.1154e-08
215.78	490	3.1262e-08
215.78	490	3.1357e-08
215.78	490	3.1437e-08
215.78	490	3.1503e-08
215.78	490	3.1555e-08
215.78	490	3.1591e-08
215.78	490	3.1613e-08
215.78	490	3.162e-08
