50000	46.145	1.0967e-15
49097	44.824	-0.00018682
48203	43.622	-0.00034444
47317	43.319	-0.00046415
46440	43.262	-0.00055678
45571	43.245	-0.00062956
44710	43.584	-0.00069006
43858	44.015	-0.00074338
43014	44.336	-0.00079104
42178	44.974	-0.00083511
41350	45.666	-0.00087743
40531	46.196	-0.00091804
39720	47.03	-0.00095766
38917	47.9	-0.00099727
38122	48.579	-0.0010366
37336	49.569	-0.0010759
36558	50.598	-0.001116
35788	51.426	-0.0011564
35027	52.569	-0.0011973
34273	53.731	-0.0012394
33529	54.689	-0.0012821
32792	55.996	-0.0013257
32064	57.325	-0.0013706
31344	58.438	-0.0014165
30632	59.9	-0.0014636
29929	61.359	-0.001512
29234	62.595	-0.0015618
28548	64.282	-0.0016128
27870	65.985	-0.0016655
27201	67.365	-0.0017196
26539	69.159	-0.0017751
25887	71.031	-0.0018326
25243	72.691	-0.0018915
24607	74.772	-0.0019522
23980	76.825	-0.0020147
23362	78.63	-0.0020792
22751	80.97	-0.0021454
22150	83.326	-0.0022137
21557	85.34	-0.002284
20973	87.942	-0.0023563
20397	90.635	-0.0024309
19831	92.96	-0.0025074
19272	95.858	-0.0025862
18723	98.835	-0.0026674
18182	101.48	-0.0027506
17650	104.72	-0.0028363
17126	108.06	-0.0029243
16612	111.13	-0.0030146
16106	114.86	-0.0031071
15609	118.62	-0.003202
15120	122.08	-0.0032994
14641	126.31	-0.0033987
14170	130.57	-0.0035004
13708	134.44	-0.0036045
13255	139.24	-0.0037102
12811	144.14	-0.0038182
12376	148.59	-0.0039274
11950	153.99	-0.0040387
11532	159.55	-0.0041513
11124	164.75	-0.0042648
10724	170.89	-0.0043788
10334	177.14	-0.0044935
9952	183	-0.0046085
9579.1	190.06	-0.0047222
9215.1	197.33	-0.0048357
8860	204.08	-0.0049462
8513.8	211.95	-0.0050552
8176.5	220.02	-0.0051605
7848	227.82	-0.0052622
7528.4	236.97	-0.0053578
7217.5	246.25	-0.0054471
6915.4	254.91	-0.0055291
6622	265.02	-0.0056023
6337.2	275.56	-0.0056652
6061.1	285.73	-0.0057159
5793.6	297.2	-0.0057525
5534.6	308.83	-0.0057739
5284	319.96	-0.0057798
5041.7	332.8	-0.0057652
4807.7	345.95	-0.0057317
4581.9	358.32	-0.0056741
4364.1	372.04	-0.0055951
4154.2	385.97	-0.0054902
3952.2	399.36	-0.0053619
3757.8	414.13	-0.0052055
3571	428.8	-0.0050233
3391.6	442.23	-0.0048165
3219.5	456.79	-0.0045856
3054.4	471.42	-0.0043327
2896.3	484.89	-0.0040592
2744.9	498.69	-0.0037686
2600.2	511.22	-0.0034656
2461.9	522.88	-0.0031563
2329.9	533.5	-0.0028416
2204	542.68	-0.0025299
2084	550.62	-0.002223
1969.8	557.47	-0.0019291
1861.1	563.38	-0.0016505
1757.9	568.47	-0.0013903
1659.9	572.86	-0.0011514
1566.9	576.63	-0.00093592
1478.8	579.88	-0.00074489
1395.3	582.67	-0.0005781
1316.3	585.06	-0.00043469
1241.5	587.12	-0.00031279
1170.8	588.9	-0.00021164
1104	590.42	-0.00012851
1040.9	591.73	-6.1767e-05
981.33	592.85	-8.746e-06
925.05	593.82	3.2229e-05
871.91	594.66	6.3249e-05
821.74	595.37	8.5821e-05
774.37	595.99	0.00010154
729.64	596.53	0.00011168
687.41	596.99	0.00011733
647.53	597.39	0.00011944
609.87	597.73	0.00011881
574.3	598.03	0.00011612
540.7	598.29	0.00011187
508.96	598.52	0.00010657
478.99	598.71	0.0001005
450.68	598.88	9.3975e-05
423.94	599.02	8.725e-05
398.7	599.15	8.0493e-05
374.88	599.26	7.3827e-05
352.4	599.36	6.7303e-05
331.2	599.44	6.1087e-05
311.21	599.51	5.5151e-05
292.39	599.58	4.9602e-05
274.69	599.63	4.4371e-05
258.04	599.68	3.9516e-05
242.4	599.72	3.5056e-05
227.73	599.76	3.0931e-05
213.98	599.79	2.7175e-05
201.13	599.81	2.3734e-05
189.11	599.84	2.0637e-05
177.91	599.86	1.7843e-05
167.47	599.87	1.533e-05
157.77	599.89	1.3085e-05
148.76	599.9	1.1092e-05
140.42	599.91	9.3423e-06
132.7	599.92	7.7998e-06
125.56	599.93	6.4613e-06
118.99	599.94	5.299e-06
112.94	599.94	4.3081e-06
107.38	599.95	3.4664e-06
102.27	599.96	2.7557e-06
97.597	599.96	2.167e-06
93.318	599.96	1.6814e-06
89.407	599.97	1.2888e-06
85.838	599.97	9.7284e-07
82.584	599.97	7.2342e-07
79.62	599.97	5.2987e-07
76.924	599.98	3.8203e-07
74.474	599.98	2.7109e-07
72.249	599.98	1.8916e-07
70.23	599.98	1.3029e-07
68.399	599.98	8.8524e-08
66.74	599.98	5.9556e-08
65.238	599.98	3.9452e-08
63.878	599.98	2.5397e-08
62.648	599.98	1.5134e-08
61.536	599.98	6.9556e-09
60.53	599.98	-3.5266e-10
59.622	599.99	-7.6403e-09
58.801	599.99	-1.5382e-08
58.06	599.99	-2.3883e-08
57.391	599.99	-3.3249e-08
56.787	599.99	-4.3456e-08
56.242	599.99	-5.4383e-08
55.75	599.99	-6.5821e-08
55.306	599.99	-7.7634e-08
54.906	599.99	-8.9547e-08
54.544	599.99	-1.014e-07
54.218	599.99	-1.1293e-07
53.923	599.99	-1.2397e-07
53.658	599.99	-1.3439e-07
53.418	599.99	-1.4403e-07
53.201	599.99	-1.5278e-07
53.005	599.99	-1.6054e-07
52.829	599.99	-1.6729e-07
52.669	599.99	-1.7296e-07
52.524	599.99	-1.7754e-07
52.394	599.99	-1.8104e-07
52.276	599.99	-1.8348e-07
52.169	599.99	-1.849e-07
52.072	599.99	-1.8532e-07
51.984	599.99	-1.8484e-07
51.904	599.99	-1.8348e-07
51.832	599.99	-1.8133e-07
51.766	599.99	-1.7846e-07
51.706	599.99	-1.7495e-07
51.652	599.99	-1.7087e-07
51.602	599.99	-1.6631e-07
51.557	599.99	-1.613e-07
51.515	599.99	-1.5598e-07
51.478	599.99	-1.5037e-07
51.443	599.99	-1.4455e-07
51.411	599.99	-1.3857e-07
51.382	599.99	-1.3249e-07
51.354	599.99	-1.2638e-07
51.329	599.99	-1.2025e-07
51.306	599.99	-1.1418e-07
51.285	599.99	-1.0817e-07
51.265	599.99	-1.0228e-07
51.246	599.99	-9.6528e-08
51.229	599.99	-9.0922e-08
51.213	599.99	-8.5492e-08
51.198	599.99	-8.0249e-08
51.183	599.99	-7.5224e-08
51.17	599.99	-7.0393e-08
51.157	599.99	-6.5778e-08
51.145	599.99	-6.1385e-08
51.133	599.99	-5.7213e-08
51.122	599.99	-5.3258e-08
51.112	599.99	-4.9506e-08
51.102	599.99	-4.5974e-08
51.092	599.99	-4.264e-08
51.083	599.99	-3.9515e-08
51.074	599.99	-3.657e-08
51.066	599.99	-3.3811e-08
51.057	599.99	-3.1229e-08
51.049	599.99	-2.8817e-08
51.041	599.99	-2.6564e-08
51.034	599.99	-2.4456e-08
51.026	599.99	-2.2498e-08
51.019	599.99	-2.0671e-08
51.012	599.99	-1.8976e-08
51.005	599.99	-1.7397e-08
50.998	599.99	-1.5929e-08
50.992	599.99	-1.4572e-08
50.985	599.99	-1.331e-08
50.979	599.99	-1.2143e-08
50.972	599.99	-1.1059e-08
50.966	599.99	-1.006e-08
50.96	599.99	-9.1351e-09
50.954	599.99	-8.2809e-09
50.948	599.99	-7.4922e-09
50.942	599.99	-6.7652e-09
50.937	599.99	-6.0964e-09
50.931	599.99	-5.482e-09
50.925	599.99	-4.9118e-09
50.92	599.99	-4.3993e-09
50.914	599.99	-3.9246e-09
50.909	599.99	-3.4871e-09
50.903	599.99	-3.0953e-09
50.898	599.99	-2.7348e-09
50.893	599.99	-2.4071e-09
50.888	599.99	-2.1133e-09
50.883	599.99	-1.8423e-09
50.877	599.99	-1.5983e-09
50.872	599.99	-1.3833e-09
50.867	599.99	-1.1887e-09
50.863	599.99	-1.0138e-09
50.858	599.99	-8.6141e-10
50.853	599.99	-7.2534e-10
50.848	599.99	-6.0566e-10
50.843	599.99	-5.0222e-10
50.839	599.99	-4.1053e-10
50.834	599.99	-3.3167e-10
50.83	599.99	-2.6556e-10
50.825	599.99	-2.0901e-10
50.821	599.99	-1.6163e-10
50.816	599.99	-1.2289e-10
50.812	599.99	-9.0666e-11
50.808	599.99	-6.5134e-11
50.803	599.99	-4.5382e-11
50.799	599.99	-2.9979e-11
50.795	599.99	-1.8673e-11
50.791	599.99	-1.0853e-11
50.787	599.99	-5.6181e-12
50.783	599.99	-2.4432e-12
50.779	599.99	-8.012e-13
50.775	599.99	-1.2927e-13
50.771	599.99	3.9879e-16
50.767	599.99	2.7641e-14
50.763	599.99	3.4466e-13
50.76	599.99	1.3144e-12
50.756	599.99	3.2004e-12
50.752	599.99	6.3368e-12
50.749	599.99	1.0938e-11
50.745	599.99	1.7155e-11
50.742	599.99	2.5357e-11
50.738	599.99	3.5498e-11
50.735	599.99	4.7625e-11
50.732	599.99	6.2221e-11
50.728	599.99	7.9142e-11
50.725	599.99	9.8002e-11
50.722	599.99	1.1941e-10
50.719	599.99	1.4313e-10
50.715	599.99	1.6887e-10
50.712	599.99	1.9741e-10
50.709	599.99	2.2821e-10
50.706	599.99	2.6049e-10
50.703	599.99	2.9517e-10
50.7	599.99	3.3214e-10
50.698	599.99	3.7018e-10
50.695	599.99	4.1035e-10
50.692	599.99	4.5209e-10
50.689	599.99	4.9482e-10
50.687	599.99	5.3974e-10
50.684	599.99	5.8585e-10
50.681	599.99	6.3201e-10
50.679	599.99	6.7958e-10
50.676	599.99	7.2828e-10
50.674	599.99	7.7658e-10
50.671	599.99	8.2579e-10
50.669	599.99	8.7525e-10
50.667	599.99	9.2428e-10
50.664	599.99	9.7426e-10
50.662	599.99	1.024e-09
50.66	599.99	1.0724e-09
50.658	599.99	1.121e-09
50.655	599.99	1.1693e-09
50.653	599.99	1.216e-09
50.651	599.99	1.2623e-09
50.649	599.99	1.3076e-09
50.647	599.99	1.3514e-09
50.645	599.99	1.3948e-09
50.643	599.99	1.4371e-09
50.641	599.99	1.477e-09
50.639	599.99	1.516e-09
50.638	599.99	1.5536e-09
50.636	599.99	1.589e-09
50.634	599.99	1.6232e-09
50.632	599.99	1.6555e-09
50.631	599.99	1.6858e-09
50.629	599.99	1.7149e-09
50.627	599.99	1.742e-09
50.626	599.99	1.7668e-09
50.624	599.99	1.7899e-09
50.623	599.99	1.8111e-09
50.621	599.99	1.8301e-09
50.62	599.99	1.8475e-09
50.618	599.99	1.8628e-09
50.617	599.99	1.876e-09
50.615	599.99	1.8875e-09
50.614	599.99	1.897e-09
50.613	599.99	1.9045e-09
50.611	599.99	1.9102e-09
50.61	599.99	1.914e-09
50.609	599.99	1.916e-09
50.608	599.99	1.9161e-09
50.606	599.99	1.9146e-09
50.605	599.99	1.9113e-09
50.604	599.99	1.9062e-09
50.603	599.99	1.8995e-09
50.602	599.99	1.8914e-09
50.601	599.99	1.8817e-09
50.6	599.99	1.8705e-09
50.599	599.99	1.858e-09
50.598	599.99	1.8439e-09
50.597	599.99	1.8286e-09
50.596	599.99	1.8123e-09
50.595	599.99	1.7944e-09
50.594	599.99	1.7753e-09
50.593	599.99	1.7556e-09
50.592	599.99	1.7346e-09
50.591	599.99	1.7128e-09
50.591	599.99	1.6902e-09
50.59	599.99	1.6664e-09
50.589	599.99	1.6417e-09
50.588	599.99	1.617e-09
50.587	599.99	1.5912e-09
50.587	599.99	1.5646e-09
50.586	599.99	1.538e-09
50.585	599.99	1.5106e-09
50.585	599.99	1.4828e-09
50.584	599.99	1.455e-09
50.583	599.99	1.4262e-09
50.583	599.99	1.3972e-09
50.582	599.99	1.3685e-09
50.582	599.99	1.3393e-09
50.581	599.99	1.3098e-09
50.58	599.99	1.2806e-09
50.58	599.99	1.2512e-09
50.579	599.99	1.2218e-09
50.579	599.99	1.1928e-09
50.578	599.99	1.1632e-09
50.578	599.99	1.1337e-09
50.577	599.99	1.1049e-09
50.577	599.99	1.0761e-09
50.576	599.99	1.0471e-09
50.576	599.99	1.0189e-09
50.575	599.99	9.9078e-10
50.575	599.99	9.6291e-10
50.575	599.99	9.3563e-10
50.574	599.99	9.0815e-10
50.574	599.99	8.8102e-10
50.573	599.99	8.5481e-10
50.573	599.99	8.2871e-10
50.573	599.99	8.0301e-10
50.572	599.99	7.7802e-10
50.572	599.99	7.5296e-10
50.572	599.99	7.2857e-10
50.571	599.99	7.0492e-10
50.571	599.99	6.8125e-10
50.571	599.99	6.5807e-10
50.571	599.99	6.3583e-10
50.57	599.99	6.1384e-10
50.57	599.99	5.9234e-10
50.57	599.99	5.7156e-10
50.569	599.99	5.5088e-10
50.569	599.99	5.3087e-10
50.569	599.99	5.116e-10
50.569	599.99	4.9242e-10
50.568	599.99	4.7377e-10
50.568	599.99	4.5598e-10
50.568	599.99	4.3848e-10
50.568	599.99	4.2148e-10
50.568	599.99	4.0515e-10
50.567	599.99	3.8897e-10
50.567	599.99	3.7342e-10
50.567	599.99	3.5852e-10
50.567	599.99	3.4378e-10
50.567	599.99	3.295e-10
50.567	599.99	3.1597e-10
50.566	599.99	3.0273e-10
50.566	599.99	2.8993e-10
50.566	599.99	2.7768e-10
50.566	599.99	2.6563e-10
50.566	599.99	2.5399e-10
50.566	599.99	2.4298e-10
50.566	599.99	2.3225e-10
50.565	599.99	2.2182e-10
50.565	599.99	2.1196e-10
50.565	599.99	2.0237e-10
50.565	599.99	1.9314e-10
50.565	599.99	1.8435e-10
50.565	599.99	1.7574e-10
50.565	599.99	1.6746e-10
50.565	599.99	1.5966e-10
50.564	599.99	1.5209e-10
50.564	599.99	1.4477e-10
50.564	599.99	1.3787e-10
50.564	599.99	1.312e-10
50.564	599.99	1.248e-10
50.564	599.99	1.1873e-10
50.564	599.99	1.1281e-10
50.564	599.99	1.0714e-10
50.564	599.99	1.0182e-10
50.564	599.99	9.6683e-11
50.564	599.99	9.1727e-11
50.564	599.99	8.7083e-11
50.564	599.99	8.2601e-11
50.563	599.99	7.8322e-11
50.563	599.99	7.4283e-11
50.563	599.99	7.0351e-11
50.563	599.99	6.6604e-11
50.563	599.99	6.3105e-11
50.563	599.99	5.9733e-11
50.563	599.99	5.6495e-11
50.563	599.99	5.3472e-11
50.563	599.99	5.0564e-11
50.563	599.99	4.7799e-11
50.563	599.99	4.5198e-11
50.563	599.99	4.2676e-11
50.563	599.99	4.028e-11
50.563	599.99	3.805e-11
50.563	599.99	3.5911e-11
50.563	599.99	3.388e-11
50.563	599.99	3.1975e-11
50.563	599.99	3.0131e-11
50.563	599.99	2.8399e-11
50.563	599.99	2.6778e-11
50.563	599.99	2.5209e-11
50.563	599.99	2.3725e-11
50.563	599.99	2.2348e-11
50.563	599.99	2.1032e-11
50.562	599.99	1.9786e-11
50.562	599.99	1.8621e-11
50.562	599.99	1.7497e-11
50.562	599.99	1.6446e-11
50.562	599.99	1.5465e-11
50.562	599.99	1.4518e-11
50.562	599.99	1.3626e-11
50.562	599.99	1.2801e-11
50.562	599.99	1.2013e-11
50.562	599.99	1.1266e-11
50.562	599.99	1.0573e-11
50.562	599.99	9.915e-12
50.562	599.99	9.2892e-12
50.562	599.99	8.7113e-12
50.562	599.99	8.1618e-12
50.562	599.99	7.6446e-12
50.562	599.99	7.1634e-12
50.562	599.99	6.7018e-12
50.562	599.99	6.2719e-12
50.562	599.99	5.8726e-12
50.562	599.99	5.4896e-12
50.562	599.99	5.1302e-12
50.562	599.99	4.7996e-12
50.562	599.99	4.4858e-12
50.562	599.99	4.189e-12
50.562	599.99	3.916e-12
50.562	599.99	3.6572e-12
50.562	599.99	3.4126e-12
50.562	599.99	3.1878e-12
50.562	599.99	2.975e-12
50.562	599.99	2.7757e-12
50.562	599.99	2.5912e-12
50.562	599.99	2.415e-12
50.562	599.99	2.2516e-12
50.562	599.99	2.1006e-12
50.562	599.99	1.9564e-12
50.562	599.99	1.8229e-12
50.562	599.99	1.6996e-12
50.562	599.99	1.5819e-12
50.562	599.99	1.4721e-12
50.562	599.99	1.3717e-12
50.562	599.99	1.2769e-12
50.562	599.99	1.1875e-12
50.562	599.99	1.1059e-12
50.562	599.99	1.029e-12
50.562	599.99	9.5652e-13
50.562	599.99	8.9031e-13
50.562	599.99	8.2795e-13
50.562	599.99	7.6985e-13
50.562	599.99	7.163e-13
50.562	599.99	6.6541e-13
50.562	599.99	6.1848e-13
50.562	599.99	5.7527e-13
50.562	599.99	5.3424e-13
50.562	599.99	4.964e-13
50.562	599.99	4.6161e-13
50.562	599.99	4.2858e-13
50.562	599.99	3.9789e-13
50.562	599.99	3.6993e-13
50.562	599.99	3.4364e-13
50.562	599.99	3.1902e-13
50.562	599.99	2.9657e-13
50.562	599.99	2.755e-13
50.562	599.99	2.5576e-13
50.562	599.99	2.3778e-13
50.562	599.99	2.209e-13
50.562	599.99	2.0524e-13
50.562	599.99	1.9086e-13
50.562	599.99	1.7724e-13
50.562	599.99	1.6472e-13
50.562	599.99	1.5323e-13
50.562	599.99	1.4235e-13
50.562	599.99	1.3236e-13
50.562	599.99	1.232e-13
50.562	599.99	1.1452e-13
50.562	599.99	1.0647e-13
50.562	599.99	9.9172e-14
50.562	599.99	9.2322e-14
50.562	599.99	8.592e-14
50.562	599.99	8.0096e-14
50.562	599.99	7.4641e-14
50.562	599.99	6.9585e-14
50.562	599.99	6.4948e-14
50.562	599.99	6.0562e-14
50.562	599.99	5.6534e-14
50.562	599.99	5.2844e-14
50.562	599.99	4.9353e-14
50.562	599.99	4.6147e-14
50.562	599.99	4.321e-14
50.562	599.99	4.0429e-14
50.562	599.99	3.7856e-14
50.562	599.99	3.5518e-14
50.562	599.99	3.3326e-14
50.562	599.99	3.1279e-14
50.562	599.99	2.9417e-14
50.562	599.99	2.7672e-14
50.562	599.99	2.6041e-14
50.562	599.99	2.4557e-14
50.562	599.99	2.3169e-14
50.562	599.99	2.1881e-14
50.562	599.99	2.0701e-14
50.562	599.99	1.9585e-14
50.562	599.99	1.8561e-14
50.562	599.99	1.7623e-14
50.562	599.99	1.6736e-14
50.562	599.99	1.5922e-14
50.562	599.99	1.5177e-14
50.562	599.99	1.4474e-14
50.562	599.99	1.3824e-14
50.562	599.99	1.3235e-14
50.562	599.99	1.2685e-14
50.562	599.99	1.2173e-14
50.562	599.99	1.1711e-14
50.562	599.99	1.128e-14
50.562	599.99	1.0882e-14
50.562	599.99	1.0523e-14
50.562	599.99	1.0191e-14
50.562	599.99	9.8874e-15
50.562	599.99	9.6145e-15
50.562	599.99	9.362e-15
50.562	599.99	9.1364e-15
50.562	599.99	8.9365e-15
50.562	599.99	8.7548e-15
50.562	599.99	8.5964e-15
50.562	599.99	8.4601e-15
50.562	599.99	8.3406e-15
50.562	599.99	8.2409e-15
50.562	599.99	8.1616e-15
50.562	599.99	8.0996e-15
50.562	599.99	8.0552e-15
50.562	599.99	8.0291e-15
50.562	599.99	8.0205e-15
